3; POLYGON((489486.718579 5879983.718930, 489503.638074 5879983.718930, 489503.638074 5879994.067058, 489486.718579 5879994.067058, 489486.718579 5879983.718930))
3; POLYGON((489437.200000 5879930.979315, 489470.841956 5879930.979315, 489470.841956 5879957.222333, 489437.200000 5879957.222333, 489437.200000 5879930.979315))
4; POLYGON((489472.834070 5879988.530644, 489486.539999 5879988.530644, 489486.539999 5879997.864168, 489472.834070 5879997.864168, 489472.834070 5879988.530644))
3; POLYGON((489475.453949 5879910.300000, 489493.227863 5879910.300000, 489493.227863 5879922.466400, 489475.453949 5879922.466400, 489475.453949 5879910.300000))
3; POLYGON((489486.748267 5879985.330576, 489496.517035 5879985.330576, 489496.517035 5879994.100517, 489486.748267 5879994.100517, 489486.748267 5879985.330576))
3; POLYGON((489486.136368 5880002.598106, 489514.214441 5880002.598106, 489514.214441 5880010.292328, 489486.136368 5880010.292328, 489486.136368 5880002.598106))
3; POLYGON((489481.658542 5879920.307648, 489523.999951 5879920.307648, 489523.999951 5879942.102240, 489481.658542 5879942.102240, 489481.658542 5879920.307648))
3; POLYGON((489437.200000 5879979.807755, 489441.360707 5879979.807755, 489441.360707 5879996.656929, 489437.200000 5879996.656929, 489437.200000 5879979.807755))
4; POLYGON((489437.250086 5879992.253291, 489472.749316 5879992.253291, 489472.749316 5880009.254664, 489437.250086 5880009.254664, 489437.250086 5879992.253291))
3; POLYGON((489475.750290 5880002.420015, 489514.319629 5880002.420015, 489514.319629 5880010.300000, 489475.750290 5880010.300000, 489475.750290 5880002.420015))
3; POLYGON((489445.932864 5879910.300000, 489464.791473 5879910.300000, 489464.791473 5879929.106165, 489445.932864 5879929.106165, 489445.932864 5879910.300000))
3; POLYGON((489437.206071 5879980.715234, 489440.941396 5879980.715234, 489440.941396 5879996.592200, 489437.206071 5879996.592200, 489437.206071 5879980.715234))
3; POLYGON((489470.249786 5880002.422626, 489514.350281 5880002.422626, 489514.350281 5880010.299126, 489470.249786 5880010.299126, 489470.249786 5880002.422626))
