3; POLYGON((488772.039075 5879937.032129, 488790.668048 5879937.032129, 488790.668048 5879956.026459, 488772.039075 5879956.026459, 488772.039075 5879937.032129))
3; POLYGON((488743.175187 5879969.441568, 488759.857620 5879969.441568, 488759.857620 5879993.894412, 488743.175187 5879993.894412, 488743.175187 5879969.441568))
3; POLYGON((488737.205767 5879940.023920, 488743.204977 5879940.023920, 488743.204977 5879961.408826, 488737.205767 5879961.408826, 488737.205767 5879940.023920))
3; POLYGON((488803.271887 5879926.874744, 488823.760461 5879926.874744, 488823.760461 5879942.011847, 488803.271887 5879942.011847, 488803.271887 5879926.874744))
3; POLYGON((488737.202234 5879936.723840, 488743.134511 5879936.723840, 488743.134511 5879961.778473, 488737.202234 5879961.778473, 488737.202234 5879936.723840))
3; POLYGON((488782.768362 5879968.527954, 488800.668646 5879968.527954, 488800.668646 5879989.444949, 488782.768362 5879989.444949, 488782.768362 5879968.527954))
3; POLYGON((488811.349890 5879925.659821, 488837.200000 5879925.659821, 488837.200000 5879963.579086, 488811.349890 5879963.579086, 488811.349890 5879925.659821))
3; POLYGON((488737.209926 5879931.195782, 488743.201146 5879931.195782, 488743.201146 5879961.456055, 488737.209926 5879961.456055, 488737.209926 5879931.195782))
3; POLYGON((488791.053296 5879986.907843, 488813.276660 5879986.907843, 488813.276660 5880010.283588, 488791.053296 5880010.283588, 488791.053296 5879986.907843))
4; POLYGON((488755.905080 5880003.356538, 488770.576538 5880003.356538, 488770.576538 5880010.300000, 488755.905080 5880010.300000, 488755.905080 5880003.356538))
3; POLYGON((488737.204572 5879927.296509, 488743.167781 5879927.296509, 488743.167781 5879961.447198, 488737.204572 5879961.447198, 488737.204572 5879927.296509))
3; POLYGON((488832.007617 5879926.060028, 488837.200000 5879926.060028, 488837.200000 5879946.197919, 488832.007617 5879946.197919, 488832.007617 5879926.060028))
3; POLYGON((488811.591205 5879917.949188, 488837.185175 5879917.949188, 488837.185175 5879963.628027, 488811.591205 5879963.628027, 488811.591205 5879917.949188))
4; POLYGON((488799.642157 5879926.564050, 488804.165649 5879926.564050, 488804.165649 5879932.426843, 488799.642157 5879932.426843, 488799.642157 5879926.564050))
