3; POLYGON((491309.667706 5881767.672662, 491321.525629 5881767.672662, 491321.525629 5881778.836020, 491309.667706 5881778.836020, 491309.667706 5881767.672662))
3; POLYGON((491296.063208 5881732.571436, 491311.728949 5881732.571436, 491311.728949 5881749.940967, 491296.063208 5881749.940967, 491296.063208 5881732.571436))
3; POLYGON((491253.368266 5881746.424774, 491272.365683 5881746.424774, 491272.365683 5881770.856705, 491253.368266 5881770.856705, 491253.368266 5881746.424774))
3; POLYGON((491325.630219 5881804.506178, 491337.187024 5881804.506178, 491337.187024 5881810.293690, 491325.630219 5881810.293690, 491325.630219 5881804.506178))
3; POLYGON((491238.372623 5881754.275757, 491253.213031 5881754.275757, 491253.213031 5881769.627600, 491238.372623 5881769.627600, 491238.372623 5881754.275757))
3; POLYGON((491314.006873 5881731.008984, 491326.295709 5881731.008984, 491326.295709 5881746.553589, 491314.006873 5881746.553589, 491314.006873 5881731.008984))
3; POLYGON((491273.666226 5881738.885840, 491290.358337 5881738.885840, 491290.358337 5881758.262744, 491273.666226 5881758.262744, 491273.666226 5881738.885840))
3; POLYGON((491290.537439 5881803.819727, 491303.594836 5881803.819727, 491303.594836 5881810.297558, 491290.537439 5881810.297558, 491290.537439 5881803.819727))
3; POLYGON((491274.851822 5881739.297546, 491289.790942 5881739.297546, 491289.790942 5881756.109961, 491274.851822 5881756.109961, 491274.851822 5881739.297546))
4; POLYGON((491249.382570 5881755.397339, 491254.450865 5881755.397339, 491254.450865 5881763.618127, 491249.382570 5881763.618127, 491249.382570 5881755.397339))
