4; POLYGON((490637.200000 5879969.702057, 490650.010477 5879969.702057, 490650.010477 5879983.919833, 490637.200000 5879983.919833, 490637.200000 5879969.702057))
4; POLYGON((490637.200000 5879934.550085, 490659.160219 5879934.550085, 490659.160219 5879958.363995, 490637.200000 5879958.363995, 490637.200000 5879934.550085))
4; POLYGON((490654.686763 5879918.393707, 490671.848941 5879918.393707, 490671.848941 5879936.397913, 490654.686763 5879936.397913, 490654.686763 5879918.393707))
3; POLYGON((490637.200000 5879910.322491, 490669.070010 5879910.322491, 490669.070010 5879933.096729, 490637.200000 5879933.096729, 490637.200000 5879910.322491))
2; POLYGON((490705.082513 5879993.104457, 490731.808832 5879993.104457, 490731.808832 5880010.300000, 490705.082513 5880010.300000, 490705.082513 5879993.104457))
1; POLYGON((490705.056293 5879993.123224, 490731.788098 5879993.123224, 490731.788098 5880010.295264, 490705.056293 5880010.295264, 490705.056293 5879993.123224))
4; POLYGON((490643.811735 5879991.367249, 490657.761646 5879991.367249, 490657.761646 5880010.298547, 490643.811735 5880010.298547, 490643.811735 5879991.367249))
2; POLYGON((490643.965186 5879991.302434, 490657.946664 5879991.302434, 490657.946664 5880010.199599, 490643.965186 5880010.199599, 490643.965186 5879991.302434))
3; POLYGON((490690.321826 5879916.617432, 490718.070837 5879916.617432, 490718.070837 5879956.381329, 490690.321826 5879956.381329, 490690.321826 5879916.617432))
4; POLYGON((490705.190356 5879993.163185, 490731.879456 5879993.163185, 490731.879456 5880010.300000, 490705.190356 5880010.300000, 490705.190356 5879993.163185))
4; POLYGON((490705.891772 5879910.300000, 490719.344330 5879910.300000, 490719.344330 5879919.217120, 490705.891772 5879919.217120, 490705.891772 5879910.300000))
