3; POLYGON((490190.573456 5881677.145114, 490228.556433 5881677.145114, 490228.556433 5881710.300000, 490190.573456 5881710.300000, 490190.573456 5881677.145114))
3; POLYGON((490179.870059 5881645.289307, 490215.198822 5881645.289307, 490215.198822 5881685.278210, 490179.870059 5881685.278210, 490179.870059 5881645.289307))
3; POLYGON((490215.610083 5881627.935266, 490237.200000 5881627.935266, 490237.200000 5881658.306360, 490215.610083 5881658.306360, 490215.610083 5881627.935266))
3; POLYGON((490147.958418 5881616.588922, 490200.721844 5881616.588922, 490200.721844 5881657.786456, 490147.958418 5881657.786456, 490147.958418 5881616.588922))
3; POLYGON((490225.093170 5881658.841760, 490237.200000 5881658.841760, 490237.200000 5881684.068076, 490225.093170 5881684.068076, 490225.093170 5881658.841760))
3; POLYGON((490206.043494 5881610.300000, 490231.349310 5881610.300000, 490231.349310 5881621.074591, 490206.043494 5881621.074591, 490206.043494 5881610.300000))
3; POLYGON((490152.110478 5881610.300000, 490175.621741 5881610.300000, 490175.621741 5881617.719666, 490152.110478 5881617.719666, 490152.110478 5881610.300000))
3; POLYGON((490151.694127 5881610.300000, 490178.267068 5881610.300000, 490178.267068 5881617.723730, 490151.694127 5881617.723730, 490151.694127 5881610.300000))
3; POLYGON((490137.200000 5881670.179413, 490163.433911 5881670.179413, 490163.433911 5881708.780681, 490137.200000 5881708.780681, 490137.200000 5881670.179413))
3; POLYGON((490206.062695 5881610.300000, 490235.468884 5881610.300000, 490235.468884 5881621.059277, 490206.062695 5881621.059277, 490206.062695 5881610.300000))
3; POLYGON((490137.206819 5881649.438959, 490147.554522 5881649.438959, 490147.554522 5881670.778134, 490137.206819 5881670.778134, 490137.206819 5881649.438959))
3; POLYGON((490151.890752 5881610.300000, 490173.033218 5881610.300000, 490173.033218 5881617.697778, 490151.890752 5881617.697778, 490151.890752 5881610.300000))
3; POLYGON((490151.587262 5881610.300000, 490181.612158 5881610.300000, 490181.612158 5881617.667749, 490151.587262 5881617.667749, 490151.587262 5881610.300000))
3; POLYGON((490164.331586 5881694.727116, 490190.777917 5881694.727116, 490190.777917 5881710.293119, 490164.331586 5881710.293119, 490164.331586 5881694.727116))
3; POLYGON((490137.203291 5881650.158240, 490146.870284 5881650.158240, 490146.870284 5881669.957419, 490137.203291 5881669.957419, 490137.203291 5881650.158240))
3; POLYGON((490224.957581 5881649.905206, 490237.200000 5881649.905206, 490237.200000 5881684.023389, 490224.957581 5881684.023389, 490224.957581 5881649.905206))
3; POLYGON((490151.746536 5881610.300000, 490184.851932 5881610.300000, 490184.851932 5881617.604901, 490151.746536 5881617.604901, 490151.746536 5881610.300000))
3; POLYGON((490137.207821 5881649.471423, 490147.593692 5881649.471423, 490147.593692 5881676.005182, 490137.207821 5881676.005182, 490137.207821 5881649.471423))
3; POLYGON((490137.206267 5881651.877002, 490146.699006 5881651.877002, 490146.699006 5881670.802161, 490137.206267 5881670.802161, 490137.206267 5881651.877002))
3; POLYGON((490151.890207 5881610.300000, 490170.853329 5881610.300000, 490170.853329 5881617.524841, 490151.890207 5881617.524841, 490151.890207 5881610.300000))
3; POLYGON((490172.923087 5881645.273981, 490214.610052 5881645.273981, 490214.610052 5881690.359703, 490172.923087 5881690.359703, 490172.923087 5881645.273981))
