4; POLYGON((490279.909494 5880064.187918, 490332.131476 5880064.187918, 490332.131476 5880091.835927, 490279.909494 5880091.835927, 490279.909494 5880064.187918))
4; POLYGON((490253.498329 5880087.597781, 490337.200000 5880087.597781, 490337.200000 5880110.300000, 490253.498329 5880110.300000, 490253.498329 5880087.597781))
3; POLYGON((490238.839596 5880102.598071, 490248.052827 5880102.598071, 490248.052827 5880110.300000, 490238.839596 5880110.300000, 490238.839596 5880102.598071))
4; POLYGON((490243.042822 5880081.334000, 490255.622015 5880081.334000, 490255.622015 5880091.768678, 490243.042822 5880091.768678, 490243.042822 5880081.334000))
4; POLYGON((490250.950206 5880052.802148, 490270.012201 5880052.802148, 490270.012201 5880071.059427, 490250.950206 5880071.059427, 490250.950206 5880052.802148))
4; POLYGON((490291.774811 5880036.857947, 490325.182422 5880036.857947, 490325.182422 5880063.490836, 490291.774811 5880063.490836, 490291.774811 5880036.857947))
4; POLYGON((490257.956488 5880074.734924, 490279.526419 5880074.734924, 490279.526419 5880084.762213, 490257.956488 5880084.762213, 490257.956488 5880074.734924))
4; POLYGON((490291.983105 5880010.307697, 490312.366553 5880010.307697, 490312.366553 5880025.334857, 490291.983105 5880025.334857, 490291.983105 5880010.307697))
1; POLYGON((490291.185455 5880010.300000, 490312.150909 5880010.300000, 490312.150909 5880025.361755, 490291.185455 5880025.361755, 490291.185455 5880010.300000))
4; POLYGON((490241.846659 5880010.311188, 490267.441562 5880010.311188, 490267.441562 5880027.607166, 490241.846659 5880027.607166, 490241.846659 5880010.311188))
1; POLYGON((490242.032701 5880018.508325, 490249.902944 5880018.508325, 490249.902944 5880028.337390, 490242.032701 5880028.337390, 490242.032701 5880018.508325))
