4; POLYGON((491089.076599 5880068.528094, 491137.053894 5880068.528094, 491137.053894 5880110.232662, 491089.076599 5880110.232662, 491089.076599 5880068.528094))
4; POLYGON((491037.200000 5880010.300000, 491132.090985 5880010.300000, 491132.090985 5880083.726450, 491037.200000 5880083.726450, 491037.200000 5880010.300000))
1; POLYGON((491073.627679 5880099.933769, 491094.161591 5880099.933769, 491094.161591 5880110.296196, 491073.627679 5880110.296196, 491073.627679 5880099.933769))
1; POLYGON((491108.451031 5880092.322835, 491137.199921 5880092.322835, 491137.199921 5880110.299204, 491108.451031 5880110.299204, 491108.451031 5880092.322835))
4; POLYGON((491089.088867 5880061.400189, 491137.200000 5880061.400189, 491137.200000 5880110.300000, 491089.088867 5880110.300000, 491089.088867 5880061.400189))
4; POLYGON((491037.205215 5880044.742523, 491068.919998 5880044.742523, 491068.919998 5880086.354398, 491037.205215 5880086.354398, 491037.205215 5880044.742523))
4; POLYGON((491122.994287 5880061.422244, 491137.200000 5880061.422244, 491137.200000 5880085.178021, 491122.994287 5880085.178021, 491122.994287 5880061.422244))
4; POLYGON((491122.998035 5880061.486630, 491137.200000 5880061.486630, 491137.200000 5880088.392332, 491122.998035 5880088.392332, 491122.998035 5880061.486630))
1; POLYGON((491073.569037 5880099.929478, 491099.855566 5880099.929478, 491099.855566 5880110.290103, 491073.569037 5880110.290103, 491073.569037 5880099.929478))
4; POLYGON((491122.955603 5880061.403146, 491137.191742 5880061.403146, 491137.191742 5880092.070433, 491122.955603 5880092.070433, 491122.955603 5880061.403146))
1; POLYGON((491073.744910 5880099.904359, 491092.059833 5880099.904359, 491092.059833 5880110.300000, 491073.744910 5880110.300000, 491073.744910 5880099.904359))
1; POLYGON((491073.417209 5880099.993884, 491103.830981 5880099.993884, 491103.830981 5880110.293742, 491073.417209 5880110.293742, 491073.417209 5880099.993884))
