4; POLYGON((491418.404523 5881010.300000, 491425.884180 5881010.300000, 491425.884180 5881041.543927, 491418.404523 5881041.543927, 491418.404523 5881010.300000))
4; POLYGON((491392.211304 5881069.204028, 491424.933215 5881069.204028, 491424.933215 5881084.648627, 491392.211304 5881084.648627, 491392.211304 5881069.204028))
4; POLYGON((491392.891632 5881084.826767, 491425.329694 5881084.826767, 491425.329694 5881100.160920, 491392.891632 5881100.160920, 491392.891632 5881084.826767))
4; POLYGON((491431.101959 5881063.376913, 491437.200000 5881063.376913, 491437.200000 5881078.173105, 491431.101959 5881078.173105, 491431.101959 5881063.376913))
4; POLYGON((491432.345630 5881010.300000, 491437.192108 5881010.300000, 491437.192108 5881041.209924, 491432.345630 5881041.209924, 491432.345630 5881010.300000))
4; POLYGON((491393.244788 5881100.265601, 491425.499176 5881100.265601, 491425.499176 5881110.295337, 491393.244788 5881110.295337, 491393.244788 5881100.265601))
4; POLYGON((491374.771951 5881031.734839, 491413.735950 5881031.734839, 491413.735950 5881063.614819, 491374.771951 5881063.614819, 491374.771951 5881031.734839))
4; POLYGON((491374.201474 5881010.300000, 491413.648303 5881010.300000, 491413.648303 5881063.708624, 491374.201474 5881063.708624, 491374.201474 5881010.300000))
4; POLYGON((491374.235590 5881010.303015, 491412.784546 5881010.303015, 491412.784546 5881031.621045, 491374.235590 5881031.621045, 491374.235590 5881010.303015))
4; POLYGON((491433.222150 5881047.599158, 491437.200000 5881047.599158, 491437.200000 5881056.692847, 491433.222150 5881056.692847, 491433.222150 5881047.599158))
4; POLYGON((491432.221014 5881094.284029, 491437.200000 5881094.284029, 491437.200000 5881108.842984, 491432.221014 5881108.842984, 491432.221014 5881094.284029))
4; POLYGON((491419.365833 5881040.318457, 491437.200000 5881040.318457, 491437.200000 5881057.093542, 491419.365833 5881057.093542, 491419.365833 5881040.318457))
4; POLYGON((491431.679999 5881078.732837, 491437.200000 5881078.732837, 491437.200000 5881093.580040, 491431.679999 5881093.580040, 491431.679999 5881078.732837))
4; POLYGON((491419.406506 5881040.553876, 491431.992395 5881040.553876, 491431.992395 5881057.124500, 491419.406506 5881057.124500, 491419.406506 5881040.553876))
4; POLYGON((491431.713971 5881078.865237, 491437.197980 5881078.865237, 491437.197980 5881108.950581, 491431.713971 5881108.950581, 491431.713971 5881078.865237))
4; POLYGON((491431.338019 5881063.459048, 491437.200000 5881063.459048, 491437.200000 5881108.943896, 491431.338019 5881108.943896, 491431.338019 5881063.459048))
4; POLYGON((491393.264246 5881100.961704, 491402.835986 5881100.961704, 491402.835986 5881110.300000, 491393.264246 5881110.300000, 491393.264246 5881100.961704))
