3; POLYGON((489699.663831 5880373.819962, 489729.325122 5880373.819962, 489729.325122 5880395.333191, 489699.663831 5880395.333191, 489699.663831 5880373.819962))
3; POLYGON((489667.007016 5880381.712988, 489684.811697 5880381.712988, 489684.811697 5880403.907671, 489667.007016 5880403.907671, 489667.007016 5880381.712988))
3; POLYGON((489637.206220 5880386.330408, 489644.851954 5880386.330408, 489644.851954 5880401.294261, 489637.206220 5880401.294261, 489637.206220 5880386.330408))
3; POLYGON((489653.560591 5880317.810071, 489665.737897 5880317.810071, 489665.737897 5880328.730859, 489653.560591 5880328.730859, 489653.560591 5880317.810071))
3; POLYGON((489672.409964 5880310.415594, 489685.498999 5880310.415594, 489685.498999 5880323.065253, 489672.409964 5880323.065253, 489672.409964 5880310.415594))
3; POLYGON((489652.314830 5880310.300000, 489661.831468 5880310.300000, 489661.831468 5880314.955701, 489652.314830 5880314.955701, 489652.314830 5880310.300000))
3; POLYGON((489654.858081 5880335.560059, 489664.044049 5880335.560059, 489664.044049 5880349.419940, 489654.858081 5880349.419940, 489654.858081 5880335.560059))
3; POLYGON((489712.802667 5880310.300000, 489737.200000 5880310.300000, 489737.200000 5880328.146887, 489712.802667 5880328.146887, 489712.802667 5880310.300000))
4; POLYGON((489665.107864 5880327.769684, 489688.912280 5880327.769684, 489688.912280 5880342.573749, 489665.107864 5880342.573749, 489665.107864 5880327.769684))
3; POLYGON((489658.947443 5880353.728992, 489671.344006 5880353.728992, 489671.344006 5880368.705252, 489658.947443 5880368.705252, 489658.947443 5880353.728992))
3; POLYGON((489637.253244 5880325.306464, 489647.961158 5880325.306464, 489647.961158 5880358.629156, 489637.253244 5880358.629156, 489637.253244 5880325.306464))
