4; POLYGON((491916.932819 5880466.897849, 491937.200000 5880466.897849, 491937.200000 5880509.759165, 491916.932819 5880509.759165, 491916.932819 5880466.897849))
4; POLYGON((491847.770896 5880441.895660, 491862.627167 5880441.895660, 491862.627167 5880487.775209, 491847.770896 5880487.775209, 491847.770896 5880441.895660))
4; POLYGON((491868.235297 5880410.300000, 491895.131604 5880410.300000, 491895.131604 5880426.032043, 491868.235297 5880426.032043, 491868.235297 5880410.300000))
4; POLYGON((491851.929231 5880411.602319, 491876.923294 5880411.602319, 491876.923294 5880437.906683, 491851.929231 5880437.906683, 491851.929231 5880411.602319))
4; POLYGON((491928.757629 5880427.328625, 491937.200000 5880427.328625, 491937.200000 5880446.385992, 491928.757629 5880446.385992, 491928.757629 5880427.328625))
4; POLYGON((491928.696033 5880427.296222, 491937.200000 5880427.296222, 491937.200000 5880449.061310, 491928.696033 5880449.061310, 491928.696033 5880427.296222))
4; POLYGON((491928.732336 5880427.245532, 491937.192285 5880427.245532, 491937.192285 5880453.971375, 491928.732336 5880453.971375, 491928.732336 5880427.245532))
4; POLYGON((491928.755066 5880427.243030, 491937.191766 5880427.243030, 491937.191766 5880457.151807, 491928.755066 5880457.151807, 491928.755066 5880427.243030))
4; POLYGON((491854.271806 5880410.300000, 491895.148547 5880410.300000, 491895.148547 5880426.029132, 491854.271806 5880426.029132, 491854.271806 5880410.300000))
4; POLYGON((491928.804333 5880427.294586, 491937.200000 5880427.294586, 491937.200000 5880462.773215, 491928.804333 5880462.773215, 491928.804333 5880427.294586))
4; POLYGON((491898.806952 5880491.530721, 491920.772717 5880491.530721, 491920.772717 5880510.300000, 491898.806952 5880510.300000, 491898.806952 5880491.530721))
4; POLYGON((491850.267799 5880410.300000, 491895.482599 5880410.300000, 491895.482599 5880425.884595, 491850.267799 5880425.884595, 491850.267799 5880410.300000))
