3; POLYGON((490675.853091 5882411.047186, 490693.250171 5882411.047186, 490693.250171 5882428.787482, 490675.853091 5882428.787482, 490675.853091 5882411.047186))
3; POLYGON((490691.732977 5882417.844281, 490709.720538 5882417.844281, 490709.720538 5882436.097101, 490691.732977 5882436.097101, 490691.732977 5882417.844281))
3; POLYGON((490705.458362 5882424.523340, 490723.820874 5882424.523340, 490723.820874 5882442.776141, 490705.458362 5882442.776141, 490705.458362 5882424.523340))
3; POLYGON((490719.511652 5882431.697986, 490737.200000 5882431.697986, 490737.200000 5882456.232452, 490719.511652 5882456.232452, 490719.511652 5882431.697986))
3; POLYGON((490705.796802 5882424.423035, 490737.200000 5882424.423035, 490737.200000 5882456.417694, 490705.796802 5882456.417694, 490705.796802 5882424.423035))
4; POLYGON((490688.126135 5882416.319659, 490698.239160 5882416.319659, 490698.239160 5882428.127289, 490688.126135 5882428.127289, 490688.126135 5882416.319659))
3; POLYGON((490719.643903 5882439.219995, 490737.200000 5882439.219995, 490737.200000 5882456.215747, 490719.643903 5882456.215747, 490719.643903 5882439.219995))
3; POLYGON((490734.113806 5882455.705737, 490737.200000 5882455.705737, 490737.200000 5882471.496936, 490734.113806 5882471.496936, 490734.113806 5882455.705737))
3; POLYGON((490733.338397 5882455.132147, 490737.200000 5882455.132147, 490737.200000 5882472.457095, 490733.338397 5882472.457095, 490733.338397 5882455.132147))
3; POLYGON((490733.433832 5882454.097479, 490737.187781 5882454.097479, 490737.187781 5882472.974866, 490733.433832 5882472.974866, 490733.433832 5882454.097479))
3; POLYGON((490734.002075 5882454.523383, 490737.200000 5882454.523383, 490737.200000 5882471.726855, 490734.002075 5882471.726855, 490734.002075 5882454.523383))
3; POLYGON((490733.185779 5882454.030768, 490737.200000 5882454.030768, 490737.200000 5882471.747855, 490733.185779 5882471.747855, 490733.185779 5882454.030768))
4; POLYGON((490688.314438 5882417.095032, 490698.880731 5882417.095032, 490698.880731 5882428.275122, 490688.314438 5882428.275122, 490688.314438 5882417.095032))
3; POLYGON((490734.297772 5882454.072144, 490737.200000 5882454.072144, 490737.200000 5882471.906339, 490734.297772 5882471.906339, 490734.297772 5882454.072144))
