3; POLYGON((490037.416401 5882510.300000, 490102.506708 5882510.300000, 490102.506708 5882568.392157, 490037.416401 5882568.392157, 490037.416401 5882510.300000))
3; POLYGON((490111.109827 5882581.348837, 490137.200000 5882581.348837, 490137.200000 5882610.295580, 490111.109827 5882610.295580, 490111.109827 5882581.348837))
3; POLYGON((490044.090851 5882580.248267, 490077.725058 5882580.248267, 490077.725058 5882610.300000, 490044.090851 5882610.300000, 490044.090851 5882580.248267))
3; POLYGON((490082.388342 5882598.026816, 490107.147821 5882598.026816, 490107.147821 5882610.300000, 490082.388342 5882610.300000, 490082.388342 5882598.026816))
3; POLYGON((490037.200000 5882558.403180, 490056.523914 5882558.403180, 490056.523914 5882587.298557, 490037.200000 5882587.298557, 490037.200000 5882558.403180))
3; POLYGON((490132.504590 5882556.906567, 490137.200000 5882556.906567, 490137.200000 5882574.363016, 490132.504590 5882574.363016, 490132.504590 5882556.906567))
3; POLYGON((490132.560773 5882556.741614, 490137.200000 5882556.741614, 490137.200000 5882572.630481, 490132.560773 5882572.630481, 490132.560773 5882556.741614))
3; POLYGON((490132.599591 5882556.674677, 490137.188550 5882556.674677, 490137.188550 5882577.625647, 490132.599591 5882577.625647, 490132.599591 5882556.674677))
3; POLYGON((490132.531891 5882556.832153, 490137.193951 5882556.832153, 490137.193951 5882582.150946, 490132.531891 5882582.150946, 490132.531891 5882556.832153))
3; POLYGON((490037.210231 5882558.427747, 490056.532533 5882558.427747, 490056.532533 5882593.914714, 490037.210231 5882593.914714, 490037.210231 5882558.427747))
3; POLYGON((490082.438812 5882597.977154, 490113.064252 5882597.977154, 490113.064252 5882610.295063, 490082.438812 5882610.295063, 490082.438812 5882597.977154))
3; POLYGON((490037.226977 5882558.435474, 490056.410602 5882558.435474, 490056.410602 5882600.662372, 490037.226977 5882600.662372, 490037.226977 5882558.435474))
