4; POLYGON((491837.200000 5880580.283948, 491867.826010 5880580.283948, 491867.826010 5880610.128637, 491837.200000 5880610.128637, 491837.200000 5880580.283948))
4; POLYGON((491909.607251 5880591.298064, 491937.088477 5880591.298064, 491937.088477 5880610.300000, 491909.607251 5880610.300000, 491909.607251 5880591.298064))
4; POLYGON((491932.727557 5880531.262323, 491937.199243 5880531.262323, 491937.199243 5880583.237042, 491932.727557 5880583.237042, 491932.727557 5880531.262323))
4; POLYGON((491871.021240 5880538.351038, 491897.211462 5880538.351038, 491897.211462 5880577.994641, 491871.021240 5880577.994641, 491871.021240 5880538.351038))
1; POLYGON((491849.088799 5880561.340891, 491860.906166 5880561.340891, 491860.906166 5880572.698676, 491849.088799 5880572.698676, 491849.088799 5880561.340891))
4; POLYGON((491932.725940 5880539.956042, 491937.192426 5880539.956042, 491937.192426 5880583.469043, 491932.725940 5880583.469043, 491932.725940 5880539.956042))
4; POLYGON((491932.716498 5880545.553748, 491937.192426 5880545.553748, 491937.192426 5880583.371756, 491932.716498 5880583.371756, 491932.716498 5880545.553748))
4; POLYGON((491899.085736 5880591.394582, 491936.942285 5880591.394582, 491936.942285 5880610.293728, 491899.085736 5880610.293728, 491899.085736 5880591.394582))
0; POLYGON((491895.395349 5880510.369531, 491916.072510 5880510.369531, 491916.072510 5880531.318750, 491895.395349 5880531.318750, 491895.395349 5880510.369531))
4; POLYGON((491932.691309 5880522.968628, 491937.200000 5880522.968628, 491937.200000 5880583.287119, 491932.691309 5880583.287119, 491932.691309 5880522.968628))
4; POLYGON((491895.422711 5880510.392181, 491916.340857 5880510.392181, 491916.340857 5880531.273486, 491895.422711 5880531.273486, 491895.422711 5880510.392181))
4; POLYGON((491932.725330 5880559.886676, 491937.200000 5880559.886676, 491937.200000 5880583.824292, 491932.725330 5880583.824292, 491932.725330 5880559.886676))
4; POLYGON((491894.034869 5880591.340001, 491936.911133 5880591.340001, 491936.911133 5880610.282224, 491894.034869 5880610.282224, 491894.034869 5880591.340001))
4; POLYGON((491932.877979 5880517.005066, 491937.194904 5880517.005066, 491937.194904 5880583.388156, 491932.877979 5880583.388156, 491932.877979 5880517.005066))
