1; POLYGON((491537.486490 5881257.650568, 491588.210236 5881257.650568, 491588.210236 5881310.299112, 491537.486490 5881310.299112, 491537.486490 5881257.650568))
4; POLYGON((491595.384393 5881210.300000, 491637.200000 5881210.300000, 491637.200000 5881236.072003, 491595.384393 5881236.072003, 491595.384393 5881210.300000))
3; POLYGON((491537.200000 5881210.300000, 491557.952361 5881210.300000, 491557.952361 5881223.642365, 491537.200000 5881223.642365, 491537.200000 5881210.300000))
4; POLYGON((491570.804559 5881228.521729, 491625.874567 5881228.521729, 491625.874567 5881275.089957, 491570.804559 5881275.089957, 491570.804559 5881228.521729))
4; POLYGON((491615.039642 5881210.300000, 491637.200000 5881210.300000, 491637.200000 5881236.036041, 491615.039642 5881236.036041, 491615.039642 5881210.300000))
1; POLYGON((491614.640295 5881262.929712, 491637.200000 5881262.929712, 491637.200000 5881310.300000, 491614.640295 5881310.300000, 491614.640295 5881262.929712))
4; POLYGON((491614.553375 5881265.413522, 491637.200000 5881265.413522, 491637.200000 5881310.300000, 491614.553375 5881310.300000, 491614.553375 5881265.413522))
4; POLYGON((491583.357248 5881248.208044, 491625.838885 5881248.208044, 491625.838885 5881274.866913, 491583.357248 5881274.866913, 491583.357248 5881248.208044))
4; POLYGON((491614.610181 5881254.678345, 491637.198578 5881254.678345, 491637.198578 5881310.300000, 491614.610181 5881310.300000, 491614.610181 5881254.678345))
1; POLYGON((491574.080316 5881288.266098, 491584.862003 5881288.266098, 491584.862003 5881301.059882, 491574.080316 5881301.059882, 491574.080316 5881288.266098))
4; POLYGON((491537.209299 5881244.498859, 491543.162874 5881244.498859, 491543.162874 5881255.107178, 491537.209299 5881255.107178, 491537.209299 5881244.498859))
