3; POLYGON((488671.840732 5880410.624060, 488705.156049 5880410.624060, 488705.156049 5880510.220571, 488671.840732 5880510.220571, 488671.840732 5880410.624060))
3; POLYGON((488637.230910 5880413.430035, 488649.703671 5880413.430035, 488649.703671 5880510.044976, 488637.230910 5880510.044976, 488637.230910 5880413.430035))
3; POLYGON((488637.218634 5880413.792035, 488651.678261 5880413.792035, 488651.678261 5880510.168792, 488637.218634 5880510.168792, 488637.218634 5880413.792035))
3; POLYGON((488637.229077 5880412.505365, 488644.961633 5880412.505365, 488644.961633 5880510.131420, 488637.229077 5880510.131420, 488637.229077 5880412.505365))
3; POLYGON((488648.891185 5880410.300000, 488664.020322 5880410.300000, 488664.020322 5880427.237115, 488648.891185 5880427.237115, 488648.891185 5880410.300000))
3; POLYGON((488637.200000 5880422.294354, 488651.836812 5880422.294354, 488651.836812 5880510.090144, 488637.200000 5880510.090144, 488637.200000 5880422.294354))
3; POLYGON((488716.512091 5880410.372333, 488737.200000 5880410.372333, 488737.200000 5880507.119887, 488716.512091 5880507.119887, 488716.512091 5880410.372333))
3; POLYGON((488710.365997 5880475.518472, 488726.246936 5880475.518472, 488726.246936 5880510.279681, 488710.365997 5880510.279681, 488710.365997 5880475.518472))
3; POLYGON((488695.853729 5880410.329761, 488726.118854 5880410.329761, 488726.118854 5880509.703974, 488695.853729 5880509.703974, 488695.853729 5880410.329761))
3; POLYGON((488655.898459 5880435.550983, 488671.477228 5880435.550983, 488671.477228 5880461.709695, 488655.898459 5880461.709695, 488655.898459 5880435.550983))
3; POLYGON((488672.256033 5880410.300000, 488694.377509 5880410.300000, 488694.377509 5880469.221503, 488672.256033 5880469.221503, 488672.256033 5880410.300000))
3; POLYGON((488685.158832 5880467.261194, 488704.863965 5880467.261194, 488704.863965 5880510.299303, 488685.158832 5880510.299303, 488685.158832 5880467.261194))
