4; POLYGON((491837.229486 5881730.395013, 491887.711472 5881730.395013, 491887.711472 5881801.963498, 491837.229486 5881801.963498, 491837.229486 5881730.395013))
4; POLYGON((491917.042896 5881710.300000, 491937.200000 5881710.300000, 491937.200000 5881718.277454, 491917.042896 5881718.277454, 491917.042896 5881710.300000))
4; POLYGON((491837.200000 5881722.384088, 491861.576927 5881722.384088, 491861.576927 5881731.465570, 491837.200000 5881731.465570, 491837.200000 5881722.384088))
4; POLYGON((491920.831287 5881767.613324, 491937.200000 5881767.613324, 491937.200000 5881792.199654, 491920.831287 5881792.199654, 491920.831287 5881767.613324))
4; POLYGON((491837.378474 5881710.300000, 491885.874377 5881710.300000, 491885.874377 5881713.017737, 491837.378474 5881713.017737, 491837.378474 5881710.300000))
4; POLYGON((491837.239914 5881710.300000, 491886.156021 5881710.300000, 491886.156021 5881712.603119, 491837.239914 5881712.603119, 491837.239914 5881710.300000))
4; POLYGON((491839.529682 5881710.300000, 491885.791956 5881710.300000, 491885.791956 5881713.236108, 491839.529682 5881713.236108, 491839.529682 5881710.300000))
4; POLYGON((491920.786652 5881760.217905, 491937.200000 5881760.217905, 491937.200000 5881792.196460, 491920.786652 5881792.196460, 491920.786652 5881760.217905))
4; POLYGON((491837.204724 5881736.860272, 491843.404596 5881736.860272, 491843.404596 5881750.993427, 491837.204724 5881750.993427, 491837.204724 5881736.860272))
4; POLYGON((491837.203646 5881734.678619, 491843.397651 5881734.678619, 491843.397651 5881750.907581, 491837.203646 5881750.907581, 491837.203646 5881734.678619))
4; POLYGON((491853.001823 5881710.300000, 491885.717142 5881710.300000, 491885.717142 5881713.183014, 491853.001823 5881713.183014, 491853.001823 5881710.300000))
4; POLYGON((491920.791602 5881755.156738, 491937.200000 5881755.156738, 491937.200000 5881792.293980, 491920.791602 5881792.293980, 491920.791602 5881755.156738))
4; POLYGON((491848.436162 5881710.300000, 491885.741049 5881710.300000, 491885.741049 5881713.255835, 491848.436162 5881713.255835, 491848.436162 5881710.300000))
4; POLYGON((491837.208350 5881737.804785, 491843.347707 5881737.804785, 491843.347707 5881751.994189, 491837.208350 5881751.994189, 491837.208350 5881737.804785))
4; POLYGON((491837.200000 5881730.951678, 491843.369273 5881730.951678, 491843.369273 5881750.842371, 491837.200000 5881750.842371, 491837.200000 5881730.951678))
4; POLYGON((491837.200000 5881738.130328, 491843.459183 5881738.130328, 491843.459183 5881750.974036, 491837.200000 5881750.974036, 491837.200000 5881738.130328))
4; POLYGON((491837.215976 5881732.980994, 491843.386709 5881732.980994, 491843.386709 5881750.967059, 491837.215976 5881750.967059, 491837.215976 5881732.980994))
