3; POLYGON((490088.415118 5882046.301624, 490123.080200 5882046.301624, 490123.080200 5882085.999826, 490088.415118 5882085.999826, 490088.415118 5882046.301624))
3; POLYGON((490054.334891 5882094.835632, 490072.485684 5882094.835632, 490072.485684 5882109.036909, 490054.334891 5882109.036909, 490054.334891 5882094.835632))
3; POLYGON((490038.980984 5882080.433087, 490057.065446 5882080.433087, 490057.065446 5882095.176982, 490038.980984 5882095.176982, 490038.980984 5882080.433087))
3; POLYGON((490066.709775 5882035.851587, 490087.639539 5882035.851587, 490087.639539 5882057.908282, 490066.709775 5882057.908282, 490066.709775 5882035.851587))
3; POLYGON((490050.727011 5882022.011804, 490070.497720 5882022.011804, 490070.497720 5882043.773126, 490050.727011 5882043.773126, 490050.727011 5882022.011804))
3; POLYGON((490125.444623 5882095.522032, 490137.200000 5882095.522032, 490137.200000 5882110.290098, 490125.444623 5882110.290098, 490125.444623 5882095.522032))
3; POLYGON((490070.940829 5882108.753150, 490087.277148 5882108.753150, 490087.277148 5882110.295538, 490070.940829 5882110.295538, 490070.940829 5882108.753150))
3; POLYGON((490071.102975 5882108.880952, 490086.326050 5882108.880952, 490086.326050 5882110.295345, 490071.102975 5882110.295345, 490071.102975 5882108.880952))
3; POLYGON((490070.738559 5882108.612792, 490087.912796 5882108.612792, 490087.912796 5882110.294746, 490070.738559 5882110.294746, 490070.738559 5882108.612792))
3; POLYGON((490071.271448 5882108.968616, 490085.287775 5882108.968616, 490085.287775 5882110.296891, 490071.271448 5882110.296891, 490071.271448 5882108.968616))
3; POLYGON((490071.167142 5882108.927140, 490084.089011 5882108.927140, 490084.089011 5882110.292694, 490071.167142 5882110.292694, 490071.167142 5882108.927140))
3; POLYGON((490115.382977 5882034.999335, 490136.216162 5882034.999335, 490136.216162 5882050.922046, 490115.382977 5882050.922046, 490115.382977 5882034.999335))
3; POLYGON((490080.460117 5882010.300000, 490101.283093 5882010.300000, 490101.283093 5882016.595007, 490080.460117 5882016.595007, 490080.460117 5882010.300000))
