3; POLYGON((490237.200000 5882329.194702, 490246.843227 5882329.194702, 490246.843227 5882398.761120, 490237.200000 5882398.761120, 490237.200000 5882329.194702))
3; POLYGON((490271.212018 5882310.300000, 490288.191888 5882310.300000, 490288.191888 5882346.098041, 490271.212018 5882346.098041, 490271.212018 5882310.300000))
3; POLYGON((490247.409581 5882406.978531, 490259.985895 5882406.978531, 490259.985895 5882410.300000, 490247.409581 5882410.300000, 490247.409581 5882406.978531))
3; POLYGON((490302.558649 5882400.122137, 490318.385541 5882400.122137, 490318.385541 5882410.300000, 490302.558649 5882410.300000, 490302.558649 5882400.122137))
3; POLYGON((490300.787531 5882352.174963, 490316.948553 5882352.174963, 490316.948553 5882368.113690, 490300.787531 5882368.113690, 490300.787531 5882352.174963))
4; POLYGON((490251.392201 5882389.143591, 490274.544092 5882389.143591, 490274.544092 5882397.825047, 490251.392201 5882397.825047, 490251.392201 5882389.143591))
3; POLYGON((490324.391364 5882376.475958, 490337.200000 5882376.475958, 490337.200000 5882392.955510, 490324.391364 5882392.955510, 490324.391364 5882376.475958))
3; POLYGON((490313.425464 5882388.331204, 490329.630157 5882388.331204, 490329.630157 5882404.540585, 490313.425464 5882404.540585, 490313.425464 5882388.331204))
3; POLYGON((490278.030371 5882374.981628, 490293.837354 5882374.981628, 490293.837354 5882390.965428, 490278.030371 5882390.965428, 490278.030371 5882374.981628))
3; POLYGON((490288.867065 5882363.377774, 490305.017230 5882363.377774, 490305.017230 5882379.377420, 490288.867065 5882379.377420, 490288.867065 5882363.377774))
4; POLYGON((490245.560554 5882324.074121, 490261.376955 5882324.074121, 490261.376955 5882332.173413, 490245.560554 5882332.173413, 490245.560554 5882324.074121))
