4; POLYGON((490937.325706 5880310.300000, 490950.761816 5880310.300000, 490950.761816 5880319.121661, 490937.325706 5880319.121661, 490937.325706 5880310.300000))
1; POLYGON((490937.204831 5880310.379382, 490950.794131 5880310.379382, 490950.794131 5880347.238104, 490937.204831 5880347.238104, 490937.204831 5880310.379382))
4; POLYGON((490948.142169 5880310.314893, 490967.271729 5880310.314893, 490967.271729 5880333.887695, 490948.142169 5880333.887695, 490948.142169 5880310.314893))
2; POLYGON((490937.201512 5880321.390143, 490940.737754 5880321.390143, 490940.737754 5880334.585193, 490937.201512 5880334.585193, 490937.201512 5880321.390143))
2; POLYGON((490937.207984 5880321.630695, 490940.583282 5880321.630695, 490940.583282 5880333.017505, 490937.207984 5880333.017505, 490937.207984 5880321.630695))
1; POLYGON((490937.208397 5880310.374121, 490951.009859 5880310.374121, 490951.009859 5880354.058002, 490937.208397 5880354.058002, 490937.208397 5880310.374121))
2; POLYGON((490937.202543 5880320.487311, 490941.120326 5880320.487311, 490941.120326 5880343.925574, 490937.202543 5880343.925574, 490937.202543 5880320.487311))
2; POLYGON((490937.207961 5880321.240845, 490940.802730 5880321.240845, 490940.802730 5880338.801086, 490937.207961 5880338.801086, 490937.207961 5880321.240845))
1; POLYGON((490949.835316 5880323.988477, 490963.623462 5880323.988477, 490963.623462 5880333.981097, 490949.835316 5880333.981097, 490949.835316 5880323.988477))
4; POLYGON((490937.308361 5880310.300000, 490967.212308 5880310.300000, 490967.212308 5880333.907318, 490937.308361 5880333.907318, 490937.308361 5880310.300000))
