3; POLYGON((489556.364775 5881142.324402, 489580.914865 5881142.324402, 489580.914865 5881178.428040, 489556.364775 5881178.428040, 489556.364775 5881142.324402))
3; POLYGON((489606.635309 5881129.272546, 489637.200000 5881129.272546, 489637.200000 5881155.129895, 489606.635309 5881155.129895, 489606.635309 5881129.272546))
3; POLYGON((489541.369409 5881110.300000, 489557.172894 5881110.300000, 489557.172894 5881114.868060, 489541.369409 5881114.868060, 489541.369409 5881110.300000))
3; POLYGON((489606.319116 5881160.784933, 489635.940094 5881160.784933, 489635.940094 5881180.569461, 489606.319116 5881180.569461, 489606.319116 5881160.784933))
3; POLYGON((489596.047760 5881157.028711, 489606.734418 5881157.028711, 489606.734418 5881169.338785, 489596.047760 5881169.338785, 489596.047760 5881157.028711))
3; POLYGON((489575.746768 5881110.300000, 489596.638995 5881110.300000, 489596.638995 5881131.875909, 489575.746768 5881131.875909, 489575.746768 5881110.300000))
3; POLYGON((489537.372639 5881207.454894, 489548.827288 5881207.454894, 489548.827288 5881210.298600, 489537.372639 5881210.298600, 489537.372639 5881207.454894))
3; POLYGON((489542.772414 5881175.350601, 489569.020361 5881175.350601, 489569.020361 5881210.265081, 489542.772414 5881210.265081, 489542.772414 5881175.350601))
3; POLYGON((489537.204362 5881128.179315, 489544.985355 5881128.179315, 489544.985355 5881143.508051, 489537.204362 5881143.508051, 489537.204362 5881128.179315))
3; POLYGON((489541.211458 5881110.300000, 489556.539297 5881110.300000, 489556.539297 5881114.547919, 489541.211458 5881114.547919, 489541.211458 5881110.300000))
3; POLYGON((489537.201079 5881207.328914, 489549.473740 5881207.328914, 489549.473740 5881210.298876, 489537.201079 5881210.298876, 489537.201079 5881207.328914))
