4; POLYGON((491168.813879 5881010.330035, 491198.544458 5881010.330035, 491198.544458 5881079.031586, 491168.813879 5881079.031586, 491168.813879 5881010.330035))
4; POLYGON((491174.752896 5881087.433629, 491190.022955 5881087.433629, 491190.022955 5881110.300000, 491174.752896 5881110.300000, 491174.752896 5881087.433629))
4; POLYGON((491223.635645 5881070.390048, 491237.200000 5881070.390048, 491237.200000 5881110.223399, 491223.635645 5881110.223399, 491223.635645 5881070.390048))
4; POLYGON((491231.471332 5881057.965576, 491237.200000 5881057.965576, 491237.200000 5881064.066434, 491231.471332 5881064.066434, 491231.471332 5881057.965576))
4; POLYGON((491235.773419 5881042.156317, 491237.200000 5881042.156317, 491237.200000 5881051.415704, 491235.773419 5881051.415704, 491235.773419 5881042.156317))
4; POLYGON((491235.595917 5881042.231152, 491237.200000 5881042.231152, 491237.200000 5881051.322266, 491235.595917 5881051.322266, 491235.595917 5881042.231152))
4; POLYGON((491223.566565 5881079.453989, 491237.200000 5881079.453989, 491237.200000 5881110.260783, 491223.566565 5881110.260783, 491223.566565 5881079.453989))
4; POLYGON((491235.375806 5881042.310797, 491237.181824 5881042.310797, 491237.181824 5881051.394714, 491235.375806 5881051.394714, 491235.375806 5881042.310797))
4; POLYGON((491235.483521 5881040.734320, 491237.200000 5881040.734320, 491237.200000 5881051.419110, 491235.483521 5881051.419110, 491235.483521 5881040.734320))
4; POLYGON((491227.969788 5881070.170135, 491237.200000 5881070.170135, 491237.200000 5881076.618283, 491227.969788 5881076.618283, 491227.969788 5881070.170135))
