4; POLYGON((489482.589557 5880533.316516, 489522.070618 5880533.316516, 489522.070618 5880610.300000, 489482.589557 5880610.300000, 489482.589557 5880533.316516))
4; POLYGON((489452.519002 5880510.307410, 489502.214099 5880510.307410, 489502.214099 5880544.614813, 489452.519002 5880544.614813, 489452.519002 5880510.307410))
3; POLYGON((489529.937872 5880510.300000, 489537.200000 5880510.300000, 489537.200000 5880523.089038, 489529.937872 5880523.089038, 489529.937872 5880510.300000))
2; POLYGON((489498.079584 5880573.580896, 489506.158472 5880573.580896, 489506.158472 5880585.318491, 489498.079584 5880585.318491, 489498.079584 5880573.580896))
4; POLYGON((489451.813080 5880510.303857, 489522.257147 5880510.303857, 489522.257147 5880610.300000, 489451.813080 5880610.300000, 489451.813080 5880510.303857))
1; POLYGON((489451.851953 5880510.353632, 489522.701202 5880510.353632, 489522.701202 5880610.031118, 489451.851953 5880610.031118, 489451.851953 5880510.353632))
4; POLYGON((489452.008499 5880510.300000, 489513.438092 5880510.300000, 489513.438092 5880610.300000, 489452.008499 5880610.300000, 489452.008499 5880510.300000))
4; POLYGON((489451.689172 5880510.300000, 489505.609155 5880510.300000, 489505.609155 5880601.343449, 489451.689172 5880601.343449, 489451.689172 5880510.300000))
4; POLYGON((489452.166135 5880510.300000, 489502.060364 5880510.300000, 489502.060364 5880538.548932, 489452.166135 5880538.548932, 489452.166135 5880510.300000))
3; POLYGON((489526.031647 5880510.300000, 489537.194879 5880510.300000, 489537.194879 5880523.216235, 489526.031647 5880523.216235, 489526.031647 5880510.300000))
4; POLYGON((489451.796759 5880510.300000, 489501.912225 5880510.300000, 489501.912225 5880533.009601, 489451.796759 5880533.009601, 489451.796759 5880510.300000))
