3; POLYGON((490690.099976 5882317.073920, 490712.272687 5882317.073920, 490712.272687 5882340.099933, 490690.099976 5882340.099933, 490690.099976 5882317.073920))
3; POLYGON((490669.972510 5882346.886682, 490691.929181 5882346.886682, 490691.929181 5882369.332410, 490669.972510 5882369.332410, 490669.972510 5882346.886682))
3; POLYGON((490716.583679 5882364.612424, 490731.407391 5882364.612424, 490731.407391 5882379.480252, 490716.583679 5882379.480252, 490716.583679 5882364.612424))
3; POLYGON((490647.929794 5882331.998120, 490669.329852 5882331.998120, 490669.329852 5882350.151361, 490647.929794 5882350.151361, 490647.929794 5882331.998120))
3; POLYGON((490693.320679 5882359.588824, 490709.321307 5882359.588824, 490709.321307 5882373.800729, 490693.320679 5882373.800729, 490693.320679 5882359.588824))
3; POLYGON((490639.045622 5882386.170149, 490659.332718 5882386.170149, 490659.332718 5882403.186279, 490639.045622 5882403.186279, 490639.045622 5882386.170149))
3; POLYGON((490701.888580 5882381.956671, 490717.292731 5882381.956671, 490717.292731 5882398.189987, 490701.888580 5882398.189987, 490701.888580 5882381.956671))
3; POLYGON((490724.384686 5882335.242139, 490737.200000 5882335.242139, 490737.200000 5882358.584595, 490724.384686 5882358.584595, 490724.384686 5882335.242139))
3; POLYGON((490723.404449 5882335.193896, 490737.200000 5882335.193896, 490737.200000 5882364.243280, 490723.404449 5882364.243280, 490723.404449 5882335.193896))
4; POLYGON((490679.640555 5882332.275549, 490695.479047 5882332.275549, 490695.479047 5882349.794714, 490679.640555 5882349.794714, 490679.640555 5882332.275549))
3; POLYGON((490678.329636 5882384.683008, 490694.584595 5882384.683008, 490694.584595 5882401.163530, 490678.329636 5882401.163530, 490678.329636 5882384.683008))
3; POLYGON((490723.901971 5882335.221826, 490737.200000 5882335.221826, 490737.200000 5882360.626373, 490723.901971 5882360.626373, 490723.901971 5882335.221826))
3; POLYGON((490724.708374 5882335.291669, 490737.200000 5882335.291669, 490737.200000 5882352.688617, 490724.708374 5882352.688617, 490724.708374 5882335.291669))
4; POLYGON((490670.879507 5882392.987569, 490685.519498 5882392.987569, 490685.519498 5882407.251631, 490670.879507 5882407.251631, 490670.879507 5882392.987569))
3; POLYGON((490671.123618 5882384.806496, 490694.510144 5882384.806496, 490694.510144 5882407.161903, 490671.123618 5882407.161903, 490671.123618 5882384.806496))
4; POLYGON((490659.331847 5882397.161107, 490670.776541 5882397.161107, 490670.776541 5882409.826280, 490659.331847 5882409.826280, 490659.331847 5882397.161107))
