3; POLYGON((490602.410693 5881688.274232, 490637.200000 5881688.274232, 490637.200000 5881707.643572, 490602.410693 5881707.643572, 490602.410693 5881688.274232))
3; POLYGON((490564.558585 5881687.209729, 490574.680328 5881687.209729, 490574.680328 5881698.595432, 490564.558585 5881698.595432, 490564.558585 5881687.209729))
3; POLYGON((490583.817111 5881688.400909, 490593.605042 5881688.400909, 490593.605042 5881702.774673, 490583.817111 5881702.774673, 490583.817111 5881688.400909))
3; POLYGON((490545.264603 5881619.359375, 490559.627704 5881619.359375, 490559.627704 5881635.369348, 490545.264603 5881635.369348, 490545.264603 5881619.359375))
3; POLYGON((490582.967685 5881634.059229, 490598.906097 5881634.059229, 490598.906097 5881646.024475, 490582.967685 5881646.024475, 490582.967685 5881634.059229))
3; POLYGON((490588.512170 5881610.300000, 490606.808002 5881610.300000, 490606.808002 5881630.926337, 490588.512170 5881630.926337, 490588.512170 5881610.300000))
4; POLYGON((490578.478091 5881642.441943, 490598.168866 5881642.441943, 490598.168866 5881667.465775, 490578.478091 5881667.465775, 490578.478091 5881642.441943))
3; POLYGON((490623.847247 5881660.846936, 490637.014618 5881660.846936, 490637.014618 5881674.824344, 490623.847247 5881674.824344, 490623.847247 5881660.846936))
3; POLYGON((490537.209502 5881616.445624, 490544.681211 5881616.445624, 490544.681211 5881632.759155, 490537.209502 5881632.759155, 490537.209502 5881616.445624))
3; POLYGON((490549.168873 5881647.339954, 490556.677225 5881647.339954, 490556.677225 5881651.948126, 490549.168873 5881651.948126, 490549.168873 5881647.339954))
3; POLYGON((490548.992973 5881647.355115, 490556.664537 5881647.355115, 490556.664537 5881652.509460, 490548.992973 5881652.509460, 490548.992973 5881647.355115))
3; POLYGON((490537.206435 5881677.011218, 490546.454372 5881677.011218, 490546.454372 5881693.072955, 490537.206435 5881693.072955, 490537.206435 5881677.011218))
