3; POLYGON((488737.200000 5881012.272491, 488763.105664 5881012.272491, 488763.105664 5881035.085571, 488737.200000 5881035.085571, 488737.200000 5881012.272491))
3; POLYGON((488790.429877 5881079.386612, 488802.693768 5881079.386612, 488802.693768 5881101.863645, 488790.429877 5881101.863645, 488790.429877 5881079.386612))
3; POLYGON((488808.427393 5881074.135660, 488828.115601 5881074.135660, 488828.115601 5881109.925367, 488808.427393 5881109.925367, 488808.427393 5881074.135660))
3; POLYGON((488737.200000 5881085.682962, 488776.865677 5881085.682962, 488776.865677 5881105.123044, 488737.200000 5881105.123044, 488737.200000 5881085.682962))
3; POLYGON((488761.036372 5881010.300000, 488791.670453 5881010.300000, 488791.670453 5881022.847034, 488761.036372 5881022.847034, 488761.036372 5881010.300000))
3; POLYGON((488760.799844 5881010.306744, 488809.245367 5881010.306744, 488809.245367 5881029.625250, 488760.799844 5881029.625250, 488760.799844 5881010.306744))
3; POLYGON((488768.260245 5881098.609615, 488780.853287 5881098.609615, 488780.853287 5881110.293338, 488768.260245 5881110.293338, 488768.260245 5881098.609615))
3; POLYGON((488826.919934 5881010.300000, 488837.175403 5881010.300000, 488837.175403 5881016.164850, 488826.919934 5881016.164850, 488826.919934 5881010.300000))
4; POLYGON((488802.956104 5881077.494003, 488808.794891 5881077.494003, 488808.794891 5881085.503125, 488802.956104 5881085.503125, 488802.956104 5881077.494003))
3; POLYGON((488760.588689 5881010.322504, 488809.209485 5881010.322504, 488809.209485 5881025.118329, 488760.588689 5881025.118329, 488760.588689 5881010.322504))
