3; POLYGON((489264.616763 5880838.165546, 489333.539862 5880838.165546, 489333.539862 5880864.407254, 489264.616763 5880864.407254, 489264.616763 5880838.165546))
3; POLYGON((489237.200000 5880873.555377, 489295.160657 5880873.555377, 489295.160657 5880898.881258, 489237.200000 5880898.881258, 489237.200000 5880873.555377))
3; POLYGON((489296.858478 5880862.074915, 489337.200000 5880862.074915, 489337.200000 5880882.092612, 489296.858478 5880882.092612, 489296.858478 5880862.074915))
3; POLYGON((489237.200000 5880853.716272, 489263.097144 5880853.716272, 489263.097144 5880873.066550, 489237.200000 5880873.066550, 489237.200000 5880853.716272))
3; POLYGON((489334.878082 5880833.098987, 489337.200000 5880833.098987, 489337.200000 5880845.614764, 489334.878082 5880845.614764, 489334.878082 5880833.098987))
3; POLYGON((489237.206438 5880810.300000, 489249.471944 5880810.300000, 489249.471944 5880826.109338, 489237.206438 5880826.109338, 489237.206438 5880810.300000))
3; POLYGON((489334.742316 5880832.934479, 489337.188110 5880832.934479, 489337.188110 5880847.315637, 489334.742316 5880847.315637, 489334.742316 5880832.934479))
3; POLYGON((489334.448645 5880832.737238, 489337.200000 5880832.737238, 489337.200000 5880845.919720, 489334.448645 5880845.919720, 489334.448645 5880832.737238))
3; POLYGON((489249.843456 5880810.300000, 489274.040884 5880810.300000, 489274.040884 5880818.044354, 489249.843456 5880818.044354, 489249.843456 5880810.300000))
3; POLYGON((489334.955475 5880832.998419, 489337.200000 5880832.998419, 489337.200000 5880847.719501, 489334.955475 5880847.719501, 489334.955475 5880832.998419))
3; POLYGON((489249.852945 5880810.300000, 489280.817096 5880810.300000, 489280.817096 5880817.977466, 489249.852945 5880817.977466, 489249.852945 5880810.300000))
3; POLYGON((489249.887936 5880810.300000, 489286.228510 5880810.300000, 489286.228510 5880817.989746, 489249.887936 5880817.989746, 489249.887936 5880810.300000))
