4; POLYGON((488398.772729 5881196.933722, 488420.992719 5881196.933722, 488420.992719 5881210.300000, 488398.772729 5881210.300000, 488398.772729 5881196.933722))
2; POLYGON((488380.415878 5881124.644684, 488437.194830 5881124.644684, 488437.194830 5881168.688916, 488380.415878 5881168.688916, 488380.415878 5881124.644684))
4; POLYGON((488386.259268 5881110.304315, 488437.200000 5881110.304315, 488437.200000 5881121.419092, 488386.259268 5881121.419092, 488386.259268 5881110.304315))
3; POLYGON((488344.081392 5881122.877264, 488374.184100 5881122.877264, 488374.184100 5881142.406604, 488344.081392 5881142.406604, 488344.081392 5881122.877264))
4; POLYGON((488391.276886 5881110.300000, 488437.187640 5881110.300000, 488437.187640 5881121.317578, 488391.276886 5881121.317578, 488391.276886 5881110.300000))
4; POLYGON((488337.200000 5881111.623529, 488350.521104 5881111.623529, 488350.521104 5881148.517084, 488337.200000 5881148.517084, 488337.200000 5881111.623529))
2; POLYGON((488384.515189 5881127.330890, 488437.102979 5881127.330890, 488437.102979 5881168.937149, 488384.515189 5881168.937149, 488384.515189 5881127.330890))
4; POLYGON((488398.269781 5881110.300000, 488437.200000 5881110.300000, 488437.200000 5881121.286847, 488398.269781 5881121.286847, 488398.269781 5881110.300000))
4; POLYGON((488376.857840 5881110.300000, 488437.200000 5881110.300000, 488437.200000 5881121.400238, 488376.857840 5881121.400238, 488376.857840 5881110.300000))
3; POLYGON((488343.853803 5881122.949091, 488357.109851 5881122.949091, 488357.109851 5881138.369574, 488343.853803 5881138.369574, 488343.853803 5881122.949091))
4; POLYGON((488337.214147 5881111.798761, 488349.761848 5881111.798761, 488349.761848 5881138.334589, 488337.214147 5881138.334589, 488337.214147 5881111.798761))
3; POLYGON((488343.899780 5881123.005151, 488366.644641 5881123.005151, 488366.644641 5881142.314075, 488343.899780 5881142.314075, 488343.899780 5881123.005151))
4; POLYGON((488337.243496 5881133.109723, 488349.553378 5881133.109723, 488349.553378 5881148.288788, 488337.243496 5881148.288788, 488337.243496 5881133.109723))
2; POLYGON((488389.985736 5881127.389551, 488437.052570 5881127.389551, 488437.052570 5881169.112228, 488389.985736 5881169.112228, 488389.985736 5881127.389551))
4; POLYGON((488369.568845 5881110.300000, 488437.200000 5881110.300000, 488437.200000 5881121.297351, 488369.568845 5881121.297351, 488369.568845 5881110.300000))
