3; POLYGON((488605.617523 5880015.688495, 488631.083270 5880015.688495, 488631.083270 5880048.799158, 488605.617523 5880048.799158, 488605.617523 5880015.688495))
3; POLYGON((488625.065564 5880055.276331, 488637.200000 5880055.276331, 488637.200000 5880095.447847, 488625.065564 5880095.447847, 488625.065564 5880055.276331))
3; POLYGON((488542.495245 5880023.937714, 488552.324199 5880023.937714, 488552.324199 5880033.894098, 488542.495245 5880033.894098, 488542.495245 5880023.937714))
3; POLYGON((488625.062347 5880055.105054, 488637.181036 5880055.105054, 488637.181036 5880100.098642, 488625.062347 5880100.098642, 488625.062347 5880055.105054))
3; POLYGON((488625.066589 5880055.209558, 488637.200000 5880055.209558, 488637.200000 5880106.893970, 488625.066589 5880106.893970, 488625.066589 5880055.209558))
3; POLYGON((488625.105939 5880055.279016, 488637.200000 5880055.279016, 488637.200000 5880075.129126, 488625.105939 5880075.129126, 488625.105939 5880055.279016))
3; POLYGON((488573.128665 5880078.551636, 488605.859363 5880078.551636, 488605.859363 5880110.170038, 488573.128665 5880110.170038, 488573.128665 5880078.551636))
3; POLYGON((488566.983127 5880010.554755, 488602.769080 5880010.554755, 488602.769080 5880066.439923, 488566.983127 5880066.439923, 488566.983127 5880010.554755))
3; POLYGON((488625.070209 5880055.209991, 488637.200000 5880055.209991, 488637.200000 5880088.669958, 488625.070209 5880088.669958, 488625.070209 5880055.209991))
3; POLYGON((488537.200000 5880087.698222, 488547.029913 5880087.698222, 488547.029913 5880099.666525, 488537.200000 5880099.666525, 488537.200000 5880087.698222))
3; POLYGON((488537.200000 5880063.192993, 488548.633174 5880063.192993, 488548.633174 5880075.780319, 488537.200000 5880075.780319, 488537.200000 5880063.192993))
