3; POLYGON((491084.328030 5881510.300000, 491104.436780 5881510.300000, 491104.436780 5881558.824738, 491084.328030 5881558.824738, 491084.328030 5881510.300000))
3; POLYGON((491052.154762 5881510.303064, 491072.082007 5881510.303064, 491072.082007 5881561.295322, 491052.154762 5881561.295322, 491052.154762 5881510.303064))
3; POLYGON((491037.207186 5881530.502063, 491041.554282 5881530.502063, 491041.554282 5881566.028577, 491037.207186 5881566.028577, 491037.207186 5881530.502063))
3; POLYGON((491128.345929 5881533.260107, 491137.200000 5881533.260107, 491137.200000 5881553.584601, 491128.345929 5881553.584601, 491128.345929 5881533.260107))
3; POLYGON((491037.200000 5881577.302902, 491137.122992 5881577.302902, 491137.122992 5881604.246094, 491037.200000 5881604.246094, 491037.200000 5881577.302902))
3; POLYGON((491037.208261 5881525.406097, 491041.369829 5881525.406097, 491041.369829 5881566.150949, 491037.208261 5881566.150949, 491037.208261 5881525.406097))
3; POLYGON((491117.741980 5881510.300000, 491134.680652 5881510.300000, 491134.680652 5881528.207959, 491117.741980 5881528.207959, 491117.741980 5881510.300000))
3; POLYGON((491037.385966 5881574.408838, 491137.200000 5881574.408838, 491137.200000 5881604.065516, 491037.385966 5881604.065516, 491037.385966 5881574.408838))
4; POLYGON((491114.058252 5881569.863730, 491137.200000 5881569.863730, 491137.200000 5881581.145444, 491114.058252 5881581.145444, 491114.058252 5881569.863730))
3; POLYGON((491037.203466 5881534.251294, 491041.624521 5881534.251294, 491041.624521 5881565.995724, 491037.203466 5881565.995724, 491037.203466 5881534.251294))
