3; POLYGON((488193.527759 5881626.383453, 488217.044458 5881626.383453, 488217.044458 5881647.419135, 488193.527759 5881647.419135, 488193.527759 5881626.383453))
3; POLYGON((488153.186563 5881698.030811, 488175.002774 5881698.030811, 488175.002774 5881710.300000, 488153.186563 5881710.300000, 488153.186563 5881698.030811))
3; POLYGON((488137.200000 5881612.692670, 488154.305185 5881612.692670, 488154.305185 5881636.715326, 488137.200000 5881636.715326, 488137.200000 5881612.692670))
4; POLYGON((488178.430508 5881610.337030, 488204.121362 5881610.337030, 488204.121362 5881635.395941, 488178.430508 5881635.395941, 488178.430508 5881610.337030))
3; POLYGON((488172.019928 5881610.301007, 488190.108032 5881610.301007, 488190.108032 5881618.548071, 488172.019928 5881618.548071, 488172.019928 5881610.301007))
3; POLYGON((488175.013089 5881683.327600, 488193.963385 5881683.327600, 488193.963385 5881701.486846, 488175.013089 5881701.486846, 488175.013089 5881683.327600))
4; POLYGON((488163.298572 5881610.300000, 488204.370245 5881610.300000, 488204.370245 5881647.538373, 488163.298572 5881647.538373, 488163.298572 5881610.300000))
3; POLYGON((488170.486600 5881610.300000, 488189.584686 5881610.300000, 488189.584686 5881618.638885, 488170.486600 5881618.638885, 488170.486600 5881610.300000))
4; POLYGON((488137.200000 5881678.098453, 488158.847087 5881678.098453, 488158.847087 5881700.413686, 488137.200000 5881700.413686, 488137.200000 5881678.098453))
3; POLYGON((488137.204326 5881702.263718, 488142.129607 5881702.263718, 488142.129607 5881710.237495, 488137.204326 5881710.237495, 488137.204326 5881702.263718))
3; POLYGON((488137.200000 5881612.631512, 488154.401735 5881612.631512, 488154.401735 5881647.297003, 488137.200000 5881647.297003, 488137.200000 5881612.631512))
3; POLYGON((488168.108218 5881610.300000, 488190.937170 5881610.300000, 488190.937170 5881619.348517, 488168.108218 5881619.348517, 488168.108218 5881610.300000))
4; POLYGON((488168.099997 5881684.529489, 488177.323517 5881684.529489, 488177.323517 5881693.951254, 488168.099997 5881693.951254, 488168.099997 5881684.529489))
3; POLYGON((488168.732620 5881610.300000, 488192.211908 5881610.300000, 488192.211908 5881618.954004, 488168.732620 5881618.954004, 488168.732620 5881610.300000))
3; POLYGON((488165.546616 5881610.300000, 488190.919830 5881610.300000, 488190.919830 5881619.136737, 488165.546616 5881619.136737, 488165.546616 5881610.300000))
3; POLYGON((488137.204025 5881612.680768, 488154.408151 5881612.680768, 488154.408151 5881651.503967, 488137.204025 5881651.503967, 488137.204025 5881612.680768))
3; POLYGON((488164.499258 5881610.300000, 488190.415363 5881610.300000, 488190.415363 5881619.583868, 488164.499258 5881619.583868, 488164.499258 5881610.300000))
4; POLYGON((488198.785767 5881641.656500, 488206.064307 5881641.656500, 488206.064307 5881648.519403, 488198.785767 5881648.519403, 488198.785767 5881641.656500))
