3; POLYGON((488737.210163 5880112.975140, 488750.870084 5880112.975140, 488750.870084 5880148.551337, 488737.210163 5880148.551337, 488737.210163 5880112.975140))
3; POLYGON((488776.043701 5880138.201019, 488795.560992 5880138.201019, 488795.560992 5880156.303394, 488776.043701 5880156.303394, 488776.043701 5880138.201019))
3; POLYGON((488758.451570 5880184.853378, 488771.894205 5880184.853378, 488771.894205 5880202.566733, 488758.451570 5880202.566733, 488758.451570 5880184.853378))
3; POLYGON((488831.491229 5880194.272614, 488837.200000 5880194.272614, 488837.200000 5880208.105491, 488831.491229 5880208.105491, 488831.491229 5880194.272614))
3; POLYGON((488743.793653 5880110.300543, 488775.144464 5880110.300543, 488775.144464 5880141.691492, 488743.793653 5880141.691492, 488743.793653 5880110.300543))
4; POLYGON((488746.787974 5880187.387984, 488761.499435 5880187.387984, 488761.499435 5880203.708688, 488746.787974 5880203.708688, 488746.787974 5880187.387984))
3; POLYGON((488737.200000 5880161.162567, 488753.946519 5880161.162567, 488753.946519 5880185.866656, 488737.200000 5880185.866656, 488737.200000 5880161.162567))
4; POLYGON((488737.309830 5880187.320142, 488762.300816 5880187.320142, 488762.300816 5880210.260582, 488737.309830 5880210.260582, 488737.309830 5880187.320142))
3; POLYGON((488737.203812 5880198.176444, 488741.981881 5880198.176444, 488741.981881 5880210.300000, 488737.203812 5880210.300000, 488737.203812 5880198.176444))
3; POLYGON((488737.202267 5880198.489772, 488742.381797 5880198.489772, 488742.381797 5880210.284856, 488737.202267 5880210.284856, 488737.202267 5880198.489772))
3; POLYGON((488737.209045 5880198.573797, 488741.531138 5880198.573797, 488741.531138 5880210.272458, 488737.209045 5880210.272458, 488737.209045 5880198.573797))
3; POLYGON((488737.210590 5880198.085246, 488741.265032 5880198.085246, 488741.265032 5880210.300000, 488737.210590 5880210.300000, 488737.210590 5880198.085246))
