3; POLYGON((490872.416473 5881751.069995, 490885.855222 5881751.069995, 490885.855222 5881765.613544, 490872.416473 5881765.613544, 490872.416473 5881751.069995))
3; POLYGON((490837.205304 5881716.105927, 490843.441467 5881716.105927, 490843.441467 5881730.560529, 490837.205304 5881730.560529, 490837.205304 5881716.105927))
3; POLYGON((490847.265129 5881710.300000, 490861.794011 5881710.300000, 490861.794011 5881722.024713, 490847.265129 5881722.024713, 490847.265129 5881710.300000))
3; POLYGON((490855.212839 5881746.594977, 490867.586649 5881746.594977, 490867.586649 5881759.988068, 490855.212839 5881759.988068, 490855.212839 5881746.594977))
3; POLYGON((490909.182397 5881764.650522, 490922.386151 5881764.650522, 490922.386151 5881779.846832, 490909.182397 5881779.846832, 490909.182397 5881764.650522))
3; POLYGON((490891.145966 5881759.604901, 490904.168689 5881759.604901, 490904.168689 5881773.371213, 490891.145966 5881773.371213, 490891.145966 5881759.604901))
3; POLYGON((490868.435519 5881710.870032, 490880.961060 5881710.870032, 490880.961060 5881721.767877, 490868.435519 5881721.767877, 490868.435519 5881710.870032))
3; POLYGON((490861.934760 5881788.685443, 490874.896158 5881788.685443, 490874.896158 5881804.066487, 490861.934760 5881804.066487, 490861.934760 5881788.685443))
3; POLYGON((490886.001791 5881710.393591, 490900.538672 5881710.393591, 490900.538672 5881725.744934, 490886.001791 5881725.744934, 490886.001791 5881710.393591))
3; POLYGON((490924.993616 5881716.251636, 490937.172644 5881716.251636, 490937.172644 5881730.822302, 490924.993616 5881730.822302, 490924.993616 5881716.251636))
3; POLYGON((490874.121439 5881794.036800, 490889.254218 5881794.036800, 490889.254218 5881810.300000, 490874.121439 5881810.300000, 490874.121439 5881794.036800))
3; POLYGON((490848.890366 5881786.193379, 490860.427800 5881786.193379, 490860.427800 5881798.756399, 490848.890366 5881798.756399, 490848.890366 5881786.193379))
3; POLYGON((490902.917419 5881806.495114, 490917.121179 5881806.495114, 490917.121179 5881810.294485, 490902.917419 5881810.294485, 490902.917419 5881806.495114))
3; POLYGON((490887.750397 5881800.143489, 490903.447687 5881800.143489, 490903.447687 5881810.300000, 490887.750397 5881810.300000, 490887.750397 5881800.143489))
4; POLYGON((490837.202179 5881778.769443, 490848.087916 5881778.769443, 490848.087916 5881796.965250, 490837.202179 5881796.965250, 490837.202179 5881778.769443))
