3; POLYGON((488976.444138 5882277.378503, 488997.729065 5882277.378503, 488997.729065 5882298.675497, 488976.444138 5882298.675497, 488976.444138 5882277.378503))
3; POLYGON((488937.201198 5882244.991302, 488953.002940 5882244.991302, 488953.002940 5882263.812015, 488937.201198 5882263.812015, 488937.201198 5882244.991302))
3; POLYGON((488937.207820 5882217.205353, 488941.024171 5882217.205353, 488941.024171 5882231.871515, 488937.207820 5882231.871515, 488937.207820 5882217.205353))
3; POLYGON((488938.575313 5882210.322095, 488953.410138 5882210.322095, 488953.410138 5882226.578644, 488938.575313 5882226.578644, 488938.575313 5882210.322095))
3; POLYGON((489024.195154 5882270.050824, 489037.200000 5882270.050824, 489037.200000 5882287.425369, 489024.195154 5882287.425369, 489024.195154 5882270.050824))
3; POLYGON((489001.469647 5882230.784747, 489020.250757 5882230.784747, 489020.250757 5882252.790009, 489001.469647 5882252.790009, 489001.469647 5882230.784747))
3; POLYGON((488948.801947 5882210.300000, 488962.186301 5882210.300000, 488962.186301 5882216.123798, 488948.801947 5882216.123798, 488948.801947 5882210.300000))
3; POLYGON((488948.663702 5882210.300000, 488962.174820 5882210.300000, 488962.174820 5882215.323297, 488948.663702 5882215.323297, 488948.663702 5882210.300000))
3; POLYGON((489024.210272 5882267.051825, 489037.200000 5882267.051825, 489037.200000 5882287.325146, 489024.210272 5882287.325146, 489024.210272 5882267.051825))
3; POLYGON((488948.746566 5882210.300000, 488962.208582 5882210.300000, 488962.208582 5882216.787256, 488948.746566 5882216.787256, 488948.746566 5882210.300000))
3; POLYGON((489009.574695 5882300.038947, 489029.235193 5882300.038947, 489029.235193 5882310.295850, 489009.574695 5882310.295850, 489009.574695 5882300.038947))
