3; POLYGON((489258.769153 5879910.300000, 489324.791473 5879910.300000, 489324.791473 5879952.993335, 489258.769153 5879952.993335, 489258.769153 5879910.300000))
3; POLYGON((489260.575728 5879977.817184, 489323.719977 5879977.817184, 489323.719977 5880005.113908, 489260.575728 5880005.113908, 489260.575728 5879977.817184))
3; POLYGON((489239.425248 5879910.327979, 489260.478964 5879910.327979, 489260.478964 5879936.088568, 489239.425248 5879936.088568, 489239.425248 5879910.327979))
3; POLYGON((489237.250586 5879949.718805, 489321.302106 5879949.718805, 489321.302106 5879988.404306, 489237.250586 5879988.404306, 489237.250586 5879949.718805))
3; POLYGON((489250.657349 5879977.740625, 489323.883862 5879977.740625, 489323.883862 5880005.429854, 489250.657349 5880005.429854, 489250.657349 5879977.740625))
3; POLYGON((489238.660612 5879977.642017, 489323.887622 5879977.642017, 489323.887622 5880009.049885, 489238.660612 5880009.049885, 489238.660612 5879977.642017))
3; POLYGON((489237.280371 5879948.730469, 489329.099707 5879948.730469, 489329.099707 5879987.806537, 489237.280371 5879987.806537, 489237.280371 5879948.730469))
3; POLYGON((489325.589703 5879955.750720, 489337.200000 5879955.750720, 489337.200000 5879978.009775, 489325.589703 5879978.009775, 489325.589703 5879955.750720))
3; POLYGON((489237.200000 5879947.727271, 489334.986407 5879947.727271, 489334.986407 5879987.095537, 489237.200000 5879987.095537, 489237.200000 5879947.727271))
3; POLYGON((489259.042741 5879924.031354, 489319.799469 5879924.031354, 489319.799469 5879953.037762, 489259.042741 5879953.037762, 489259.042741 5879924.031354))
