3; POLYGON((490053.640593 5882182.860272, 490121.798285 5882182.860272, 490121.798285 5882210.300000, 490053.640593 5882210.300000, 490053.640593 5882182.860272))
3; POLYGON((490095.317090 5882131.819934, 490123.371704 5882131.819934, 490123.371704 5882161.357861, 490095.317090 5882161.357861, 490095.317090 5882131.819934))
3; POLYGON((490126.019452 5882110.300000, 490137.200000 5882110.300000, 490137.200000 5882117.298547, 490126.019452 5882117.298547, 490126.019452 5882110.300000))
3; POLYGON((490069.761057 5882110.663440, 490087.907129 5882110.663440, 490087.907129 5882124.815753, 490069.761057 5882124.815753, 490069.761057 5882110.663440))
3; POLYGON((490126.635333 5882154.992352, 490137.200000 5882154.992352, 490137.200000 5882183.466074, 490126.635333 5882183.466074, 490126.635333 5882154.992352))
3; POLYGON((490126.627643 5882155.028925, 490137.200000 5882155.028925, 490137.200000 5882189.040950, 490126.627643 5882189.040950, 490126.627643 5882155.028925))
3; POLYGON((490126.558051 5882154.971826, 490137.192554 5882154.971826, 490137.192554 5882193.464186, 490126.558051 5882193.464186, 490126.558051 5882154.971826))
4; POLYGON((490037.200000 5882140.202020, 490060.197426 5882140.202020, 490060.197426 5882185.782460, 490037.200000 5882185.782460, 490037.200000 5882140.202020))
3; POLYGON((490037.200000 5882140.246771, 490060.174474 5882140.246771, 490060.174474 5882184.893129, 490037.200000 5882184.893129, 490037.200000 5882140.246771))
3; POLYGON((490091.051788 5882192.225232, 490121.933917 5882192.225232, 490121.933917 5882210.283759, 490091.051788 5882210.283759, 490091.051788 5882192.225232))
3; POLYGON((490126.620551 5882154.933392, 490137.200000 5882154.933392, 490137.200000 5882205.489148, 490126.620551 5882205.489148, 490126.620551 5882154.933392))
3; POLYGON((490053.411676 5882182.580206, 490087.084763 5882182.580206, 490087.084763 5882210.293032, 490053.411676 5882210.293032, 490053.411676 5882182.580206))
