3; POLYGON((489937.200000 5881517.140509, 489987.413303 5881517.140509, 489987.413303 5881581.284714, 489937.200000 5881581.284714, 489937.200000 5881517.140509))
3; POLYGON((489989.620386 5881512.652576, 490015.503418 5881512.652576, 490015.503418 5881536.446033, 489989.620386 5881536.446033, 489989.620386 5881512.652576))
3; POLYGON((489963.890057 5881577.844211, 490002.005225 5881577.844211, 490002.005225 5881610.300000, 489963.890057 5881610.300000, 489963.890057 5881577.844211))
3; POLYGON((490014.116437 5881536.464154, 490027.306421 5881536.464154, 490027.306421 5881550.463666, 490014.116437 5881550.463666, 490014.116437 5881536.464154))
3; POLYGON((489983.226868 5881555.086719, 490021.517560 5881555.086719, 490021.517560 5881589.753427, 489983.226868 5881589.753427, 489983.226868 5881555.086719))
3; POLYGON((490028.060693 5881519.879724, 490037.200000 5881519.879724, 490037.200000 5881535.236560, 490028.060693 5881535.236560, 490028.060693 5881519.879724))
3; POLYGON((489937.201988 5881591.426997, 489951.956708 5881591.426997, 489951.956708 5881610.292755, 489937.201988 5881610.292755, 489937.201988 5881591.426997))
3; POLYGON((489937.210850 5881588.475893, 489951.977991 5881588.475893, 489951.977991 5881610.263921, 489937.210850 5881610.263921, 489937.210850 5881588.475893))
3; POLYGON((490017.298145 5881584.024570, 490037.200000 5881584.024570, 490037.200000 5881607.545199, 490017.298145 5881607.545199, 490017.298145 5881584.024570))
3; POLYGON((490025.965613 5881591.377553, 490037.200000 5881591.377553, 490037.200000 5881607.506532, 490025.965613 5881607.506532, 490025.965613 5881591.377553))
3; POLYGON((489937.200000 5881585.288161, 489951.954865 5881585.288161, 489951.954865 5881610.239062, 489937.200000 5881610.239062, 489937.200000 5881585.288161))
