4; POLYGON((488937.206749 5881488.440486, 488959.650406 5881488.440486, 488959.650406 5881510.300000, 488937.206749 5881510.300000, 488937.206749 5881488.440486))
4; POLYGON((488948.007418 5881445.435370, 489021.047815 5881445.435370, 489021.047815 5881510.213424, 488948.007418 5881510.213424, 488948.007418 5881445.435370))
4; POLYGON((488939.080348 5881442.388916, 489021.080273 5881442.388916, 489021.080273 5881510.223766, 488939.080348 5881510.223766, 488939.080348 5881442.388916))
4; POLYGON((489027.877197 5881492.674716, 489037.200000 5881492.674716, 489037.200000 5881510.297416, 489027.877197 5881510.297416, 489027.877197 5881492.674716))
4; POLYGON((489026.655884 5881493.719029, 489037.200000 5881493.719029, 489037.200000 5881510.300000, 489026.655884 5881510.300000, 489026.655884 5881493.719029))
4; POLYGON((488951.051546 5881449.510651, 489021.010236 5881449.510651, 489021.010236 5881510.238709, 488951.051546 5881510.238709, 488951.051546 5881449.510651))
4; POLYGON((489028.465460 5881494.445027, 489037.200000 5881494.445027, 489037.200000 5881510.289302, 489028.465460 5881510.289302, 489028.465460 5881494.445027))
4; POLYGON((488937.200000 5881478.858267, 488959.741325 5881478.858267, 488959.741325 5881510.300000, 488937.200000 5881510.300000, 488937.200000 5881478.858267))
4; POLYGON((489023.797400 5881494.098047, 489037.200000 5881494.098047, 489037.200000 5881510.299580, 489023.797400 5881510.299580, 489023.797400 5881494.098047))
4; POLYGON((488964.259918 5881460.168790, 489021.151056 5881460.168790, 489021.151056 5881510.293998, 488964.259918 5881510.293998, 488964.259918 5881460.168790))
