3; POLYGON((489037.200000 5881564.914444, 489064.539795 5881564.914444, 489064.539795 5881610.288973, 489037.200000 5881610.288973, 489037.200000 5881564.914444))
3; POLYGON((489064.439841 5881539.044995, 489082.312399 5881539.044995, 489082.312399 5881558.692236, 489064.439841 5881558.692236, 489064.439841 5881539.044995))
3; POLYGON((489071.990067 5881590.430801, 489096.124133 5881590.430801, 489096.124133 5881610.300000, 489071.990067 5881610.300000, 489071.990067 5881590.430801))
3; POLYGON((489089.135443 5881557.464270, 489115.333185 5881557.464270, 489115.333185 5881587.218341, 489089.135443 5881587.218341, 489089.135443 5881557.464270))
3; POLYGON((489074.983896 5881514.208374, 489098.878174 5881514.208374, 489098.878174 5881539.404541, 489074.983896 5881539.404541, 489074.983896 5881514.208374))
3; POLYGON((489126.905188 5881510.300000, 489137.200000 5881510.300000, 489137.200000 5881518.683173, 489126.905188 5881518.683173, 489126.905188 5881510.300000))
3; POLYGON((489098.509167 5881510.300000, 489112.618896 5881510.300000, 489112.618896 5881515.096246, 489098.509167 5881515.096246, 489098.509167 5881510.300000))
3; POLYGON((489111.062122 5881544.904077, 489132.631610 5881544.904077, 489132.631610 5881564.887201, 489111.062122 5881564.887201, 489111.062122 5881544.904077))
4; POLYGON((489125.671790 5881588.311313, 489137.200000 5881588.311313, 489137.200000 5881610.300000, 489125.671790 5881610.300000, 489125.671790 5881588.311313))
4; POLYGON((489096.792621 5881527.515637, 489110.799469 5881527.515637, 489110.799469 5881543.932495, 489096.792621 5881543.932495, 489096.792621 5881527.515637))
