3; POLYGON((488909.735620 5880460.552322, 488929.534564 5880460.552322, 488929.534564 5880492.274590, 488909.735620 5880492.274590, 488909.735620 5880460.552322))
3; POLYGON((488843.818298 5880410.300000, 488887.640164 5880410.300000, 488887.640164 5880448.201715, 488843.818298 5880448.201715, 488843.818298 5880410.300000))
3; POLYGON((488924.505469 5880456.413971, 488931.610559 5880456.413971, 488931.610559 5880466.675256, 488924.505469 5880466.675256, 488924.505469 5880456.413971))
3; POLYGON((488839.851679 5880479.583929, 488861.609633 5880479.583929, 488861.609633 5880506.758191, 488839.851679 5880506.758191, 488839.851679 5880479.583929))
3; POLYGON((488837.208139 5880498.418288, 488841.093645 5880498.418288, 488841.093645 5880510.300000, 488837.208139 5880510.300000, 488837.208139 5880498.418288))
4; POLYGON((488855.406194 5880471.455963, 488877.177606 5880471.455963, 488877.177606 5880502.373509, 488855.406194 5880502.373509, 488855.406194 5880471.455963))
3; POLYGON((488837.213486 5880410.300000, 488855.294690 5880410.300000, 488855.294690 5880435.945331, 488837.213486 5880435.945331, 488837.213486 5880410.300000))
3; POLYGON((488924.577258 5880410.300000, 488937.182849 5880410.300000, 488937.182849 5880449.752997, 488924.577258 5880449.752997, 488924.577258 5880410.300000))
4; POLYGON((488851.836867 5880439.422467, 488899.915216 5880439.422467, 488899.915216 5880502.680000, 488851.836867 5880502.680000, 488851.836867 5880439.422467))
3; POLYGON((488837.200000 5880410.300000, 488854.388422 5880410.300000, 488854.388422 5880437.602557, 488837.200000 5880437.602557, 488837.200000 5880410.300000))
3; POLYGON((488837.219899 5880410.303436, 488855.086890 5880410.303436, 488855.086890 5880439.919220, 488837.219899 5880439.919220, 488837.219899 5880410.303436))
3; POLYGON((488837.200000 5880410.300000, 488857.498357 5880410.300000, 488857.498357 5880436.129510, 488837.200000 5880436.129510, 488837.200000 5880410.300000))
3; POLYGON((488837.200000 5880410.300000, 488855.110419 5880410.300000, 488855.110419 5880427.950562, 488837.200000 5880427.950562, 488837.200000 5880410.300000))
4; POLYGON((488893.861804 5880410.300000, 488913.981970 5880410.300000, 488913.981970 5880425.014697, 488893.861804 5880425.014697, 488893.861804 5880410.300000))
4; POLYGON((488879.793256 5880425.470868, 488895.761151 5880425.470868, 488895.761151 5880443.462708, 488879.793256 5880443.462708, 488879.793256 5880425.470868))
3; POLYGON((488924.409503 5880410.300000, 488937.200000 5880410.300000, 488937.200000 5880457.578827, 488924.409503 5880457.578827, 488924.409503 5880410.300000))
3; POLYGON((488928.838843 5880474.151495, 488937.200000 5880474.151495, 488937.200000 5880489.960078, 488928.838843 5880489.960078, 488928.838843 5880474.151495))
3; POLYGON((488837.210560 5880410.303949, 488859.538780 5880410.303949, 488859.538780 5880434.998657, 488837.210560 5880434.998657, 488837.210560 5880410.303949))
4; POLYGON((488851.647314 5880439.443555, 488900.204449 5880439.443555, 488900.204449 5880494.635561, 488851.647314 5880494.635561, 488851.647314 5880439.443555))
3; POLYGON((488837.224441 5880410.300000, 488855.083008 5880410.300000, 488855.083008 5880444.461987, 488837.224441 5880444.461987, 488837.224441 5880410.300000))
3; POLYGON((488928.809259 5880472.443561, 488937.200000 5880472.443561, 488937.200000 5880489.919652, 488928.809259 5880489.919652, 488928.809259 5880472.443561))
3; POLYGON((488837.204721 5880410.311023, 488853.951038 5880410.311023, 488853.951038 5880429.713416, 488837.204721 5880429.713416, 488837.204721 5880410.311023))
3; POLYGON((488837.200000 5880410.300000, 488854.515945 5880410.300000, 488854.515945 5880426.390863, 488837.200000 5880426.390863, 488837.200000 5880410.300000))
