3; POLYGON((489637.200000 5880143.907019, 489662.816177 5880143.907019, 489662.816177 5880162.942612, 489637.200000 5880162.942612, 489637.200000 5880143.907019))
3; POLYGON((489667.600903 5880126.725958, 489715.447363 5880126.725958, 489715.447363 5880149.389435, 489667.600903 5880149.389435, 489667.600903 5880126.725958))
3; POLYGON((489637.232185 5880110.300000, 489652.464291 5880110.300000, 489652.464291 5880130.254053, 489637.232185 5880130.254053, 489637.232185 5880110.300000))
3; POLYGON((489662.562485 5880110.300000, 489676.351730 5880110.300000, 489676.351730 5880123.322260, 489662.562485 5880123.322260, 489662.562485 5880110.300000))
3; POLYGON((489685.776614 5880110.300000, 489698.161102 5880110.300000, 489698.161102 5880116.837170, 489685.776614 5880116.837170, 489685.776614 5880110.300000))
3; POLYGON((489717.916876 5880118.693127, 489737.200000 5880118.693127, 489737.200000 5880134.366644, 489717.916876 5880134.366644, 489717.916876 5880118.693127))
4; POLYGON((489640.405043 5880172.030524, 489674.599625 5880172.030524, 489674.599625 5880210.300000, 489640.405043 5880210.300000, 489640.405043 5880172.030524))
3; POLYGON((489710.828137 5880110.300000, 489722.858496 5880110.300000, 489722.858496 5880111.713434, 489710.828137 5880111.713434, 489710.828137 5880110.300000))
3; POLYGON((489710.604871 5880110.300000, 489722.972638 5880110.300000, 489722.972638 5880111.857928, 489710.604871 5880111.857928, 489710.604871 5880110.300000))
3; POLYGON((489653.478731 5880119.072662, 489660.545695 5880119.072662, 489660.545695 5880126.627747, 489653.478731 5880126.627747, 489653.478731 5880119.072662))
3; POLYGON((489710.921466 5880110.300000, 489722.307690 5880110.300000, 489722.307690 5880111.629950, 489710.921466 5880111.629950, 489710.921466 5880110.300000))
3; POLYGON((489710.571790 5880110.300000, 489723.961542 5880110.300000, 489723.961542 5880111.980786, 489710.571790 5880111.980786, 489710.571790 5880110.300000))
3; POLYGON((489710.759155 5880110.300000, 489722.846405 5880110.300000, 489722.846405 5880112.178912, 489710.759155 5880112.178912, 489710.759155 5880110.300000))
