4; POLYGON((490849.290140 5881146.964807, 490884.697592 5881146.964807, 490884.697592 5881179.683139, 490849.290140 5881179.683139, 490849.290140 5881146.964807))
4; POLYGON((490837.200000 5881123.315253, 490864.172147 5881123.315253, 490864.172147 5881156.466174, 490837.200000 5881156.466174, 490837.200000 5881123.315253))
4; POLYGON((490889.033295 5881116.216199, 490919.756781 5881116.216199, 490919.756781 5881145.191632, 490889.033295 5881145.191632, 490889.033295 5881116.216199))
4; POLYGON((490867.663980 5881110.300000, 490892.852759 5881110.300000, 490892.852759 5881121.896649, 490867.663980 5881121.896649, 490867.663980 5881110.300000))
4; POLYGON((490867.706436 5881110.300000, 490896.058795 5881110.300000, 490896.058795 5881121.896783, 490867.706436 5881121.896783, 490867.706436 5881110.300000))
4; POLYGON((490867.605997 5881110.300000, 490889.890338 5881110.300000, 490889.890338 5881121.912720, 490867.605997 5881121.912720, 490867.605997 5881110.300000))
3; POLYGON((490837.200885 5881193.766293, 490854.395700 5881193.766293, 490854.395700 5881210.293257, 490837.200885 5881210.293257, 490837.200885 5881193.766293))
4; POLYGON((490862.090251 5881185.515564, 490874.538757 5881185.515564, 490874.538757 5881198.156979, 490862.090251 5881198.156979, 490862.090251 5881185.515564))
1; POLYGON((490870.886780 5881173.299332, 490887.999344 5881173.299332, 490887.999344 5881190.537018, 490870.886780 5881190.537018, 490870.886780 5881173.299332))
1; POLYGON((490913.860114 5881135.602448, 490931.287823 5881135.602448, 490931.287823 5881152.808252, 490913.860114 5881152.808252, 490913.860114 5881135.602448))
4; POLYGON((490867.792081 5881110.300000, 490899.558002 5881110.300000, 490899.558002 5881121.883557, 490867.792081 5881121.883557, 490867.792081 5881110.300000))
3; POLYGON((490927.062366 5881205.702197, 490937.200000 5881205.702197, 490937.200000 5881210.300000, 490927.062366 5881210.300000, 490927.062366 5881205.702197))
1; POLYGON((490905.246924 5881147.589648, 490917.693134 5881147.589648, 490917.693134 5881160.553995, 490905.246924 5881160.553995, 490905.246924 5881147.589648))
4; POLYGON((490884.229639 5881165.880237, 490896.973108 5881165.880237, 490896.973108 5881178.934344, 490884.229639 5881178.934344, 490884.229639 5881165.880237))
