3; POLYGON((490368.561923 5881689.769138, 490397.633954 5881689.769138, 490397.633954 5881710.292041, 490368.561923 5881710.292041, 490368.561923 5881689.769138))
3; POLYGON((490389.988696 5881644.743359, 490407.675610 5881644.743359, 490407.675610 5881658.543384, 490389.988696 5881658.543384, 490389.988696 5881644.743359))
3; POLYGON((490347.256057 5881634.185614, 490363.459915 5881634.185614, 490363.459915 5881648.926007, 490347.256057 5881648.926007, 490347.256057 5881634.185614))
3; POLYGON((490351.950179 5881668.318329, 490375.786008 5881668.318329, 490375.786008 5881693.258281, 490351.950179 5881693.258281, 490351.950179 5881668.318329))
3; POLYGON((490407.269830 5881650.331140, 490417.030811 5881650.331140, 490417.030811 5881661.912485, 490407.269830 5881661.912485, 490407.269830 5881650.331140))
3; POLYGON((490366.232327 5881613.287549, 490378.344037 5881613.287549, 490378.344037 5881624.132556, 490366.232327 5881624.132556, 490366.232327 5881613.287549))
3; POLYGON((490337.206781 5881635.093652, 490345.824146 5881635.093652, 490345.824146 5881659.657132, 490337.206781 5881659.657132, 490337.206781 5881635.093652))
3; POLYGON((490417.529474 5881648.835614, 490434.490070 5881648.835614, 490434.490070 5881663.050095, 490417.529474 5881663.050095, 490417.529474 5881648.835614))
3; POLYGON((490366.337448 5881638.882361, 490390.079449 5881638.882361, 490390.079449 5881655.116547, 490366.337448 5881655.116547, 490366.337448 5881638.882361))
3; POLYGON((490373.851263 5881640.561011, 490390.078510 5881640.561011, 490390.078510 5881655.107880, 490373.851263 5881655.107880, 490373.851263 5881640.561011))
