1; POLYGON((490656.541855 5880145.451300, 490707.345795 5880145.451300, 490707.345795 5880210.300000, 490656.541855 5880210.300000, 490656.541855 5880145.451300))
1; POLYGON((490711.182745 5880110.317169, 490737.200000 5880110.317169, 490737.200000 5880171.060703, 490711.182745 5880171.060703, 490711.182745 5880110.317169))
1; POLYGON((490664.790381 5880110.300684, 490696.114240 5880110.300684, 490696.114240 5880135.354755, 490664.790381 5880135.354755, 490664.790381 5880110.300684))
4; POLYGON((490664.652502 5880110.300000, 490695.967694 5880110.300000, 490695.967694 5880135.274115, 490664.652502 5880135.274115, 490664.652502 5880110.300000))
4; POLYGON((490722.826111 5880173.554102, 490737.200000 5880173.554102, 490737.200000 5880210.300000, 490722.826111 5880210.300000, 490722.826111 5880173.554102))
1; POLYGON((490721.772321 5880137.202228, 490737.200000 5880137.202228, 490737.200000 5880171.209344, 490721.772321 5880171.209344, 490721.772321 5880137.202228))
1; POLYGON((490711.070581 5880110.300000, 490737.200000 5880110.300000, 490737.200000 5880142.419635, 490711.070581 5880142.419635, 490711.070581 5880110.300000))
2; POLYGON((490718.173029 5880121.074115, 490736.376239 5880121.074115, 490736.376239 5880132.467712, 490718.173029 5880132.467712, 490718.173029 5880121.074115))
1; POLYGON((490665.194171 5880110.300000, 490695.089856 5880110.300000, 490695.089856 5880125.638403, 490665.194171 5880125.638403, 490665.194171 5880110.300000))
2; POLYGON((490728.807898 5880138.517120, 490737.200000 5880138.517120, 490737.200000 5880164.174026, 490728.807898 5880164.174026, 490728.807898 5880138.517120))
