3; POLYGON((491544.253518 5881001.291794, 491559.432329 5881001.291794, 491559.432329 5881010.297940, 491544.253518 5881010.297940, 491544.253518 5881001.291794))
4; POLYGON((491584.416156 5880915.343164, 491591.565302 5880915.343164, 491591.565302 5880922.825024, 491584.416156 5880922.825024, 491584.416156 5880915.343164))
4; POLYGON((491626.736566 5880921.573987, 491634.420605 5880921.573987, 491634.420605 5880928.225171, 491626.736566 5880928.225171, 491626.736566 5880921.573987))
3; POLYGON((491611.091522 5880946.466827, 491620.862891 5880946.466827, 491620.862891 5880955.265985, 491611.091522 5880955.265985, 491611.091522 5880946.466827))
4; POLYGON((491603.446387 5880910.300000, 491611.457776 5880910.300000, 491611.457776 5880915.630225, 491603.446387 5880915.630225, 491603.446387 5880910.300000))
4; POLYGON((491589.051306 5880932.994116, 491596.994958 5880932.994116, 491596.994958 5880940.593634, 491589.051306 5880940.593634, 491589.051306 5880932.994116))
4; POLYGON((491608.475439 5880928.190387, 491616.806451 5880928.190387, 491616.806451 5880935.916223, 491608.475439 5880935.916223, 491608.475439 5880928.190387))
3; POLYGON((491589.498853 5880910.300000, 491597.242926 5880910.300000, 491597.242926 5880913.022614, 491589.498853 5880913.022614, 491589.498853 5880910.300000))
4; POLYGON((491565.927518 5880942.700519, 491573.553168 5880942.700519, 491573.553168 5880949.575616, 491565.927518 5880949.575616, 491565.927518 5880942.700519))
4; POLYGON((491574.694604 5880927.817175, 491582.733112 5880927.817175, 491582.733112 5880935.971381, 491574.694604 5880935.971381, 491574.694604 5880927.817175))
