3; POLYGON((489141.829758 5881564.841360, 489164.171756 5881564.841360, 489164.171756 5881587.214439, 489141.829758 5881587.214439, 489141.829758 5881564.841360))
3; POLYGON((489191.562366 5881554.951617, 489209.975385 5881554.951617, 489209.975385 5881598.460670, 489191.562366 5881598.460670, 489191.562366 5881554.951617))
3; POLYGON((489163.634885 5881533.272003, 489179.432498 5881533.272003, 489179.432498 5881553.931238, 489163.634885 5881553.931238, 489163.634885 5881533.272003))
4; POLYGON((489218.171857 5881588.487672, 489237.200000 5881588.487672, 489237.200000 5881610.300000, 489218.171857 5881610.300000, 489218.171857 5881588.487672))
4; POLYGON((489190.353058 5881517.588928, 489237.200000 5881517.588928, 489237.200000 5881573.415823, 489190.353058 5881573.415823, 489190.353058 5881517.588928))
3; POLYGON((489137.200000 5881510.300000, 489158.793867 5881510.300000, 489158.793867 5881531.547235, 489137.200000 5881531.547235, 489137.200000 5881510.300000))
4; POLYGON((489190.401270 5881517.513397, 489237.156409 5881517.513397, 489237.156409 5881562.388541, 489190.401270 5881562.388541, 489190.401270 5881517.513397))
4; POLYGON((489161.893318 5881592.440289, 489176.974384 5881592.440289, 489176.974384 5881608.991833, 489161.893318 5881608.991833, 489161.893318 5881592.440289))
4; POLYGON((489178.122888 5881575.973608, 489194.286261 5881575.973608, 489194.286261 5881589.371053, 489178.122888 5881589.371053, 489178.122888 5881575.973608))
1; POLYGON((489161.909224 5881592.462657, 489177.075803 5881592.462657, 489177.075803 5881609.077677, 489161.909224 5881609.077677, 489161.909224 5881592.462657))
4; POLYGON((489137.203049 5881589.539612, 489150.299016 5881589.539612, 489150.299016 5881610.300000, 489137.203049 5881610.300000, 489137.203049 5881589.539612))
4; POLYGON((489190.453430 5881517.610712, 489237.200000 5881517.610712, 489237.200000 5881567.774823, 489190.453430 5881567.774823, 489190.453430 5881517.610712))
4; POLYGON((489218.145581 5881581.744870, 489237.200000 5881581.744870, 489237.200000 5881610.300000, 489218.145581 5881610.300000, 489218.145581 5881581.744870))
4; POLYGON((489178.053085 5881576.081073, 489188.961108 5881576.081073, 489188.961108 5881589.379305, 489178.053085 5881589.379305, 489178.053085 5881576.081073))
