3; POLYGON((490711.916382 5882248.244110, 490731.599628 5882248.244110, 490731.599628 5882267.184549, 490711.916382 5882267.184549, 490711.916382 5882248.244110))
3; POLYGON((490659.150504 5882234.980524, 490676.466998 5882234.980524, 490676.466998 5882253.116394, 490659.150504 5882253.116394, 490659.150504 5882234.980524))
3; POLYGON((490690.760687 5882243.291986, 490706.414594 5882243.291986, 490706.414594 5882259.846698, 490690.760687 5882259.846698, 490690.760687 5882243.291986))
3; POLYGON((490730.819592 5882253.684528, 490737.200000 5882253.684528, 490737.200000 5882269.176566, 490730.819592 5882269.176566, 490730.819592 5882253.684528))
3; POLYGON((490674.759781 5882242.471289, 490688.990045 5882242.471289, 490688.990045 5882255.795251, 490674.759781 5882255.795251, 490674.759781 5882242.471289))
0; POLYGON((490655.791420 5882226.338531, 490666.111899 5882226.338531, 490666.111899 5882237.102734, 490655.791420 5882237.102734, 490655.791420 5882226.338531))
3; POLYGON((490637.206994 5882231.525476, 490641.589623 5882231.525476, 490641.589623 5882246.094409, 490637.206994 5882246.094409, 490637.206994 5882231.525476))
4; POLYGON((490656.891931 5882296.172249, 490674.732495 5882296.172249, 490674.732495 5882310.297669, 490656.891931 5882310.297669, 490656.891931 5882296.172249))
3; POLYGON((490637.207876 5882299.367016, 490644.350087 5882299.367016, 490644.350087 5882310.300000, 490637.207876 5882310.300000, 490637.207876 5882299.367016))
3; POLYGON((490637.200665 5882232.051074, 490641.414687 5882232.051074, 490641.414687 5882247.375403, 490637.200665 5882247.375403, 490637.200665 5882232.051074))
3; POLYGON((490637.206428 5882230.992749, 490641.901682 5882230.992749, 490641.901682 5882246.063208, 490637.206428 5882246.063208, 490637.206428 5882230.992749))
4; POLYGON((490667.455164 5882232.520581, 490680.026266 5882232.520581, 490680.026266 5882244.472253, 490667.455164 5882244.472253, 490667.455164 5882232.520581))
3; POLYGON((490725.444312 5882210.300000, 490732.979749 5882210.300000, 490732.979749 5882213.793481, 490725.444312 5882213.793481, 490725.444312 5882210.300000))
