4; POLYGON((491522.834796 5882574.942706, 491537.200000 5882574.942706, 491537.200000 5882610.234304, 491522.834796 5882610.234304, 491522.834796 5882574.942706))
4; POLYGON((491437.451943 5882510.313477, 491531.222052 5882510.313477, 491531.222052 5882546.416675, 491437.451943 5882546.416675, 491437.451943 5882510.313477))
4; POLYGON((491438.361507 5882576.242780, 491457.602625 5882576.242780, 491457.602625 5882593.709023, 491438.361507 5882593.709023, 491438.361507 5882576.242780))
4; POLYGON((491448.879943 5882607.224905, 491464.521429 5882607.224905, 491464.521429 5882610.296757, 491448.879943 5882610.296757, 491448.879943 5882607.224905))
1; POLYGON((491466.762048 5882578.913464, 491487.950223 5882578.913464, 491487.950223 5882599.671079, 491466.762048 5882599.671079, 491466.762048 5882578.913464))
1; POLYGON((491501.680646 5882584.128870, 491511.631927 5882584.128870, 491511.631927 5882588.055185, 491501.680646 5882588.055185, 491501.680646 5882584.128870))
4; POLYGON((491470.611377 5882607.375599, 491488.072806 5882607.375599, 491488.072806 5882610.298556, 491470.611377 5882610.298556, 491470.611377 5882607.375599))
1; POLYGON((491495.011993 5882568.041461, 491516.083026 5882568.041461, 491516.083026 5882588.346716, 491495.011993 5882588.346716, 491495.011993 5882568.041461))
4; POLYGON((491494.883630 5882568.135843, 491516.189667 5882568.135843, 491516.189667 5882588.301161, 491494.883630 5882588.301161, 491494.883630 5882568.135843))
1; POLYGON((491473.724329 5882595.202422, 491484.547949 5882595.202422, 491484.547949 5882599.518746, 491473.724329 5882599.518746, 491473.724329 5882595.202422))
4; POLYGON((491466.675980 5882578.808456, 491487.988953 5882578.808456, 491487.988953 5882599.694975, 491466.675980 5882599.694975, 491466.675980 5882578.808456))
1; POLYGON((491501.446808 5882583.833252, 491511.546338 5882583.833252, 491511.546338 5882587.974307, 491501.446808 5882587.974307, 491501.446808 5882583.833252))
1; POLYGON((491474.412811 5882595.452229, 491485.010944 5882595.452229, 491485.010944 5882599.671576, 491474.412811 5882599.671576, 491474.412811 5882595.452229))
4; POLYGON((491483.816840 5882544.676813, 491493.507715 5882544.676813, 491493.507715 5882550.003070, 491483.816840 5882550.003070, 491483.816840 5882544.676813))
