3; POLYGON((490237.200000 5881733.301477, 490261.778212 5881733.301477, 490261.778212 5881766.966455, 490237.200000 5881766.966455, 490237.200000 5881733.301477))
3; POLYGON((490237.200000 5881710.300000, 490262.738747 5881710.300000, 490262.738747 5881732.341577, 490237.200000 5881732.341577, 490237.200000 5881710.300000))
3; POLYGON((490237.200000 5881710.302295, 490262.875677 5881710.302295, 490262.875677 5881736.681519, 490237.200000 5881736.681519, 490237.200000 5881710.302295))
3; POLYGON((490237.200000 5881710.300000, 490262.078256 5881710.300000, 490262.078256 5881730.286121, 490237.200000 5881730.286121, 490237.200000 5881710.300000))
3; POLYGON((490237.200000 5881710.300000, 490262.945911 5881710.300000, 490262.945911 5881727.585565, 490237.200000 5881727.585565, 490237.200000 5881710.300000))
3; POLYGON((490263.725610 5881710.300000, 490289.414954 5881710.300000, 490289.414954 5881733.714679, 490263.725610 5881733.714679, 490263.725610 5881710.300000))
1; POLYGON((490321.874329 5881758.126379, 490337.198108 5881758.126379, 490337.198108 5881793.135995, 490321.874329 5881793.135995, 490321.874329 5881758.126379))
3; POLYGON((490282.921652 5881710.300000, 490297.944397 5881710.300000, 490297.944397 5881717.150201, 490282.921652 5881717.150201, 490282.921652 5881710.300000))
3; POLYGON((490282.696103 5881710.302771, 490299.201044 5881710.302771, 490299.201044 5881717.217480, 490282.696103 5881717.217480, 490282.696103 5881710.302771))
3; POLYGON((490264.186133 5881710.300000, 490299.848389 5881710.300000, 490299.848389 5881733.821857, 490264.186133 5881733.821857, 490264.186133 5881710.300000))
1; POLYGON((490321.858221 5881758.155408, 490337.200000 5881758.155408, 490337.200000 5881802.167626, 490321.858221 5881802.167626, 490321.858221 5881758.155408))
3; POLYGON((490273.119666 5881710.300000, 490289.043152 5881710.300000, 490289.043152 5881726.013220, 490273.119666 5881726.013220, 490273.119666 5881710.300000))
