4; POLYGON((490079.696756 5881970.810556, 490135.321442 5881970.810556, 490135.321442 5882010.300000, 490079.696756 5882010.300000, 490079.696756 5881970.810556))
1; POLYGON((490079.731683 5881910.300000, 490125.307025 5881910.300000, 490125.307025 5881958.076202, 490079.731683 5881958.076202, 490079.731683 5881910.300000))
4; POLYGON((490079.641800 5881977.409308, 490135.249274 5881977.409308, 490135.249274 5882010.276563, 490079.641800 5882010.276563, 490079.641800 5881977.409308))
1; POLYGON((490089.210962 5881910.300000, 490125.245270 5881910.300000, 490125.245270 5881944.175421, 490089.210962 5881944.175421, 490089.210962 5881910.300000))
4; POLYGON((490121.717938 5881936.246014, 490137.200000 5881936.246014, 490137.200000 5881970.968860, 490121.717938 5881970.968860, 490121.717938 5881936.246014))
3; POLYGON((490037.204594 5881910.312683, 490045.658590 5881910.312683, 490045.658590 5881935.704224, 490037.204594 5881935.704224, 490037.204594 5881910.312683))
3; POLYGON((490037.203386 5881910.324847, 490045.572006 5881910.324847, 490045.572006 5881938.582147, 490037.203386 5881938.582147, 490037.203386 5881910.324847))
3; POLYGON((490037.205683 5881910.300000, 490045.497589 5881910.300000, 490045.497589 5881941.621515, 490037.205683 5881941.621515, 490037.205683 5881910.300000))
3; POLYGON((490037.205547 5881910.312616, 490045.531408 5881910.312616, 490045.531408 5881925.197015, 490037.205547 5881925.197015, 490037.205547 5881910.312616))
3; POLYGON((490037.201658 5881910.302472, 490045.466808 5881910.302472, 490045.466808 5881931.660150, 490037.201658 5881931.660150, 490037.201658 5881910.302472))
3; POLYGON((490037.202784 5881910.331384, 490045.499918 5881910.331384, 490045.499918 5881927.203955, 490037.202784 5881927.203955, 490037.202784 5881910.331384))
3; POLYGON((490106.450140 5881969.127426, 490132.866309 5881969.127426, 490132.866309 5881988.805792, 490106.450140 5881988.805792, 490106.450140 5881969.127426))
3; POLYGON((490109.571204 5881969.133142, 490132.847949 5881969.133142, 490132.847949 5881988.697148, 490109.571204 5881988.697148, 490109.571204 5881969.133142))
1; POLYGON((490121.677014 5881936.230670, 490137.200000 5881936.230670, 490137.200000 5881971.384821, 490121.677014 5881971.384821, 490121.677014 5881936.230670))
3; POLYGON((490037.204069 5881910.300000, 490045.461067 5881910.300000, 490045.461067 5881946.703326, 490037.204069 5881946.703326, 490037.204069 5881910.300000))
4; POLYGON((490121.869983 5881936.211835, 490137.196783 5881936.211835, 490137.196783 5881962.820813, 490121.869983 5881962.820813, 490121.869983 5881936.211835))
