4; POLYGON((491595.471979 5881902.257858, 491613.585901 5881902.257858, 491613.585901 5881910.300000, 491595.471979 5881910.300000, 491595.471979 5881902.257858))
4; POLYGON((491630.027515 5881851.721790, 491637.200000 5881851.721790, 491637.200000 5881866.705429, 491630.027515 5881866.705429, 491630.027515 5881851.721790))
4; POLYGON((491537.200000 5881879.988153, 491568.140356 5881879.988153, 491568.140356 5881910.300000, 491537.200000 5881910.300000, 491537.200000 5881879.988153))
4; POLYGON((491624.663873 5881907.683792, 491637.200000 5881907.683792, 491637.200000 5881910.294350, 491624.663873 5881910.294350, 491624.663873 5881907.683792))
4; POLYGON((491553.943742 5881880.102414, 491568.278479 5881880.102414, 491568.278479 5881910.180791, 491553.943742 5881910.180791, 491553.943742 5881880.102414))
4; POLYGON((491595.782544 5881902.007249, 491637.188733 5881902.007249, 491637.188733 5881910.299098, 491595.782544 5881910.299098, 491595.782544 5881902.007249))
4; POLYGON((491624.646600 5881907.252830, 491637.200000 5881907.252830, 491637.200000 5881910.299134, 491624.646600 5881910.299134, 491624.646600 5881907.252830))
4; POLYGON((491537.200000 5881879.827191, 491581.277518 5881879.827191, 491581.277518 5881910.300000, 491537.200000 5881910.300000, 491537.200000 5881879.827191))
4; POLYGON((491568.042474 5881885.693846, 491581.261581 5881885.693846, 491581.261581 5881910.300000, 491568.042474 5881910.300000, 491568.042474 5881885.693846))
4; POLYGON((491554.809679 5881880.983047, 491568.083090 5881880.983047, 491568.083090 5881910.300000, 491554.809679 5881910.300000, 491554.809679 5881880.983047))
4; POLYGON((491548.435892 5881879.719427, 491568.499902 5881879.719427, 491568.499902 5881910.300000, 491548.435892 5881910.300000, 491548.435892 5881879.719427))
1; POLYGON((491546.766084 5881882.250467, 491555.117039 5881882.250467, 491555.117039 5881910.300000, 491546.766084 5881910.300000, 491546.766084 5881882.250467))
2; POLYGON((491547.770280 5881882.622449, 491555.091972 5881882.622449, 491555.091972 5881910.292746, 491547.770280 5881910.292746, 491547.770280 5881882.622449))
1; POLYGON((491537.200000 5881881.225574, 491555.446698 5881881.225574, 491555.446698 5881910.300000, 491537.200000 5881910.300000, 491537.200000 5881881.225574))
4; POLYGON((491569.561838 5881885.644501, 491581.275803 5881885.644501, 491581.275803 5881910.300000, 491569.561838 5881910.300000, 491569.561838 5881885.644501))
4; POLYGON((491624.140924 5881908.153080, 491637.200000 5881908.153080, 491637.200000 5881910.292815, 491624.140924 5881910.292815, 491624.140924 5881908.153080))
