4; POLYGON((491827.427466 5881751.488586, 491837.200000 5881751.488586, 491837.200000 5881801.918980, 491827.427466 5881801.918980, 491827.427466 5881751.488586))
4; POLYGON((491788.222681 5881710.300000, 491798.577167 5881710.300000, 491798.577167 5881718.429578, 491788.222681 5881718.429578, 491788.222681 5881710.300000))
4; POLYGON((491760.053975 5881714.162506, 491784.309280 5881714.162506, 491784.309280 5881734.376978, 491760.053975 5881734.376978, 491760.053975 5881714.162506))
4; POLYGON((491774.109781 5881710.300000, 491783.590900 5881710.300000, 491783.590900 5881712.736371, 491774.109781 5881712.736371, 491774.109781 5881710.300000))
4; POLYGON((491824.198779 5881722.112622, 491837.200000 5881722.112622, 491837.200000 5881801.749023, 491824.198779 5881801.749023, 491824.198779 5881722.112622))
4; POLYGON((491822.992010 5881721.735419, 491837.200000 5881721.735419, 491837.200000 5881735.437073, 491822.992010 5881735.437073, 491822.992010 5881721.735419))
4; POLYGON((491824.743890 5881735.569012, 491837.198230 5881735.569012, 491837.198230 5881751.933514, 491824.743890 5881751.933514, 491824.743890 5881735.569012))
4; POLYGON((491774.152744 5881710.300000, 491783.614468 5881710.300000, 491783.614468 5881713.025824, 491774.152744 5881713.025824, 491774.152744 5881710.300000))
3; POLYGON((491737.208633 5881772.079520, 491739.521248 5881772.079520, 491739.521248 5881782.565598, 491737.208633 5881782.565598, 491737.208633 5881772.079520))
4; POLYGON((491822.649164 5881721.900696, 491837.200000 5881721.900696, 491837.200000 5881756.436816, 491822.649164 5881756.436816, 491822.649164 5881721.900696))
4; POLYGON((491822.680768 5881722.103357, 491837.200000 5881722.103357, 491837.200000 5881801.252463, 491822.680768 5881801.252463, 491822.680768 5881722.103357))
3; POLYGON((491737.207559 5881771.547458, 491739.461082 5881771.547458, 491739.461082 5881782.211206, 491737.207559 5881782.211206, 491737.207559 5881771.547458))
4; POLYGON((491762.502084 5881714.336682, 491784.067365 5881714.336682, 491784.067365 5881728.664813, 491762.502084 5881728.664813, 491762.502084 5881714.336682))
4; POLYGON((491822.618170 5881721.771301, 491837.200000 5881721.771301, 491837.200000 5881753.085242, 491822.618170 5881753.085242, 491822.618170 5881721.771301))
4; POLYGON((491825.359088 5881735.756055, 491837.200000 5881735.756055, 491837.200000 5881752.690759, 491825.359088 5881752.690759, 491825.359088 5881735.756055))
3; POLYGON((491737.210998 5881772.366443, 491739.437744 5881772.366443, 491739.437744 5881783.639935, 491737.210998 5881783.639935, 491737.210998 5881772.366443))
4; POLYGON((491774.354828 5881710.300000, 491784.335052 5881710.300000, 491784.335052 5881712.663483, 491774.354828 5881712.663483, 491774.354828 5881710.300000))
