3; POLYGON((489137.212233 5880256.229193, 489142.236733 5880256.229193, 489142.236733 5880268.807468, 489137.212233 5880268.807468, 489137.212233 5880256.229193))
3; POLYGON((489147.206505 5880262.283359, 489215.932715 5880262.283359, 489215.932715 5880292.833514, 489147.206505 5880292.833514, 489147.206505 5880262.283359))
3; POLYGON((489154.679523 5880249.774658, 489168.133160 5880249.774658, 489168.133160 5880260.794724, 489154.679523 5880260.794724, 489154.679523 5880249.774658))
3; POLYGON((489169.858701 5880210.300000, 489204.035431 5880210.300000, 489204.035431 5880222.250592, 489169.858701 5880222.250592, 489169.858701 5880210.300000))
4; POLYGON((489149.601331 5880257.524329, 489155.868610 5880257.524329, 489155.868610 5880264.440945, 489149.601331 5880264.440945, 489149.601331 5880257.524329))
3; POLYGON((489219.455322 5880281.981970, 489237.200000 5880281.981970, 489237.200000 5880303.993909, 489219.455322 5880303.993909, 489219.455322 5880281.981970))
3; POLYGON((489151.117760 5880297.647644, 489193.237585 5880297.647644, 489193.237585 5880310.300000, 489151.117760 5880310.300000, 489151.117760 5880297.647644))
3; POLYGON((489146.701865 5880262.535428, 489160.568549 5880262.535428, 489160.568549 5880274.916730, 489146.701865 5880274.916730, 489146.701865 5880262.535428))
3; POLYGON((489210.205591 5880250.994525, 489222.010144 5880250.994525, 489222.010144 5880262.647278, 489210.205591 5880262.647278, 489210.205591 5880250.994525))
3; POLYGON((489168.153372 5880268.612054, 489216.016901 5880268.612054, 489216.016901 5880292.866739, 489168.153372 5880292.866739, 489168.153372 5880268.612054))
3; POLYGON((489214.708112 5880210.325934, 489234.107660 5880210.325934, 489234.107660 5880227.946808, 489214.708112 5880227.946808, 489214.708112 5880210.325934))
4; POLYGON((489149.668780 5880257.504761, 489155.411652 5880257.504761, 489155.411652 5880264.316928, 489149.668780 5880264.316928, 489149.668780 5880257.504761))
3; POLYGON((489137.211518 5880292.288454, 489141.331071 5880292.288454, 489141.331071 5880304.846404, 489137.211518 5880304.846404, 489137.211518 5880292.288454))
3; POLYGON((489210.196185 5880235.173999, 489227.735065 5880235.173999, 489227.735065 5880262.684271, 489210.196185 5880262.684271, 489210.196185 5880235.173999))
