3; POLYGON((490486.497833 5881666.344482, 490514.502020 5881666.344482, 490514.502020 5881685.117281, 490486.497833 5881685.117281, 490486.497833 5881666.344482))
3; POLYGON((490523.423743 5881697.454573, 490537.156317 5881697.454573, 490537.156317 5881710.290366, 490523.423743 5881710.290366, 490523.423743 5881697.454573))
3; POLYGON((490469.450278 5881660.703406, 490486.472861 5881660.703406, 490486.472861 5881675.005707, 490469.450278 5881675.005707, 490469.450278 5881660.703406))
3; POLYGON((490458.701614 5881657.998889, 490470.000668 5881657.998889, 490470.000668 5881670.674960, 490458.701614 5881670.674960, 490458.701614 5881657.998889))
3; POLYGON((490501.969025 5881610.370209, 490537.200000 5881610.370209, 490537.200000 5881633.098700, 490501.969025 5881633.098700, 490501.969025 5881610.370209))
3; POLYGON((490487.999283 5881610.300000, 490502.512610 5881610.300000, 490502.512610 5881621.984290, 490487.999283 5881621.984290, 490487.999283 5881610.300000))
3; POLYGON((490491.050336 5881641.647412, 490499.808453 5881641.647412, 490499.808453 5881650.391736, 490491.050336 5881650.391736, 490491.050336 5881641.647412))
3; POLYGON((490531.226562 5881677.489117, 490537.200000 5881677.489117, 490537.200000 5881691.984418, 490531.226562 5881691.984418, 490531.226562 5881677.489117))
3; POLYGON((490443.447396 5881691.854424, 490457.897231 5881691.854424, 490457.897231 5881710.300000, 490443.447396 5881710.300000, 490443.447396 5881691.854424))
3; POLYGON((490506.874780 5881610.450012, 490537.164343 5881610.450012, 490537.164343 5881633.067676, 490506.874780 5881633.067676, 490506.874780 5881610.450012))
3; POLYGON((490476.717734 5881610.300000, 490487.748944 5881610.300000, 490487.748944 5881614.684106, 490476.717734 5881614.684106, 490476.717734 5881610.300000))
3; POLYGON((490516.296338 5881675.368588, 490527.846118 5881675.368588, 490527.846118 5881691.765456, 490516.296338 5881691.765456, 490516.296338 5881675.368588))
3; POLYGON((490459.976669 5881629.634393, 490471.285434 5881629.634393, 490471.285434 5881642.666852, 490459.976669 5881642.666852, 490459.976669 5881629.634393))
0; POLYGON((490528.638159 5881650.936945, 490537.200000 5881650.936945, 490537.200000 5881665.426617, 490528.638159 5881665.426617, 490528.638159 5881650.936945))
