4; POLYGON((490939.508747 5880210.336133, 491037.200000 5880210.336133, 491037.200000 5880260.838620, 490939.508747 5880260.838620, 490939.508747 5880210.336133))
4; POLYGON((490949.977733 5880210.358154, 491037.200000 5880210.358154, 491037.200000 5880261.361255, 490949.977733 5880261.361255, 490949.977733 5880210.358154))
4; POLYGON((490960.534036 5880210.324170, 491037.178467 5880210.324170, 491037.178467 5880261.312210, 490960.534036 5880261.312210, 490960.534036 5880210.324170))
4; POLYGON((490959.078575 5880210.310834, 491013.985236 5880210.310834, 491013.985236 5880241.965302, 490959.078575 5880241.965302, 490959.078575 5880210.310834))
4; POLYGON((490937.504913 5880210.300000, 491019.470197 5880210.300000, 491019.470197 5880242.111108, 490937.504913 5880242.111108, 490937.504913 5880210.300000))
4; POLYGON((490937.520244 5880210.330914, 491034.202808 5880210.330914, 491034.202808 5880242.058789, 490937.520244 5880242.058789, 490937.520244 5880210.330914))
2; POLYGON((490972.310339 5880301.230783, 490987.702893 5880301.230783, 490987.702893 5880310.283126, 490972.310339 5880310.283126, 490972.310339 5880301.230783))
4; POLYGON((491007.973895 5880239.469623, 491025.007043 5880239.469623, 491025.007043 5880253.274487, 491007.973895 5880253.274487, 491007.973895 5880239.469623))
2; POLYGON((491024.231079 5880253.831702, 491033.378558 5880253.831702, 491033.378558 5880261.941211, 491024.231079 5880261.941211, 491024.231079 5880253.831702))
2; POLYGON((490937.215289 5880294.886278, 490952.111258 5880294.886278, 490952.111258 5880310.282503, 490937.215289 5880310.282503, 490937.215289 5880294.886278))
