3; POLYGON((489767.613614 5880329.521051, 489822.647284 5880329.521051, 489822.647284 5880366.724240, 489767.613614 5880366.724240, 489767.613614 5880329.521051))
4; POLYGON((489751.821548 5880366.914700, 489769.387024 5880366.914700, 489769.387024 5880380.688986, 489751.821548 5880380.688986, 489751.821548 5880366.914700))
3; POLYGON((489739.590088 5880355.511182, 489751.160229 5880355.511182, 489751.160229 5880371.171490, 489739.590088 5880371.171490, 489739.590088 5880355.511182))
4; POLYGON((489806.768939 5880310.300000, 489835.108136 5880310.300000, 489835.108136 5880339.566217, 489806.768939 5880339.566217, 489806.768939 5880310.300000))
4; POLYGON((489820.872998 5880310.300000, 489837.200000 5880310.300000, 489837.200000 5880331.976770, 489820.872998 5880331.976770, 489820.872998 5880310.300000))
4; POLYGON((489739.958023 5880404.189317, 489755.537538 5880404.189317, 489755.537538 5880410.300000, 489739.958023 5880410.300000, 489739.958023 5880404.189317))
4; POLYGON((489818.901501 5880310.300000, 489837.200000 5880310.300000, 489837.200000 5880331.793988, 489818.901501 5880331.793988, 489818.901501 5880310.300000))
3; POLYGON((489745.581965 5880310.300000, 489757.880638 5880310.300000, 489757.880638 5880313.450110, 489745.581965 5880313.450110, 489745.581965 5880310.300000))
3; POLYGON((489737.208870 5880313.530719, 489741.186871 5880313.530719, 489741.186871 5880325.256049, 489737.208870 5880325.256049, 489737.208870 5880313.530719))
4; POLYGON((489815.578088 5880310.300000, 489837.117883 5880310.300000, 489837.117883 5880331.482910, 489815.578088 5880331.482910, 489815.578088 5880310.300000))
3; POLYGON((489760.164595 5880310.300000, 489786.698621 5880310.300000, 489786.698621 5880311.924316, 489760.164595 5880311.924316, 489760.164595 5880310.300000))
3; POLYGON((489761.012175 5880310.300000, 489786.164688 5880310.300000, 489786.164688 5880312.232831, 489761.012175 5880312.232831, 489761.012175 5880310.300000))
4; POLYGON((489737.212022 5880360.648560, 489743.012091 5880360.648560, 489743.012091 5880374.689862, 489737.212022 5880374.689862, 489737.212022 5880360.648560))
