4; POLYGON((491394.447815 5882046.298694, 491437.200000 5882046.298694, 491437.200000 5882063.568970, 491394.447815 5882063.568970, 491394.447815 5882046.298694))
4; POLYGON((491384.040201 5882011.376263, 491437.200000 5882011.376263, 491437.200000 5882031.442072, 491384.040201 5882031.442072, 491384.040201 5882011.376263))
4; POLYGON((491384.102499 5882013.354663, 491437.200000 5882013.354663, 491437.200000 5882031.551624, 491384.102499 5882031.551624, 491384.102499 5882013.354663))
4; POLYGON((491396.696686 5882078.387476, 491437.009747 5882078.387476, 491437.009747 5882095.275917, 491396.696686 5882095.275917, 491396.696686 5882078.387476))
3; POLYGON((491354.993813 5882036.373572, 491365.811288 5882036.373572, 491365.811288 5882046.216229, 491354.993813 5882046.216229, 491354.993813 5882036.373572))
3; POLYGON((491351.736273 5882058.929224, 491365.181430 5882058.929224, 491365.181430 5882070.504337, 491351.736273 5882070.504337, 491351.736273 5882058.929224))
3; POLYGON((491354.530501 5882075.289127, 491370.815765 5882075.289127, 491370.815765 5882097.678446, 491354.530501 5882097.678446, 491354.530501 5882075.289127))
4; POLYGON((491367.131461 5882036.816559, 491380.776746 5882036.816559, 491380.776746 5882082.177002, 491367.131461 5882082.177002, 491367.131461 5882036.816559))
4; POLYGON((491396.732422 5882080.123737, 491436.751013 5882080.123737, 491436.751013 5882095.181531, 491396.732422 5882095.181531, 491396.732422 5882080.123737))
4; POLYGON((491365.909387 5882035.993567, 491380.851309 5882035.993567, 491380.851309 5882082.131287, 491365.909387 5882082.131287, 491365.909387 5882035.993567))
