3; POLYGON((490889.871844 5881913.671826, 490911.999976 5881913.671826, 490911.999976 5881934.942450, 490889.871844 5881934.942450, 490889.871844 5881913.671826))
3; POLYGON((490838.218396 5881958.767975, 490857.771341 5881958.767975, 490857.771341 5881978.269022, 490838.218396 5881978.269022, 490838.218396 5881958.767975))
3; POLYGON((490858.581544 5881943.193884, 490878.576816 5881943.193884, 490878.576816 5881961.820416, 490858.581544 5881961.820416, 490858.581544 5881943.193884))
3; POLYGON((490877.972351 5881931.200409, 490893.178033 5881931.200409, 490893.178033 5881946.451733, 490877.972351 5881946.451733, 490877.972351 5881931.200409))
3; POLYGON((490880.026840 5881963.563901, 490913.265692 5881963.563901, 490913.265692 5881996.857681, 490880.026840 5881996.857681, 490880.026840 5881963.563901))
3; POLYGON((490837.209612 5881975.592139, 490839.101364 5881975.592139, 490839.101364 5881991.125565, 490837.209612 5881991.125565, 490837.209612 5881975.592139))
4; POLYGON((490909.402631 5881930.924689, 490937.200000 5881930.924689, 490937.200000 5881970.325134, 490909.402631 5881970.325134, 490909.402631 5881930.924689))
3; POLYGON((490837.204577 5881975.065378, 490839.338161 5881975.065378, 490839.338161 5881991.792752, 490837.204577 5881991.792752, 490837.204577 5881975.065378))
3; POLYGON((490837.206708 5881975.248648, 490839.269494 5881975.248648, 490839.269494 5881990.621417, 490837.206708 5881990.621417, 490837.206708 5881975.248648))
4; POLYGON((490864.365698 5881989.732384, 490884.107172 5881989.732384, 490884.107172 5882009.379713, 490864.365698 5882009.379713, 490864.365698 5881989.732384))
3; POLYGON((490837.205592 5881910.476190, 490841.089948 5881910.476190, 490841.089948 5881925.019806, 490837.205592 5881925.019806, 490837.205592 5881910.476190))
