3; POLYGON((489974.899329 5882458.227893, 490028.378674 5882458.227893, 490028.378674 5882498.265716, 489974.899329 5882498.265716, 489974.899329 5882458.227893))
3; POLYGON((489951.891650 5882412.210754, 489989.384088 5882412.210754, 489989.384088 5882460.733624, 489951.891650 5882460.733624, 489951.891650 5882412.210754))
3; POLYGON((489937.222936 5882475.915775, 489971.338373 5882475.915775, 489971.338373 5882501.484184, 489937.222936 5882501.484184, 489937.222936 5882475.915775))
3; POLYGON((490032.013245 5882497.260417, 490037.200000 5882497.260417, 490037.200000 5882510.300000, 490032.013245 5882510.300000, 490032.013245 5882497.260417))
3; POLYGON((489988.717328 5882410.300000, 490001.955353 5882410.300000, 490001.955353 5882418.951880, 489988.717328 5882418.951880, 489988.717328 5882410.300000))
3; POLYGON((489990.129443 5882507.179802, 490004.598865 5882507.179802, 490004.598865 5882510.299319, 489990.129443 5882510.299319, 489990.129443 5882507.179802))
3; POLYGON((489989.192963 5882507.052271, 490004.671021 5882507.052271, 490004.671021 5882510.299069, 489989.192963 5882510.299069, 489989.192963 5882507.052271))
3; POLYGON((489990.465076 5882507.072454, 490006.209796 5882507.072454, 490006.209796 5882510.300000, 489990.465076 5882510.300000, 489990.465076 5882507.072454))
3; POLYGON((489991.083276 5882507.209026, 490008.487354 5882507.209026, 490008.487354 5882510.296148, 489991.083276 5882510.296148, 489991.083276 5882507.209026))
3; POLYGON((489985.750085 5882506.872726, 490004.727332 5882506.872726, 490004.727332 5882510.297050, 489985.750085 5882510.297050, 489985.750085 5882506.872726))
3; POLYGON((489983.973962 5882507.068868, 490005.285400 5882507.068868, 490005.285400 5882510.300000, 489983.973962 5882510.300000, 489983.973962 5882507.068868))
4; POLYGON((490018.398450 5882410.320856, 490037.200000 5882410.320856, 490037.200000 5882435.147668, 490018.398450 5882435.147668, 490018.398450 5882410.320856))
