3; POLYGON((488925.552032 5881977.884039, 488933.830493 5881977.884039, 488933.830493 5881988.183888, 488925.552032 5881988.183888, 488925.552032 5881977.884039))
3; POLYGON((488916.573004 5881954.078491, 488931.708612 5881954.078491, 488931.708612 5881972.173730, 488916.573004 5881972.173730, 488916.573004 5881954.078491))
3; POLYGON((488837.200000 5881910.300000, 488856.441034 5881910.300000, 488856.441034 5881932.930145, 488837.200000 5881932.930145, 488837.200000 5881910.300000))
3; POLYGON((488864.123102 5881925.045959, 488884.243613 5881925.045959, 488884.243613 5881943.278558, 488864.123102 5881943.278558, 488864.123102 5881925.045959))
3; POLYGON((488934.733008 5881961.447763, 488937.200000 5881961.447763, 488937.200000 5881978.112744, 488934.733008 5881978.112744, 488934.733008 5881961.447763))
3; POLYGON((488934.743115 5881960.881644, 488937.196704 5881960.881644, 488937.196704 5881979.270938, 488934.743115 5881979.270938, 488934.743115 5881960.881644))
3; POLYGON((488837.205382 5881910.301697, 488861.613029 5881910.301697, 488861.613029 5881935.869250, 488837.205382 5881935.869250, 488837.205382 5881910.301697))
3; POLYGON((488934.916492 5881961.996317, 488937.200000 5881961.996317, 488937.200000 5881979.197000, 488934.916492 5881979.197000, 488934.916492 5881961.996317))
3; POLYGON((488920.423889 5881910.300000, 488935.565900 5881910.300000, 488935.565900 5881914.872650, 488920.423889 5881914.872650, 488920.423889 5881910.300000))
3; POLYGON((488890.733801 5881947.525244, 488907.775671 5881947.525244, 488907.775671 5881967.533807, 488890.733801 5881967.533807, 488890.733801 5881947.525244))
3; POLYGON((488934.732288 5881961.156729, 488937.192914 5881961.156729, 488937.192914 5881981.469449, 488934.732288 5881981.469449, 488934.732288 5881961.156729))
3; POLYGON((488934.460956 5881960.788589, 488937.200000 5881960.788589, 488937.200000 5881978.521063, 488934.460956 5881978.521063, 488934.460956 5881960.788589))
3; POLYGON((488935.097620 5881962.632135, 488937.200000 5881962.632135, 488937.200000 5881980.277612, 488935.097620 5881980.277612, 488935.097620 5881962.632135))
