3; POLYGON((490071.603488 5881347.732544, 490137.154395 5881347.732544, 490137.154395 5881391.316148, 490071.603488 5881391.316148, 490071.603488 5881347.732544))
3; POLYGON((490039.642223 5881393.827103, 490084.051782 5881393.827103, 490084.051782 5881410.296899, 490039.642223 5881410.296899, 490039.642223 5881393.827103))
3; POLYGON((490037.206869 5881331.354797, 490070.342068 5881331.354797, 490070.342068 5881358.749066, 490037.206869 5881358.749066, 490037.206869 5881331.354797))
3; POLYGON((490091.201807 5881310.317242, 490137.200000 5881310.317242, 490137.200000 5881339.960706, 490091.201807 5881339.960706, 490091.201807 5881310.317242))
3; POLYGON((490093.817206 5881310.336304, 490137.200000 5881310.336304, 490137.200000 5881342.752600, 490093.817206 5881342.752600, 490093.817206 5881310.336304))
3; POLYGON((490085.266422 5881310.306372, 490137.200000 5881310.306372, 490137.200000 5881337.089038, 490085.266422 5881337.089038, 490085.266422 5881310.306372))
3; POLYGON((490089.851044 5881310.300000, 490137.200000 5881310.300000, 490137.200000 5881336.285638, 490089.851044 5881336.285638, 490089.851044 5881310.300000))
3; POLYGON((490097.439178 5881310.300000, 490137.168573 5881310.300000, 490137.168573 5881334.425140, 490097.439178 5881334.425140, 490097.439178 5881310.300000))
3; POLYGON((490098.354327 5881310.300000, 490137.200000 5881310.300000, 490137.200000 5881339.557709, 490098.354327 5881339.557709, 490098.354327 5881310.300000))
3; POLYGON((490091.870856 5881310.300000, 490137.200000 5881310.300000, 490137.200000 5881333.504889, 490091.870856 5881333.504889, 490091.870856 5881310.300000))
