4; POLYGON((491644.071944 5881731.425226, 491691.819269 5881731.425226, 491691.819269 5881750.431500, 491644.071944 5881750.431500, 491644.071944 5881731.425226))
4; POLYGON((491637.307270 5881777.555200, 491687.604617 5881777.555200, 491687.604617 5881800.877699, 491637.307270 5881800.877699, 491637.307270 5881777.555200))
4; POLYGON((491703.724695 5881710.300000, 491719.499023 5881710.300000, 491719.499023 5881715.219305, 491703.724695 5881715.219305, 491703.724695 5881710.300000))
4; POLYGON((491659.810851 5881710.300000, 491675.965616 5881710.300000, 491675.965616 5881715.007318, 491659.810851 5881715.007318, 491659.810851 5881710.300000))
4; POLYGON((491659.191562 5881710.300000, 491720.090765 5881710.300000, 491720.090765 5881715.794299, 491659.191562 5881715.794299, 491659.191562 5881710.300000))
3; POLYGON((491729.452380 5881772.333243, 491737.200000 5881772.333243, 491737.200000 5881781.915955, 491729.452380 5881781.915955, 491729.452380 5881772.333243))
4; POLYGON((491697.210321 5881710.300000, 491719.308502 5881710.300000, 491719.308502 5881715.294611, 491697.210321 5881715.294611, 491697.210321 5881710.300000))
4; POLYGON((491642.183352 5881710.300000, 491646.790078 5881710.300000, 491646.790078 5881714.629224, 491642.183352 5881714.629224, 491642.183352 5881710.300000))
4; POLYGON((491642.001677 5881710.300000, 491647.180373 5881710.300000, 491647.180373 5881714.519775, 491642.001677 5881714.519775, 491642.001677 5881710.300000))
1; POLYGON((491728.333417 5881792.519839, 491736.940863 5881792.519839, 491736.940863 5881798.944701, 491728.333417 5881798.944701, 491728.333417 5881792.519839))
4; POLYGON((491657.315097 5881710.300000, 491719.244513 5881710.300000, 491719.244513 5881716.143311, 491657.315097 5881716.143311, 491657.315097 5881710.300000))
4; POLYGON((491653.659697 5881710.300000, 491675.811786 5881710.300000, 491675.811786 5881714.994598, 491653.659697 5881714.994598, 491653.659697 5881710.300000))
