4; POLYGON((491337.200000 5880910.300000, 491422.020850 5880910.300000, 491422.020850 5880972.956552, 491337.200000 5880972.956552, 491337.200000 5880910.300000))
4; POLYGON((491374.108197 5880998.950144, 491412.177728 5880998.950144, 491412.177728 5881010.300000, 491374.108197 5881010.300000, 491374.108197 5880998.950144))
4; POLYGON((491418.061395 5880999.996177, 491425.354932 5880999.996177, 491425.354932 5881010.300000, 491418.061395 5881010.300000, 491418.061395 5880999.996177))
4; POLYGON((491432.338068 5880999.536412, 491437.200000 5880999.536412, 491437.200000 5881010.300000, 491432.338068 5881010.300000, 491432.338068 5880999.536412))
4; POLYGON((491374.492596 5880987.382266, 491400.771509 5880987.382266, 491400.771509 5880994.011041, 491374.492596 5880994.011041, 491374.492596 5880987.382266))
4; POLYGON((491337.200000 5880989.792796, 491353.942133 5880989.792796, 491353.942133 5880995.640202, 491337.200000 5880995.640202, 491337.200000 5880989.792796))
4; POLYGON((491337.204193 5880979.374017, 491347.868003 5880979.374017, 491347.868003 5880983.766510, 491337.204193 5880983.766510, 491337.204193 5880979.374017))
4; POLYGON((491337.203527 5880978.618359, 491347.898499 5880978.618359, 491347.898499 5880983.653723, 491337.203527 5880983.653723, 491337.203527 5880978.618359))
4; POLYGON((491433.146271 5880963.056296, 491437.200000 5880963.056296, 491437.200000 5880980.024652, 491433.146271 5880980.024652, 491433.146271 5880963.056296))
4; POLYGON((491433.181042 5880965.447778, 491437.200000 5880965.447778, 491437.200000 5880979.866617, 491433.181042 5880979.866617, 491433.181042 5880965.447778))
4; POLYGON((491433.195526 5880959.961121, 491437.200000 5880959.961121, 491437.200000 5880979.666797, 491433.195526 5880979.666797, 491433.195526 5880959.961121))
4; POLYGON((491433.275623 5880954.120898, 491437.200000 5880954.120898, 491437.200000 5880979.556403, 491433.275623 5880979.556403, 491433.275623 5880954.120898))
4; POLYGON((491433.208905 5880966.004956, 491437.200000 5880966.004956, 491437.200000 5880980.819131, 491433.208905 5880980.819131, 491433.208905 5880966.004956))
4; POLYGON((491385.230411 5880910.300000, 491422.437604 5880910.300000, 491422.437604 5880944.792426, 491385.230411 5880944.792426, 491385.230411 5880910.300000))
4; POLYGON((491433.201508 5880950.119067, 491437.189032 5880950.119067, 491437.189032 5880979.564618, 491433.201508 5880979.564618, 491433.201508 5880950.119067))
4; POLYGON((491337.200000 5880977.274319, 491347.948775 5880977.274319, 491347.948775 5880983.580670, 491337.200000 5880983.580670, 491337.200000 5880977.274319))
