3; POLYGON((489750.389507 5881348.383820, 489774.063766 5881348.383820, 489774.063766 5881379.621426, 489750.389507 5881379.621426, 489750.389507 5881348.383820))
3; POLYGON((489737.816968 5881349.033972, 489752.372606 5881349.033972, 489752.372606 5881365.983267, 489737.816968 5881365.983267, 489737.816968 5881349.033972))
3; POLYGON((489820.619403 5881357.300476, 489836.900458 5881357.300476, 489836.900458 5881377.461819, 489820.619403 5881377.461819, 489820.619403 5881357.300476))
3; POLYGON((489767.915863 5881383.716989, 489785.344891 5881383.716989, 489785.344891 5881398.549508, 489767.915863 5881398.549508, 489767.915863 5881383.716989))
3; POLYGON((489784.634018 5881369.954428, 489793.661975 5881369.954428, 489793.661975 5881378.173318, 489784.634018 5881378.173318, 489784.634018 5881369.954428))
1; POLYGON((489829.435046 5881395.705052, 489837.200000 5881395.705052, 489837.200000 5881410.216090, 489829.435046 5881410.216090, 489829.435046 5881395.705052))
3; POLYGON((489780.808948 5881348.471722, 489800.574792 5881348.471722, 489800.574792 5881364.630817, 489780.808948 5881364.630817, 489780.808948 5881348.471722))
4; POLYGON((489819.076013 5881359.866980, 489824.965424 5881359.866980, 489824.965424 5881367.457883, 489819.076013 5881367.457883, 489819.076013 5881359.866980))
3; POLYGON((489780.855405 5881348.527100, 489801.377380 5881348.527100, 489801.377380 5881373.381638, 489780.855405 5881373.381638, 489780.855405 5881348.527100))
3; POLYGON((489780.680502 5881335.966614, 489811.594830 5881335.966614, 489811.594830 5881374.596890, 489780.680502 5881374.596890, 489780.680502 5881335.966614))
3; POLYGON((489780.719180 5881335.830310, 489811.639117 5881335.830310, 489811.639117 5881366.283893, 489780.719180 5881366.283893, 489780.719180 5881335.830310))
