3; POLYGON((490904.879962 5881291.126007, 490918.050562 5881291.126007, 490918.050562 5881304.267587, 490904.879962 5881304.267587, 490904.879962 5881291.126007))
4; POLYGON((490837.223180 5881294.471146, 490863.360812 5881294.471146, 490863.360812 5881309.498113, 490837.223180 5881309.498113, 490837.223180 5881294.471146))
3; POLYGON((490915.644238 5881262.352344, 490934.976575 5881262.352344, 490934.976575 5881281.270892, 490915.644238 5881281.270892, 490915.644238 5881262.352344))
3; POLYGON((490918.024146 5881298.943324, 490930.503949 5881298.943324, 490930.503949 5881310.298201, 490918.024146 5881310.298201, 490918.024146 5881298.943324))
3; POLYGON((490877.427850 5881262.257043, 490890.909540 5881262.257043, 490890.909540 5881275.466510, 490877.427850 5881275.466510, 490877.427850 5881262.257043))
3; POLYGON((490855.842654 5881236.793652, 490870.057712 5881236.793652, 490870.057712 5881251.397784, 490855.842654 5881251.397784, 490855.842654 5881236.793652))
3; POLYGON((490847.464992 5881227.013092, 490861.505396 5881227.013092, 490861.505396 5881240.775421, 490847.464992 5881240.775421, 490847.464992 5881227.013092))
3; POLYGON((490892.414294 5881239.291504, 490911.479254 5881239.291504, 490911.479254 5881258.678125, 490892.414294 5881258.678125, 490892.414294 5881239.291504))
3; POLYGON((490866.367548 5881254.568475, 490877.761761 5881254.568475, 490877.761761 5881266.122769, 490866.367548 5881266.122769, 490866.367548 5881254.568475))
3; POLYGON((490926.461523 5881210.300000, 490937.200000 5881210.300000, 490937.200000 5881222.501019, 490926.461523 5881222.501019, 490926.461523 5881210.300000))
3; POLYGON((490931.239124 5881251.840112, 490937.200000 5881251.840112, 490937.200000 5881268.173846, 490931.239124 5881268.173846, 490931.239124 5881251.840112))
3; POLYGON((490917.235583 5881220.083929, 490932.006201 5881220.083929, 490932.006201 5881234.836890, 490917.235583 5881234.836890, 490917.235583 5881220.083929))
2; POLYGON((490855.913670 5881225.038806, 490864.047656 5881225.038806, 490864.047656 5881233.475909, 490855.913670 5881233.475909, 490855.913670 5881225.038806))
3; POLYGON((490907.693671 5881230.907239, 490920.299695 5881230.907239, 490920.299695 5881243.508362, 490907.693671 5881243.508362, 490907.693671 5881230.907239))
3; POLYGON((490894.065997 5881275.692844, 490912.385510 5881275.692844, 490912.385510 5881293.552309, 490894.065997 5881293.552309, 490894.065997 5881275.692844))
