3; POLYGON((490957.477295 5881173.321716, 490978.425693 5881173.321716, 490978.425693 5881194.404582, 490957.477295 5881194.404582, 490957.477295 5881173.321716))
3; POLYGON((491014.354468 5881123.464832, 491034.258832 5881123.464832, 491034.258832 5881143.759351, 491014.354468 5881143.759351, 491014.354468 5881123.464832))
3; POLYGON((491001.035651 5881140.699597, 491018.913922 5881140.699597, 491018.913922 5881158.349127, 491001.035651 5881158.349127, 491001.035651 5881140.699597))
3; POLYGON((491030.806311 5881115.633765, 491037.200000 5881115.633765, 491037.200000 5881132.489502, 491030.806311 5881132.489502, 491030.806311 5881115.633765))
3; POLYGON((490984.581256 5881151.709686, 491002.178693 5881151.709686, 491002.178693 5881169.964722, 490984.581256 5881169.964722, 490984.581256 5881151.709686))
3; POLYGON((490937.929546 5881194.421768, 490955.183650 5881194.421768, 490955.183650 5881210.300000, 490937.929546 5881210.300000, 490937.929546 5881194.421768))
3; POLYGON((490975.723178 5881165.218054, 490990.444452 5881165.218054, 490990.444452 5881180.234244, 490975.723178 5881180.234244, 490975.723178 5881165.218054))
3; POLYGON((491026.486774 5881170.126315, 491037.200000 5881170.126315, 491037.200000 5881191.681558, 491026.486774 5881191.681558, 491026.486774 5881170.126315))
3; POLYGON((490992.242834 5881202.333192, 491007.698602 5881202.333192, 491007.698602 5881210.294264, 490992.242834 5881210.294264, 490992.242834 5881202.333192))
3; POLYGON((491014.112006 5881183.641711, 491030.441827 5881183.641711, 491030.441827 5881200.412543, 491014.112006 5881200.412543, 491014.112006 5881183.641711))
