3; POLYGON((490200.062311 5881744.900183, 490237.200000 5881744.900183, 490237.200000 5881786.886803, 490200.062311 5881786.886803, 490200.062311 5881744.900183))
3; POLYGON((490137.200000 5881747.967529, 490154.266275 5881747.967529, 490154.266275 5881772.851251, 490137.200000 5881772.851251, 490137.200000 5881747.967529))
3; POLYGON((490191.243030 5881710.300000, 490209.870410 5881710.300000, 490209.870410 5881717.311859, 490191.243030 5881717.311859, 490191.243030 5881710.300000))
3; POLYGON((490162.546796 5881792.790988, 490191.222253 5881792.790988, 490191.222253 5881810.291170, 490162.546796 5881810.291170, 490162.546796 5881792.790988))
3; POLYGON((490202.513696 5881729.732941, 490227.163043 5881729.732941, 490227.163043 5881752.446295, 490202.513696 5881752.446295, 490202.513696 5881729.732941))
3; POLYGON((490137.200000 5881772.597510, 490169.028958 5881772.597510, 490169.028958 5881807.211434, 490137.200000 5881807.211434, 490137.200000 5881772.597510))
3; POLYGON((490202.287408 5881710.953638, 490237.200000 5881710.953638, 490237.200000 5881752.543896, 490202.287408 5881752.543896, 490202.287408 5881710.953638))
3; POLYGON((490167.726953 5881767.913382, 490181.766437 5881767.913382, 490181.766437 5881782.090012, 490167.726953 5881782.090012, 490167.726953 5881767.913382))
3; POLYGON((490167.697787 5881758.064447, 490193.557062 5881758.064447, 490193.557062 5881782.150992, 490167.697787 5881782.150992, 490167.697787 5881758.064447))
3; POLYGON((490140.887531 5881719.112610, 490168.178329 5881719.112610, 490168.178329 5881747.919055, 490140.887531 5881747.919055, 490140.887531 5881719.112610))
