3; POLYGON((490153.384958 5880373.361353, 490171.063998 5880373.361353, 490171.063998 5880406.334205, 490153.384958 5880406.334205, 490153.384958 5880373.361353))
3; POLYGON((490137.200000 5880379.316907, 490152.490382 5880379.316907, 490152.490382 5880410.293688, 490137.200000 5880410.293688, 490137.200000 5880379.316907))
3; POLYGON((490137.261959 5880321.630225, 490158.714113 5880321.630225, 490158.714113 5880368.595901, 490137.261959 5880368.595901, 490137.261959 5880321.630225))
3; POLYGON((490185.550720 5880310.358276, 490207.962140 5880310.358276, 490207.962140 5880351.130640, 490185.550720 5880351.130640, 490185.550720 5880310.358276))
3; POLYGON((490151.984497 5880316.799585, 490173.565750 5880316.799585, 490173.565750 5880361.651834, 490151.984497 5880361.651834, 490151.984497 5880316.799585))
3; POLYGON((490206.527411 5880310.300000, 490225.142535 5880310.300000, 490225.142535 5880344.977570, 490206.527411 5880344.977570, 490206.527411 5880310.300000))
3; POLYGON((490170.504929 5880310.483490, 490192.670978 5880310.483490, 490192.670978 5880355.779572, 490170.504929 5880355.779572, 490170.504929 5880310.483490))
3; POLYGON((490168.729425 5880368.658875, 490186.327933 5880368.658875, 490186.327933 5880401.054818, 490168.729425 5880401.054818, 490168.729425 5880368.658875))
3; POLYGON((490187.435852 5880362.135419, 490205.573352 5880362.135419, 490205.573352 5880395.659267, 490187.435852 5880395.659267, 490187.435852 5880362.135419))
3; POLYGON((490203.031738 5880357.345892, 490220.933136 5880357.345892, 490220.933136 5880390.099736, 490203.031738 5880390.099736, 490203.031738 5880357.345892))
3; POLYGON((490137.205880 5880310.300000, 490143.135471 5880310.300000, 490143.135471 5880319.326154, 490137.205880 5880319.326154, 490137.205880 5880310.300000))
3; POLYGON((490137.208108 5880357.386328, 490139.698195 5880357.386328, 490139.698195 5880372.890714, 490137.208108 5880372.890714, 490137.208108 5880357.386328))
3; POLYGON((490232.189392 5880310.300000, 490237.200000 5880310.300000, 490237.200000 5880330.086627, 490232.189392 5880330.086627, 490232.189392 5880310.300000))
3; POLYGON((490137.206698 5880355.064587, 490139.535574 5880355.064587, 490139.535574 5880372.640756, 490137.206698 5880372.640756, 490137.206698 5880355.064587))
3; POLYGON((490137.207777 5880359.095990, 490139.560921 5880359.095990, 490139.560921 5880372.930023, 490137.207777 5880372.930023, 490137.207777 5880359.095990))
3; POLYGON((490231.362018 5880310.327924, 490237.194489 5880310.327924, 490237.194489 5880332.839954, 490231.362018 5880332.839954, 490231.362018 5880310.327924))
3; POLYGON((490231.230078 5880310.313287, 490237.200000 5880310.313287, 490237.200000 5880330.347858, 490231.230078 5880330.347858, 490231.230078 5880310.313287))
3; POLYGON((490232.039447 5880310.300000, 490237.200000 5880310.300000, 490237.200000 5880328.207837, 490232.039447 5880328.207837, 490232.039447 5880310.300000))
3; POLYGON((490232.742303 5880310.300000, 490237.200000 5880310.300000, 490237.200000 5880329.275977, 490232.742303 5880329.275977, 490232.742303 5880310.300000))
3; POLYGON((490137.201613 5880356.658264, 490140.044479 5880356.658264, 490140.044479 5880372.967319, 490137.201613 5880372.967319, 490137.201613 5880356.658264))
3; POLYGON((490137.208512 5880360.421292, 490139.497132 5880360.421292, 490139.497132 5880372.767642, 490137.208512 5880372.767642, 490137.208512 5880360.421292))
3; POLYGON((490230.876886 5880310.328436, 490237.200000 5880310.328436, 490237.200000 5880331.393884, 490230.876886 5880331.393884, 490230.876886 5880310.328436))
3; POLYGON((490137.201831 5880354.568518, 490140.128534 5880354.568518, 490140.128534 5880372.854361, 490137.201831 5880372.854361, 490137.201831 5880354.568518))
3; POLYGON((490231.631421 5880310.326752, 490237.200000 5880310.326752, 490237.200000 5880327.223572, 490231.631421 5880327.223572, 490231.631421 5880310.326752))
3; POLYGON((490231.783374 5880310.320221, 490237.200000 5880310.320221, 490237.200000 5880325.739001, 490231.783374 5880325.739001, 490231.783374 5880310.320221))
3; POLYGON((490231.362695 5880310.338739, 490237.198853 5880310.338739, 490237.198853 5880337.192133, 490231.362695 5880337.192133, 490231.362695 5880310.338739))
3; POLYGON((490137.201737 5880351.096405, 490139.763754 5880351.096405, 490139.763754 5880372.961929, 490137.201737 5880372.961929, 490137.201737 5880351.096405))
3; POLYGON((490137.200000 5880352.603516, 490140.287401 5880352.603516, 490140.287401 5880372.849438, 490137.200000 5880372.849438, 490137.200000 5880352.603516))
3; POLYGON((490147.237234 5880310.300000, 490160.253462 5880310.300000, 490160.253462 5880314.170483, 490147.237234 5880314.170483, 490147.237234 5880310.300000))
3; POLYGON((490230.998462 5880310.300000, 490237.200000 5880310.300000, 490237.200000 5880326.600574, 490230.998462 5880326.600574, 490230.998462 5880310.300000))
3; POLYGON((490137.208435 5880354.221710, 490139.284303 5880354.221710, 490139.284303 5880373.019116, 490137.208435 5880373.019116, 490137.208435 5880354.221710))
