3; POLYGON((491010.180750 5882153.638049, 491033.763147 5882153.638049, 491033.763147 5882173.225269, 491010.180750 5882173.225269, 491010.180750 5882153.638049))
3; POLYGON((490974.547357 5882181.353650, 490998.768762 5882181.353650, 490998.768762 5882210.254569, 490974.547357 5882210.254569, 490974.547357 5882181.353650))
3; POLYGON((490937.206448 5882164.788739, 490944.346387 5882164.788739, 490944.346387 5882184.024219, 490937.206448 5882184.024219, 490937.206448 5882164.788739))
3; POLYGON((490960.169214 5882127.059961, 490981.127567 5882127.059961, 490981.127567 5882147.583649, 490960.169214 5882147.583649, 490960.169214 5882127.059961))
3; POLYGON((490987.373898 5882110.300000, 491003.268359 5882110.300000, 491003.268359 5882122.461322, 490987.373898 5882122.461322, 490987.373898 5882110.300000))
3; POLYGON((490942.567551 5882143.970312, 490964.053021 5882143.970312, 490964.053021 5882165.552194, 490942.567551 5882165.552194, 490942.567551 5882143.970312))
3; POLYGON((491024.651776 5882129.410748, 491037.200000 5882129.410748, 491037.200000 5882157.471588, 491024.651776 5882157.471588, 491024.651776 5882129.410748))
3; POLYGON((490980.229599 5882204.736163, 490987.516562 5882204.736163, 490987.516562 5882210.300000, 490980.229599 5882210.300000, 490980.229599 5882204.736163))
3; POLYGON((490974.526764 5882181.384860, 490998.750043 5882181.384860, 490998.750043 5882205.530227, 490974.526764 5882205.530227, 490974.526764 5882181.384860))
3; POLYGON((490937.387187 5882162.466632, 490949.707755 5882162.466632, 490949.707755 5882173.330804, 490937.387187 5882173.330804, 490937.387187 5882162.466632))
3; POLYGON((491001.927435 5882110.300000, 491016.618903 5882110.300000, 491016.618903 5882112.047662, 491001.927435 5882112.047662, 491001.927435 5882110.300000))
3; POLYGON((490938.256171 5882162.720596, 490949.832697 5882162.720596, 490949.832697 5882173.071930, 490938.256171 5882173.071930, 490938.256171 5882162.720596))
3; POLYGON((490979.365335 5882118.618884, 490992.702222 5882118.618884, 490992.702222 5882131.859552, 490979.365335 5882131.859552, 490979.365335 5882118.618884))
3; POLYGON((491001.273523 5882110.300000, 491017.479431 5882110.300000, 491017.479431 5882112.453210, 491001.273523 5882112.453210, 491001.273523 5882110.300000))
