3; POLYGON((488993.435742 5882110.300000, 489012.557892 5882110.300000, 489012.557892 5882120.582568, 488993.435742 5882120.582568, 488993.435742 5882110.300000))
3; POLYGON((489009.054681 5882126.671313, 489028.018469 5882126.671313, 489028.018469 5882143.187213, 489009.054681 5882143.187213, 489009.054681 5882126.671313))
3; POLYGON((488969.798129 5882151.120276, 488988.707440 5882151.120276, 488988.707440 5882167.628351, 488969.798129 5882167.628351, 488969.798129 5882151.120276))
3; POLYGON((488998.607764 5882179.084879, 489011.136115 5882179.084879, 489011.136115 5882193.193105, 488998.607764 5882193.193105, 488998.607764 5882179.084879))
3; POLYGON((488986.135095 5882135.309497, 489009.958246 5882135.309497, 489009.958246 5882154.556409, 488986.135095 5882154.556409, 488986.135095 5882135.309497))
3; POLYGON((488975.063742 5882184.557867, 488998.137927 5882184.557867, 488998.137927 5882202.647485, 488975.063742 5882202.647485, 488975.063742 5882184.557867))
3; POLYGON((488962.068764 5882193.129262, 488975.029526 5882193.129262, 488975.029526 5882207.456349, 488962.068764 5882207.456349, 488962.068764 5882193.129262))
3; POLYGON((489011.611127 5882171.968732, 489030.160040 5882171.968732, 489030.160040 5882187.549994, 489011.611127 5882187.549994, 489011.611127 5882171.968732))
3; POLYGON((488973.973001 5882110.868799, 488992.558936 5882110.868799, 488992.558936 5882129.467450, 488973.973001 5882129.467450, 488973.973001 5882110.868799))
3; POLYGON((488937.210592 5882149.472711, 488943.955442 5882149.472711, 488943.955442 5882162.665698, 488937.210592 5882162.665698, 488937.210592 5882149.472711))
3; POLYGON((489025.528705 5882122.166010, 489037.134625 5882122.166010, 489037.134625 5882135.857275, 489025.528705 5882135.857275, 489025.528705 5882122.166010))
3; POLYGON((488938.346814 5882207.883347, 488950.241945 5882207.883347, 488950.241945 5882210.294783, 488938.346814 5882210.294783, 488938.346814 5882207.883347))
3; POLYGON((489015.290637 5882110.300000, 489027.019904 5882110.300000, 489027.019904 5882111.677948, 489015.290637 5882111.677948, 489015.290637 5882110.300000))
3; POLYGON((489015.023608 5882110.300000, 489028.145129 5882110.300000, 489028.145129 5882111.707880, 489015.023608 5882111.707880, 489015.023608 5882110.300000))
3; POLYGON((489028.483661 5882161.319327, 489037.200000 5882161.319327, 489037.200000 5882179.447482, 489028.483661 5882179.447482, 489028.483661 5882161.319327))
3; POLYGON((488938.017561 5882207.724553, 488950.576215 5882207.724553, 488950.576215 5882210.298566, 488938.017561 5882210.298566, 488938.017561 5882207.724553))
