3; POLYGON((490443.642535 5880710.300000, 490461.119739 5880710.300000, 490461.119739 5880716.248755, 490443.642535 5880716.248755, 490443.642535 5880710.300000))
4; POLYGON((490481.354416 5880779.515192, 490488.135480 5880779.515192, 490488.135480 5880786.794839, 490481.354416 5880786.794839, 490481.354416 5880779.515192))
4; POLYGON((490451.023062 5880801.453361, 490458.872168 5880801.453361, 490458.872168 5880808.999813, 490451.023062 5880808.999813, 490451.023062 5880801.453361))
4; POLYGON((490492.613635 5880759.031232, 490499.389386 5880759.031232, 490499.389386 5880766.408990, 490492.613635 5880766.408990, 490492.613635 5880759.031232))
4; POLYGON((490494.391144 5880792.126709, 490501.967395 5880792.126709, 490501.967395 5880799.374687, 490494.391144 5880799.374687, 490494.391144 5880792.126709))
4; POLYGON((490522.287396 5880761.262625, 490530.237299 5880761.262625, 490530.237299 5880768.022552, 490522.287396 5880768.022552, 490522.287396 5880761.262625))
4; POLYGON((490495.263647 5880775.443686, 490501.816223 5880775.443686, 490501.816223 5880782.605118, 490495.263647 5880782.605118, 490495.263647 5880775.443686))
3; POLYGON((490437.208931 5880710.636029, 490440.912183 5880710.636029, 490440.912183 5880722.526721, 490437.208931 5880722.526721, 490437.208931 5880710.636029))
4; POLYGON((490446.034747 5880761.036066, 490452.925487 5880761.036066, 490452.925487 5880768.548492, 490446.034747 5880768.548492, 490446.034747 5880761.036066))
4; POLYGON((490457.136557 5880770.798080, 490462.168018 5880770.798080, 490462.168018 5880775.467734, 490457.136557 5880775.467734, 490457.136557 5880770.798080))
4; POLYGON((490471.506064 5880781.305078, 490477.932047 5880781.305078, 490477.932047 5880788.457959, 490471.506064 5880788.457959, 490471.506064 5880781.305078))
