4; POLYGON((490785.101602 5881074.001648, 490821.282947 5881074.001648, 490821.282947 5881106.962817, 490785.101602 5881106.962817, 490785.101602 5881074.001648))
4; POLYGON((490767.342746 5881010.303693, 490822.741803 5881010.303693, 490822.741803 5881054.650006, 490767.342746 5881054.650006, 490767.342746 5881010.303693))
4; POLYGON((490765.293008 5881087.666307, 490789.813123 5881087.666307, 490789.813123 5881110.288253, 490765.293008 5881110.288253, 490765.293008 5881087.666307))
4; POLYGON((490752.333333 5881094.959880, 490777.421390 5881094.959880, 490777.421390 5881110.299151, 490752.333333 5881110.299151, 490752.333333 5881094.959880))
4; POLYGON((490824.323962 5881050.240527, 490837.200000 5881050.240527, 490837.200000 5881073.548203, 490824.323962 5881073.548203, 490824.323962 5881050.240527))
4; POLYGON((490813.274500 5881098.139085, 490837.200000 5881098.139085, 490837.200000 5881110.298645, 490813.274500 5881110.298645, 490813.274500 5881098.139085))
4; POLYGON((490815.717194 5881098.089466, 490837.200000 5881098.089466, 490837.200000 5881110.295488, 490815.717194 5881110.295488, 490815.717194 5881098.089466))
4; POLYGON((490809.663141 5881098.138250, 490837.200000 5881098.138250, 490837.200000 5881110.299984, 490809.663141 5881110.299984, 490809.663141 5881098.138250))
4; POLYGON((490737.200000 5881042.486426, 490753.490607 5881042.486426, 490753.490607 5881073.106198, 490737.200000 5881073.106198, 490737.200000 5881042.486426))
4; POLYGON((490824.350140 5881044.163715, 490837.200000 5881044.163715, 490837.200000 5881073.474344, 490824.350140 5881073.474344, 490824.350140 5881044.163715))
4; POLYGON((490818.108575 5881098.123642, 490837.193573 5881098.123642, 490837.193573 5881110.277849, 490818.108575 5881110.277849, 490818.108575 5881098.123642))
4; POLYGON((490824.378485 5881040.066718, 490837.184399 5881040.066718, 490837.184399 5881073.462845, 490824.378485 5881073.462845, 490824.378485 5881040.066718))
4; POLYGON((490804.993054 5881098.114965, 490837.200000 5881098.114965, 490837.200000 5881110.295767, 490804.993054 5881110.295767, 490804.993054 5881098.114965))
