4; POLYGON((490937.200000 5882560.602966, 490979.970090 5882560.602966, 490979.970090 5882605.015457, 490937.200000 5882605.015457, 490937.200000 5882560.602966))
4; POLYGON((490983.709000 5882510.301111, 491037.200000 5882510.301111, 491037.200000 5882533.744806, 490983.709000 5882533.744806, 490983.709000 5882510.301111))
4; POLYGON((490937.200606 5882524.186011, 490944.142756 5882524.186011, 490944.142756 5882533.677716, 490937.200606 5882533.677716, 490937.200606 5882524.186011))
4; POLYGON((490937.204523 5882523.183502, 490944.167571 5882523.183502, 490944.167571 5882533.647144, 490937.204523 5882533.647144, 490937.204523 5882523.183502))
4; POLYGON((490983.971344 5882510.300000, 491028.127502 5882510.300000, 491028.127502 5882522.872125, 490983.971344 5882522.872125, 490983.971344 5882510.300000))
4; POLYGON((490937.200000 5882519.106854, 490944.188108 5882519.106854, 490944.188108 5882533.707104, 490937.200000 5882533.707104, 490937.200000 5882519.106854))
4; POLYGON((491029.176373 5882510.300000, 491037.200000 5882510.300000, 491037.200000 5882514.973724, 491029.176373 5882514.973724, 491029.176373 5882510.300000))
4; POLYGON((491020.232092 5882596.280505, 491037.200000 5882596.280505, 491037.200000 5882610.300000, 491020.232092 5882610.300000, 491020.232092 5882596.280505))
4; POLYGON((490937.206128 5882517.279041, 490944.263371 5882517.279041, 490944.263371 5882533.691132, 490937.206128 5882533.691132, 490937.206128 5882517.279041))
4; POLYGON((491028.998792 5882510.300000, 491037.180908 5882510.300000, 491037.180908 5882516.426636, 491028.998792 5882516.426636, 491028.998792 5882510.300000))
