3; POLYGON((489289.933276 5882196.574893, 489306.141956 5882196.574893, 489306.141956 5882210.300000, 489289.933276 5882210.300000, 489289.933276 5882196.574893))
3; POLYGON((489303.715918 5882188.080931, 489319.519757 5882188.080931, 489319.519757 5882204.712440, 489303.715918 5882204.712440, 489303.715918 5882188.080931))
4; POLYGON((489238.678577 5882110.311176, 489258.274583 5882110.311176, 489258.274583 5882145.697736, 489238.678577 5882145.697736, 489238.678577 5882110.311176))
3; POLYGON((489331.043646 5882164.301752, 489337.200000 5882164.301752, 489337.200000 5882182.546576, 489331.043646 5882182.546576, 489331.043646 5882164.301752))
3; POLYGON((489258.290535 5882110.300000, 489295.242706 5882110.300000, 489295.242706 5882114.139771, 489258.290535 5882114.139771, 489258.290535 5882110.300000))
3; POLYGON((489270.825259 5882133.016443, 489292.866553 5882133.016443, 489292.866553 5882152.976215, 489270.825259 5882152.976215, 489270.825259 5882133.016443))
3; POLYGON((489265.397495 5882110.300000, 489295.295361 5882110.300000, 489295.295361 5882114.147388, 489265.397495 5882114.147388, 489265.397495 5882110.300000))
3; POLYGON((489277.982117 5882110.300000, 489295.660638 5882110.300000, 489295.660638 5882114.082947, 489277.982117 5882114.082947, 489277.982117 5882110.300000))
3; POLYGON((489318.677576 5882156.677783, 489325.313049 5882156.677783, 489325.313049 5882163.300443, 489318.677576 5882163.300443, 489318.677576 5882156.677783))
3; POLYGON((489275.193423 5882203.040080, 489285.895438 5882203.040080, 489285.895438 5882210.292930, 489275.193423 5882210.292930, 489275.193423 5882203.040080))
3; POLYGON((489280.180472 5882110.300000, 489295.684998 5882110.300000, 489295.684998 5882114.090704, 489280.180472 5882114.090704, 489280.180472 5882110.300000))
