3; POLYGON((488661.979932 5880348.234583, 488697.884027 5880348.234583, 488697.884027 5880368.857999, 488661.979932 5880368.857999, 488661.979932 5880348.234583))
3; POLYGON((488637.200000 5880311.107111, 488656.256549 5880311.107111, 488656.256549 5880373.945544, 488637.200000 5880373.945544, 488637.200000 5880311.107111))
4; POLYGON((488646.534933 5880310.300000, 488679.715228 5880310.300000, 488679.715228 5880356.400201, 488646.534933 5880356.400201, 488646.534933 5880310.300000))
3; POLYGON((488672.255182 5880406.800251, 488685.209930 5880406.800251, 488685.209930 5880410.300000, 488672.255182 5880410.300000, 488672.255182 5880406.800251))
4; POLYGON((488701.110565 5880339.688733, 488709.677417 5880339.688733, 488709.677417 5880347.904810, 488701.110565 5880347.904810, 488701.110565 5880339.688733))
4; POLYGON((488686.574661 5880333.220587, 488700.158179 5880333.220587, 488700.158179 5880347.305573, 488686.574661 5880347.305573, 488686.574661 5880333.220587))
3; POLYGON((488641.783624 5880379.146991, 488681.214655 5880379.146991, 488681.214655 5880410.246421, 488641.783624 5880410.246421, 488641.783624 5880379.146991))
3; POLYGON((488672.342551 5880406.528991, 488685.730057 5880406.528991, 488685.730057 5880410.295548, 488672.342551 5880410.295548, 488672.342551 5880406.528991))
3; POLYGON((488712.661011 5880389.946088, 488728.584320 5880389.946088, 488728.584320 5880410.291640, 488712.661011 5880410.291640, 488712.661011 5880389.946088))
3; POLYGON((488670.649881 5880400.836806, 488684.587567 5880400.836806, 488684.587567 5880410.274132, 488670.649881 5880410.274132, 488670.649881 5880400.836806))
3; POLYGON((488637.207237 5880316.526819, 488655.949010 5880316.526819, 488655.949010 5880374.266125, 488637.207237 5880374.266125, 488637.207237 5880316.526819))
3; POLYGON((488732.277148 5880364.913220, 488737.200000 5880364.913220, 488737.200000 5880408.568336, 488732.277148 5880408.568336, 488732.277148 5880364.913220))
3; POLYGON((488732.143018 5880364.959042, 488737.187500 5880364.959042, 488737.187500 5880404.957267, 488732.143018 5880404.957267, 488732.143018 5880364.959042))
3; POLYGON((488733.150140 5880364.683224, 488737.198297 5880364.683224, 488737.198297 5880409.816505, 488733.150140 5880409.816505, 488733.150140 5880364.683224))
3; POLYGON((488732.136505 5880364.972424, 488737.187048 5880364.972424, 488737.187048 5880399.836011, 488732.136505 5880399.836011, 488732.136505 5880364.972424))
3; POLYGON((488731.479523 5880341.224695, 488737.200000 5880341.224695, 488737.200000 5880355.502368, 488731.479523 5880355.502368, 488731.479523 5880341.224695))
3; POLYGON((488732.111047 5880364.944662, 488737.200000 5880364.944662, 488737.200000 5880381.713605, 488732.111047 5880381.713605, 488732.111047 5880364.944662))
3; POLYGON((488679.078226 5880310.333716, 488704.066064 5880310.333716, 488704.066064 5880334.882990, 488679.078226 5880334.882990, 488679.078226 5880310.333716))
3; POLYGON((488689.474219 5880370.742212, 488728.494482 5880370.742212, 488728.494482 5880410.300000, 488689.474219 5880410.300000, 488689.474219 5880370.742212))
