3; POLYGON((490466.903415 5879910.300000, 490514.485919 5879910.300000, 490514.485919 5879921.028973, 490466.903415 5879921.028973, 490466.903415 5879910.300000))
3; POLYGON((490437.207939 5879936.805017, 490464.883636 5879936.805017, 490464.883636 5879975.516788, 490437.207939 5879975.516788, 490437.207939 5879936.805017))
3; POLYGON((490437.200000 5879910.300000, 490465.286279 5879910.300000, 490465.286279 5879923.002435, 490437.200000 5879923.002435, 490437.200000 5879910.300000))
3; POLYGON((490532.298621 5879910.395221, 490537.192902 5879910.395221, 490537.192902 5879952.288593, 490532.298621 5879952.288593, 490532.298621 5879910.395221))
3; POLYGON((490501.418768 5879954.354529, 490515.675580 5879954.354529, 490515.675580 5879969.014648, 490501.418768 5879969.014648, 490501.418768 5879954.354529))
3; POLYGON((490510.678015 5879921.887280, 490520.549353 5879921.887280, 490520.549353 5879939.569666, 490510.678015 5879939.569666, 490510.678015 5879921.887280))
3; POLYGON((490513.424048 5879981.199637, 490537.200000 5879981.199637, 490537.200000 5880010.295551, 490513.424048 5880010.295551, 490513.424048 5879981.199637))
4; POLYGON((490470.891064 5879924.053003, 490491.055371 5879924.053003, 490491.055371 5879935.469556, 490470.891064 5879935.469556, 490470.891064 5879924.053003))
3; POLYGON((490500.094641 5879954.155316, 490515.774127 5879954.155316, 490515.774127 5879968.824738, 490500.094641 5879968.824738, 490500.094641 5879954.155316))
3; POLYGON((490494.479999 5879935.687292, 490510.363708 5879935.687292, 490510.363708 5879950.462427, 490494.479999 5879950.462427, 490494.479999 5879935.687292))
3; POLYGON((490494.560474 5879921.916888, 490520.635297 5879921.916888, 490520.635297 5879950.389191, 490494.560474 5879950.389191, 490494.560474 5879921.916888))
4; POLYGON((490486.542911 5879935.574280, 490496.762671 5879935.574280, 490496.762671 5879945.051514, 490486.542911 5879945.051514, 490486.542911 5879935.574280))
