3; POLYGON((490556.435838 5881427.285681, 490578.265714 5881427.285681, 490578.265714 5881441.632190, 490556.435838 5881441.632190, 490556.435838 5881427.285681))
3; POLYGON((490537.201054 5881428.343219, 490550.991937 5881428.343219, 490550.991937 5881443.910248, 490537.201054 5881443.910248, 490537.201054 5881428.343219))
3; POLYGON((490629.275317 5881484.226984, 490637.200000 5881484.226984, 490637.200000 5881496.890582, 490629.275317 5881496.890582, 490629.275317 5881484.226984))
3; POLYGON((490608.102167 5881492.641496, 490621.354376 5881492.641496, 490621.354376 5881509.380142, 490608.102167 5881509.380142, 490608.102167 5881492.641496))
3; POLYGON((490537.210244 5881493.013080, 490548.323148 5881493.013080, 490548.323148 5881503.827517, 490537.210244 5881503.827517, 490537.210244 5881493.013080))
3; POLYGON((490563.309729 5881508.118755, 490571.395673 5881508.118755, 490571.395673 5881510.295277, 490563.309729 5881510.295277, 490563.309729 5881508.118755))
4; POLYGON((490546.565436 5881489.821309, 490555.151338 5881489.821309, 490555.151338 5881499.501945, 490546.565436 5881499.501945, 490546.565436 5881489.821309))
4; POLYGON((490620.777893 5881493.757867, 490631.698578 5881493.757867, 490631.698578 5881501.086777, 490620.777893 5881501.086777, 490620.777893 5881493.757867))
4; POLYGON((490631.997882 5881425.095020, 490637.200000 5881425.095020, 490637.200000 5881430.670245, 490631.997882 5881430.670245, 490631.997882 5881425.095020))
3; POLYGON((490563.583554 5881508.146712, 490572.120923 5881508.146712, 490572.120923 5881510.295224, 490563.583554 5881510.295224, 490563.583554 5881508.146712))
