4; POLYGON((488375.533521 5880359.942227, 488391.153638 5880359.942227, 488391.153638 5880383.213498, 488375.533521 5880383.213498, 488375.533521 5880359.942227))
3; POLYGON((488385.747296 5880359.926825, 488407.168500 5880359.926825, 488407.168500 5880379.630600, 488385.747296 5880379.630600, 488385.747296 5880359.926825))
4; POLYGON((488410.858820 5880371.125192, 488437.200000 5880371.125192, 488437.200000 5880400.068580, 488410.858820 5880400.068580, 488410.858820 5880371.125192))
4; POLYGON((488378.020465 5880310.300000, 488387.237167 5880310.300000, 488387.237167 5880326.545251, 488378.020465 5880326.545251, 488378.020465 5880310.300000))
4; POLYGON((488405.080530 5880348.008344, 488426.968762 5880348.008344, 488426.968762 5880369.013797, 488405.080530 5880369.013797, 488405.080530 5880348.008344))
3; POLYGON((488422.884222 5880407.417109, 488437.200000 5880407.417109, 488437.200000 5880410.295002, 488422.884222 5880410.295002, 488422.884222 5880407.417109))
3; POLYGON((488337.200000 5880375.658432, 488373.349817 5880375.658432, 488373.349817 5880397.734901, 488337.200000 5880397.734901, 488337.200000 5880375.658432))
3; POLYGON((488337.200000 5880376.470996, 488365.935855 5880376.470996, 488365.935855 5880397.721313, 488337.200000 5880397.721313, 488337.200000 5880376.470996))
4; POLYGON((488342.148949 5880355.664746, 488351.594283 5880355.664746, 488351.594283 5880367.138229, 488342.148949 5880367.138229, 488342.148949 5880355.664746))
3; POLYGON((488403.534747 5880310.300000, 488411.934259 5880310.300000, 488411.934259 5880320.602679, 488403.534747 5880320.602679, 488403.534747 5880310.300000))
4; POLYGON((488393.004993 5880310.300000, 488405.260278 5880310.300000, 488405.260278 5880350.736664, 488393.004993 5880350.736664, 488393.004993 5880310.300000))
3; POLYGON((488422.602783 5880407.150022, 488437.200000 5880407.150022, 488437.200000 5880410.300000, 488422.602783 5880410.300000, 488422.602783 5880407.150022))
4; POLYGON((488405.151996 5880348.286414, 488420.090527 5880348.286414, 488420.090527 5880369.080197, 488405.151996 5880369.080197, 488405.151996 5880348.286414))
3; POLYGON((488422.788654 5880407.660619, 488437.200000 5880407.660619, 488437.200000 5880410.294227, 488422.788654 5880410.294227, 488422.788654 5880407.660619))
3; POLYGON((488403.662048 5880310.300000, 488423.160034 5880310.300000, 488423.160034 5880332.953119, 488403.662048 5880332.953119, 488403.662048 5880310.300000))
