4; POLYGON((491285.224271 5881210.300000, 491316.848834 5881210.300000, 491316.848834 5881221.311700, 491285.224271 5881221.311700, 491285.224271 5881210.300000))
4; POLYGON((491322.486884 5881215.029596, 491337.198004 5881215.029596, 491337.198004 5881227.796796, 491322.486884 5881227.796796, 491322.486884 5881215.029596))
4; POLYGON((491285.855222 5881224.564948, 491317.385492 5881224.564948, 491317.385492 5881242.817462, 491285.855222 5881242.817462, 491285.855222 5881224.564948))
4; POLYGON((491262.549696 5881216.912878, 491279.580768 5881216.912878, 491279.580768 5881229.771796, 491262.549696 5881229.771796, 491262.549696 5881216.912878))
4; POLYGON((491323.388336 5881236.643884, 491337.200000 5881236.643884, 491337.200000 5881250.151862, 491323.388336 5881250.151862, 491323.388336 5881236.643884))
4; POLYGON((491244.111926 5881210.301367, 491261.377176 5881210.301367, 491261.377176 5881212.834180, 491244.111926 5881212.834180, 491244.111926 5881210.301367))
4; POLYGON((491237.288751 5881279.779807, 491337.200000 5881279.779807, 491337.200000 5881310.230155, 491237.288751 5881310.230155, 491237.288751 5881279.779807))
4; POLYGON((491244.093095 5881210.300000, 491262.140361 5881210.300000, 491262.140361 5881212.711371, 491244.093095 5881212.711371, 491244.093095 5881210.300000))
4; POLYGON((491310.301733 5881301.609712, 491315.080640 5881301.609712, 491315.080640 5881310.300000, 491310.301733 5881310.300000, 491310.301733 5881301.609712))
4; POLYGON((491237.203117 5881276.416660, 491337.145880 5881276.416660, 491337.145880 5881310.178493, 491237.203117 5881310.178493, 491237.203117 5881276.416660))
