4; POLYGON((490864.204568 5880038.482330, 490901.762146 5880038.482330, 490901.762146 5880064.913748, 490864.204568 5880064.913748, 490864.204568 5880038.482330))
4; POLYGON((490917.086823 5880075.989163, 490937.200000 5880075.989163, 490937.200000 5880110.300000, 490917.086823 5880110.300000, 490917.086823 5880075.989163))
4; POLYGON((490842.704769 5880010.300000, 490884.625620 5880010.300000, 490884.625620 5880046.720349, 490842.704769 5880046.720349, 490842.704769 5880010.300000))
4; POLYGON((490895.416010 5880010.300684, 490937.200000 5880010.300684, 490937.200000 5880032.800342, 490895.416010 5880032.800342, 490895.416010 5880010.300684))
4; POLYGON((490869.295352 5880084.348492, 490910.126630 5880084.348492, 490910.126630 5880110.295193, 490869.295352 5880110.295193, 490869.295352 5880084.348492))
4; POLYGON((490837.213053 5880010.300000, 490884.494821 5880010.300000, 490884.494821 5880046.685229, 490837.213053 5880046.685229, 490837.213053 5880010.300000))
4; POLYGON((490901.590503 5880010.300000, 490937.200000 5880010.300000, 490937.200000 5880032.893634, 490901.590503 5880032.893634, 490901.590503 5880010.300000))
4; POLYGON((490889.772021 5880010.303680, 490937.200000 5880010.303680, 490937.200000 5880032.843005, 490889.772021 5880032.843005, 490889.772021 5880010.303680))
4; POLYGON((490917.052100 5880062.511066, 490937.200000 5880062.511066, 490937.200000 5880110.238565, 490917.052100 5880110.238565, 490917.052100 5880062.511066))
4; POLYGON((490917.135376 5880067.678989, 490937.200000 5880067.678989, 490937.200000 5880110.300000, 490917.135376 5880110.300000, 490917.135376 5880067.678989))
2; POLYGON((490837.211238 5880015.116650, 490843.527411 5880015.116650, 490843.527411 5880024.364178, 490837.211238 5880024.364178, 490837.211238 5880015.116650))
4; POLYGON((490917.165668 5880054.624103, 490937.191876 5880054.624103, 490937.191876 5880110.232003, 490917.165668 5880110.232003, 490917.165668 5880054.624103))
