1; POLYGON((490184.009521 5881917.647076, 490205.965692 5881917.647076, 490205.965692 5881937.438062, 490184.009521 5881937.438062, 490184.009521 5881917.647076))
1; POLYGON((490206.272552 5881910.300000, 490228.384875 5881910.300000, 490228.384875 5881931.124078, 490206.272552 5881931.124078, 490206.272552 5881910.300000))
1; POLYGON((490199.550653 5881935.389056, 490218.040442 5881935.389056, 490218.040442 5881949.089386, 490199.550653 5881949.089386, 490199.550653 5881935.389056))
3; POLYGON((490217.216992 5881948.649072, 490237.200000 5881948.649072, 490237.200000 5881977.404962, 490217.216992 5881977.404962, 490217.216992 5881948.649072))
4; POLYGON((490222.294220 5881921.945514, 490237.189111 5881921.945514, 490237.189111 5881936.919452, 490222.294220 5881936.919452, 490222.294220 5881921.945514))
4; POLYGON((490137.200000 5881934.700964, 490150.137268 5881934.700964, 490150.137268 5881971.675180, 490137.200000 5881971.675180, 490137.200000 5881934.700964))
4; POLYGON((490203.185138 5881929.587579, 490210.284827 5881929.587579, 490210.284827 5881936.181854, 490203.185138 5881936.181854, 490203.185138 5881929.587579))
4; POLYGON((490222.109363 5881910.300000, 490237.181323 5881910.300000, 490237.181323 5881936.793445, 490222.109363 5881936.793445, 490222.109363 5881910.300000))
4; POLYGON((490227.264648 5881983.019189, 490237.200000 5881983.019189, 490237.200000 5882010.272004, 490227.264648 5882010.272004, 490227.264648 5881983.019189))
1; POLYGON((490204.458600 5881935.366309, 490218.070331 5881935.366309, 490218.070331 5881946.614136, 490204.458600 5881946.614136, 490204.458600 5881935.366309))
3; POLYGON((490227.796667 5881996.858435, 490237.189099 5881996.858435, 490237.189099 5882010.296369, 490227.796667 5882010.296369, 490227.796667 5881996.858435))
4; POLYGON((490139.921368 5881999.387646, 490151.225926 5881999.387646, 490151.225926 5882010.300000, 490139.921368 5882010.300000, 490139.921368 5881999.387646))
