4; POLYGON((490944.661287 5880688.744432, 490952.966962 5880688.744432, 490952.966962 5880696.916631, 490944.661287 5880696.916631, 490944.661287 5880688.744432))
4; POLYGON((490987.656961 5880624.578430, 490994.405164 5880624.578430, 490994.405164 5880631.925391, 490987.656961 5880631.925391, 490987.656961 5880624.578430))
4; POLYGON((491001.556873 5880622.351123, 491009.789966 5880622.351123, 491009.789966 5880629.044269, 491001.556873 5880629.044269, 491001.556873 5880622.351123))
4; POLYGON((490968.672198 5880685.730972, 490976.945560 5880685.730972, 490976.945560 5880694.017038, 490968.672198 5880694.017038, 490968.672198 5880685.730972))
4; POLYGON((490970.222800 5880627.908636, 490977.322424 5880627.908636, 490977.322424 5880635.495367, 490970.222800 5880635.495367, 490970.222800 5880627.908636))
4; POLYGON((490985.702609 5880640.985358, 490992.824231 5880640.985358, 490992.824231 5880647.599017, 490985.702609 5880647.599017, 490985.702609 5880640.985358))
4; POLYGON((490966.268231 5880645.060791, 490974.035883 5880645.060791, 490974.035883 5880652.182446, 490966.268231 5880652.182446, 490966.268231 5880645.060791))
4; POLYGON((490953.741051 5880633.558539, 490961.196561 5880633.558539, 490961.196561 5880640.371527, 490953.741051 5880640.371527, 490953.741051 5880633.558539))
4; POLYGON((491016.179285 5880685.158002, 491024.275049 5880685.158002, 491024.275049 5880693.219482, 491016.179285 5880693.219482, 491016.179285 5880685.158002))
3; POLYGON((491012.135565 5880637.691187, 491019.044220 5880637.691187, 491019.044220 5880645.886420, 491012.135565 5880645.886420, 491012.135565 5880637.691187))
4; POLYGON((491025.385516 5880695.554242, 491033.180658 5880695.554242, 491033.180658 5880703.520912, 491025.385516 5880703.520912, 491025.385516 5880695.554242))
4; POLYGON((490982.880170 5880698.100857, 490991.270758 5880698.100857, 490991.270758 5880706.267809, 490982.880170 5880706.267809, 490982.880170 5880698.100857))
4; POLYGON((490994.806207 5880653.697186, 491002.182684 5880653.697186, 491002.182684 5880660.942334, 490994.806207 5880660.942334, 490994.806207 5880653.697186))
4; POLYGON((490968.351358 5880660.232126, 490975.408347 5880660.232126, 490975.408347 5880666.677728, 490968.351358 5880666.677728, 490968.351358 5880660.232126))
4; POLYGON((490995.059155 5880705.502337, 491003.545044 5880705.502337, 491003.545044 5880710.300000, 490995.059155 5880710.300000, 490995.059155 5880705.502337))
4; POLYGON((490937.205104 5880653.220056, 490940.343977 5880653.220056, 490940.343977 5880659.433267, 490937.205104 5880659.433267, 490937.205104 5880653.220056))
4; POLYGON((491008.179193 5880675.779736, 491016.530316 5880675.779736, 491016.530316 5880683.893567, 491008.179193 5880683.893567, 491008.179193 5880675.779736))
4; POLYGON((491027.918970 5880674.781635, 491036.703595 5880674.781635, 491036.703595 5880683.587158, 491027.918970 5880683.587158, 491027.918970 5880674.781635))
4; POLYGON((490955.240533 5880699.322291, 490963.641086 5880699.322291, 490963.641086 5880707.630544, 490955.240533 5880707.630544, 490955.240533 5880699.322291))
4; POLYGON((490942.392475 5880665.902768, 490950.089279 5880665.902768, 490950.089279 5880672.857925, 490942.392475 5880672.857925, 490942.392475 5880665.902768))
4; POLYGON((490968.211484 5880659.633688, 490975.504977 5880659.633688, 490975.504977 5880666.673782, 490968.211484 5880666.673782, 490968.211484 5880659.633688))
4; POLYGON((490937.205979 5880637.732599, 490942.259396 5880637.732599, 490942.259396 5880644.535040, 490937.205979 5880644.535040, 490937.205979 5880637.732599))
