2; POLYGON((491364.734406 5882467.365454, 491370.962994 5882467.365454, 491370.962994 5882478.145703, 491364.734406 5882478.145703, 491364.734406 5882467.365454))
4; POLYGON((491367.586618 5882470.039645, 491393.169458 5882470.039645, 491393.169458 5882510.153635, 491367.586618 5882510.153635, 491367.586618 5882470.039645))
4; POLYGON((491337.203305 5882491.057619, 491344.462846 5882491.057619, 491344.462846 5882510.231602, 491337.203305 5882510.231602, 491337.203305 5882491.057619))
3; POLYGON((491362.436926 5882410.300000, 491389.113593 5882410.300000, 491389.113593 5882418.990973, 491362.436926 5882418.990973, 491362.436926 5882410.300000))
4; POLYGON((491337.200557 5882465.903531, 491362.996057 5882465.903531, 491362.996057 5882477.868292, 491337.200557 5882477.868292, 491337.200557 5882465.903531))
4; POLYGON((491367.750912 5882480.725848, 491393.138672 5882480.725848, 491393.138672 5882510.289739, 491367.750912 5882510.289739, 491367.750912 5882480.725848))
3; POLYGON((491371.209979 5882470.888104, 491389.798010 5882470.888104, 491389.798010 5882487.816924, 491371.209979 5882487.816924, 491371.209979 5882470.888104))
3; POLYGON((491371.353329 5882470.045850, 491391.164337 5882470.045850, 491391.164337 5882487.763940, 491371.353329 5882487.763940, 491371.353329 5882470.045850))
3; POLYGON((491337.203016 5882465.867941, 491362.884991 5882465.867941, 491362.884991 5882477.746979, 491337.203016 5882477.746979, 491337.203016 5882465.867941))
4; POLYGON((491360.126981 5882494.584706, 491368.611615 5882494.584706, 491368.611615 5882505.099606, 491360.126981 5882505.099606, 491360.126981 5882494.584706))
2; POLYGON((491366.659393 5882493.973466, 491371.319565 5882493.973466, 491371.319565 5882501.299684, 491366.659393 5882501.299684, 491366.659393 5882493.973466))
