4; POLYGON((490058.267320 5880025.476300, 490103.724695 5880025.476300, 490103.724695 5880072.997104, 490058.267320 5880072.997104, 490058.267320 5880025.476300))
3; POLYGON((490038.513734 5880010.307648, 490049.406230 5880010.307648, 490049.406230 5880019.776654, 490038.513734 5880019.776654, 490038.513734 5880010.307648))
3; POLYGON((490050.616444 5880101.191634, 490066.206754 5880101.191634, 490066.206754 5880110.294550, 490050.616444 5880110.294550, 490050.616444 5880101.191634))
4; POLYGON((490117.739069 5880087.838464, 490137.200000 5880087.838464, 490137.200000 5880110.300000, 490117.739069 5880110.300000, 490117.739069 5880087.838464))
4; POLYGON((490116.741644 5880010.300000, 490137.200000 5880010.300000, 490137.200000 5880021.518506, 490116.741644 5880021.518506, 490116.741644 5880010.300000))
4; POLYGON((490124.503345 5880029.025635, 490137.200000 5880029.025635, 490137.200000 5880067.878262, 490124.503345 5880067.878262, 490124.503345 5880029.025635))
3; POLYGON((490037.205158 5880064.569666, 490042.967198 5880064.569666, 490042.967198 5880094.966000, 490037.205158 5880094.966000, 490037.205158 5880064.569666))
3; POLYGON((490037.209383 5880059.495013, 490043.010550 5880059.495013, 490043.010550 5880094.968489, 490037.209383 5880094.968489, 490037.209383 5880059.495013))
3; POLYGON((490037.200000 5880049.406732, 490042.916555 5880049.406732, 490042.916555 5880095.079097, 490037.200000 5880095.079097, 490037.200000 5880049.406732))
3; POLYGON((490037.200181 5880043.964984, 490042.876180 5880043.964984, 490042.876180 5880095.117613, 490037.200181 5880095.117613, 490037.200181 5880043.964984))
3; POLYGON((490037.201422 5880068.556653, 490042.968575 5880068.556653, 490042.968575 5880094.843683, 490037.201422 5880094.843683, 490037.201422 5880068.556653))
3; POLYGON((490037.204878 5880071.617398, 490043.013956 5880071.617398, 490043.013956 5880095.163306, 490037.204878 5880095.163306, 490037.204878 5880071.617398))
3; POLYGON((490037.212973 5880038.860779, 490043.039184 5880038.860779, 490043.039184 5880095.091823, 490037.212973 5880095.091823, 490037.212973 5880038.860779))
1; POLYGON((490079.783630 5880103.062558, 490086.750183 5880103.062558, 490086.750183 5880110.295025, 490079.783630 5880110.295025, 490079.783630 5880103.062558))
