3; POLYGON((490897.521973 5880646.066071, 490905.218909 5880646.066071, 490905.218909 5880652.944208, 490897.521973 5880652.944208, 490897.521973 5880646.066071))
4; POLYGON((490931.058667 5880653.251849, 490937.200000 5880653.251849, 490937.200000 5880659.701715, 490931.058667 5880659.701715, 490931.058667 5880653.251849))
3; POLYGON((490888.465009 5880681.858722, 490895.578265 5880681.858722, 490895.578265 5880687.853387, 490888.465009 5880687.853387, 490888.465009 5880681.858722))
4; POLYGON((490918.602057 5880694.990759, 490926.819153 5880694.990759, 490926.819153 5880703.284692, 490918.602057 5880703.284692, 490918.602057 5880694.990759))
4; POLYGON((490908.978900 5880659.379510, 490916.355261 5880659.379510, 490916.355261 5880665.402786, 490908.978900 5880665.402786, 490908.978900 5880659.379510))
4; POLYGON((490911.333472 5880674.099438, 490918.399573 5880674.099438, 490918.399573 5880681.167160, 490911.333472 5880681.167160, 490911.333472 5880674.099438))
4; POLYGON((490867.909479 5880698.242719, 490875.762976 5880698.242719, 490875.762976 5880705.359840, 490867.909479 5880705.359840, 490867.909479 5880698.242719))
4; POLYGON((490851.840126 5880661.248819, 490859.030231 5880661.248819, 490859.030231 5880667.586725, 490851.840126 5880667.586725, 490851.840126 5880661.248819))
4; POLYGON((490878.149188 5880684.611307, 490884.850919 5880684.611307, 490884.850919 5880690.058627, 490878.149188 5880690.058627, 490878.149188 5880684.611307))
4; POLYGON((490915.128369 5880641.942108, 490923.475262 5880641.942108, 490923.475262 5880648.716174, 490915.128369 5880648.716174, 490915.128369 5880641.942108))
4; POLYGON((490933.528632 5880637.742902, 490937.200000 5880637.742902, 490937.200000 5880644.013287, 490933.528632 5880644.013287, 490933.528632 5880637.742902))
4; POLYGON((490908.878729 5880658.440137, 490916.345367 5880658.440137, 490916.345367 5880665.312653, 490908.878729 5880665.312653, 490908.878729 5880658.440137))
4; POLYGON((490906.063220 5880704.085654, 490913.765985 5880704.085654, 490913.765985 5880710.300000, 490906.063220 5880710.300000, 490906.063220 5880704.085654))
4; POLYGON((490867.110025 5880689.468127, 490872.481979 5880689.468127, 490872.481979 5880694.872116, 490867.110025 5880694.872116, 490867.110025 5880689.468127))
4; POLYGON((490895.637750 5880696.239667, 490903.200757 5880696.239667, 490903.200757 5880703.816764, 490895.637750 5880703.816764, 490895.637750 5880696.239667))
