3; POLYGON((488951.841748 5881968.415991, 488975.243390 5881968.415991, 488975.243390 5881991.828497, 488951.841748 5881991.828497, 488951.841748 5881968.415991))
3; POLYGON((488978.931131 5881977.972531, 488997.441992 5881977.972531, 488997.441992 5881996.986275, 488978.931131 5881996.986275, 488978.931131 5881977.972531))
3; POLYGON((489006.653876 5881984.360748, 489023.429102 5881984.360748, 489023.429102 5882000.694107, 489006.653876 5882000.694107, 489006.653876 5881984.360748))
3; POLYGON((488994.272656 5881925.547424, 489011.622266 5881925.547424, 489011.622266 5881941.014874, 488994.272656 5881941.014874, 488994.272656 5881925.547424))
3; POLYGON((488940.479516 5881910.300000, 488956.774989 5881910.300000, 488956.774989 5881918.618372, 488940.479516 5881918.618372, 488940.479516 5881910.300000))
3; POLYGON((488956.265385 5881910.300000, 488976.191974 5881910.300000, 488976.191974 5881929.334760, 488956.265385 5881929.334760, 488956.265385 5881910.300000))
3; POLYGON((488975.915915 5881917.726074, 488992.458496 5881917.726074, 488992.458496 5881933.322809, 488975.915915 5881933.322809, 488975.915915 5881917.726074))
2; POLYGON((488982.083313 5881993.690805, 488988.185165 5881993.690805, 488988.185165 5881999.793005, 488982.083313 5881999.793005, 488982.083313 5881993.690805))
3; POLYGON((488937.274087 5881961.887073, 488955.862146 5881961.887073, 488955.862146 5881979.668912, 488937.274087 5881979.668912, 488937.274087 5881961.887073))
3; POLYGON((489011.842761 5881931.193817, 489030.115399 5881931.193817, 489030.115399 5881951.665033, 489011.842761 5881951.665033, 489011.842761 5881931.193817))
3; POLYGON((489032.625671 5881998.281735, 489037.200000 5881998.281735, 489037.200000 5882010.300000, 489032.625671 5882010.300000, 489032.625671 5881998.281735))
3; POLYGON((489032.410413 5881996.978972, 489037.200000 5881996.978972, 489037.200000 5882010.275799, 489032.410413 5882010.275799, 489032.410413 5881996.978972))
3; POLYGON((489028.885852 5881937.897192, 489037.200000 5881937.897192, 489037.200000 5881957.622479, 489028.885852 5881957.622479, 489028.885852 5881937.897192))
3; POLYGON((489032.371313 5882000.087776, 489037.200000 5882000.087776, 489037.200000 5882010.298626, 489032.371313 5882010.298626, 489032.371313 5882000.087776))
4; POLYGON((488957.682545 5881980.423193, 488968.794208 5881980.423193, 488968.794208 5881992.401102, 488957.682545 5881992.401102, 488957.682545 5881980.423193))
3; POLYGON((489032.499463 5881995.358832, 489037.200000 5881995.358832, 489037.200000 5882010.295099, 489032.499463 5882010.295099, 489032.499463 5881995.358832))
