3; POLYGON((490513.571960 5881430.956409, 490528.204761 5881430.956409, 490528.204761 5881445.000122, 490513.571960 5881445.000122, 490513.571960 5881430.956409))
3; POLYGON((490492.179523 5881434.575775, 490507.772052 5881434.575775, 490507.772052 5881447.261310, 490492.179523 5881447.261310, 490492.179523 5881434.575775))
3; POLYGON((490446.619602 5881433.575592, 490462.889493 5881433.575592, 490462.889493 5881446.748175, 490446.619602 5881446.748175, 490446.619602 5881433.575592))
3; POLYGON((490534.036658 5881430.280792, 490537.200000 5881430.280792, 490537.200000 5881443.512115, 490534.036658 5881443.512115, 490534.036658 5881430.280792))
3; POLYGON((490469.454144 5881434.447729, 490485.578287 5881434.447729, 490485.578287 5881447.546753, 490469.454144 5881447.546753, 490469.454144 5881434.447729))
3; POLYGON((490444.254257 5881496.631848, 490454.760516 5881496.631848, 490454.760516 5881509.345047, 490444.254257 5881509.345047, 490444.254257 5881496.631848))
3; POLYGON((490437.211517 5881431.589398, 490441.278377 5881431.589398, 490441.278377 5881445.630707, 490437.211517 5881445.630707, 490437.211517 5881431.589398))
3; POLYGON((490437.208339 5881495.195491, 490440.106563 5881495.195491, 490440.106563 5881509.945449, 490437.208339 5881509.945449, 490437.208339 5881495.195491))
3; POLYGON((490486.052524 5881499.327945, 490500.924310 5881499.327945, 490500.924310 5881510.300000, 490486.052524 5881510.300000, 490486.052524 5881499.327945))
3; POLYGON((490437.209112 5881495.077708, 490439.820870 5881495.077708, 490439.820870 5881510.062715, 490437.209112 5881510.062715, 490437.209112 5881495.077708))
3; POLYGON((490533.107697 5881493.548787, 490537.200000 5881493.548787, 490537.200000 5881505.007667, 490533.107697 5881505.007667, 490533.107697 5881493.548787))
3; POLYGON((490532.645947 5881493.619246, 490537.200000 5881493.619246, 490537.200000 5881505.070914, 490532.645947 5881505.070914, 490532.645947 5881493.619246))
3; POLYGON((490532.097217 5881493.550502, 490537.200000 5881493.550502, 490537.200000 5881505.140899, 490532.097217 5881505.140899, 490532.097217 5881493.550502))
3; POLYGON((490437.200000 5881431.230194, 490441.714215 5881431.230194, 490441.714215 5881445.692566, 490437.200000 5881445.692566, 490437.200000 5881431.230194))
3; POLYGON((490437.209671 5881495.319902, 490439.985172 5881495.319902, 490439.985172 5881508.086242, 490437.209671 5881508.086242, 490437.209671 5881495.319902))
3; POLYGON((490533.684058 5881493.602490, 490537.200000 5881493.602490, 490537.200000 5881504.593826, 490533.684058 5881504.593826, 490533.684058 5881493.602490))
