3; POLYGON((491837.205907 5882443.533563, 491852.725746 5882443.533563, 491852.725746 5882460.442947, 491837.205907 5882460.442947, 491837.205907 5882443.533563))
3; POLYGON((491877.221072 5882436.652942, 491898.395117 5882436.652942, 491898.395117 5882456.278986, 491877.221072 5882456.278986, 491877.221072 5882436.652942))
3; POLYGON((491840.591015 5882475.840451, 491857.452980 5882475.840451, 491857.452980 5882494.553697, 491840.591015 5882494.553697, 491840.591015 5882475.840451))
3; POLYGON((491899.186597 5882420.968909, 491912.287732 5882420.968909, 491912.287732 5882436.425928, 491899.186597 5882436.425928, 491899.186597 5882420.968909))
4; POLYGON((491873.437482 5882500.630993, 491905.307202 5882500.630993, 491905.307202 5882510.296737, 491873.437482 5882510.296737, 491873.437482 5882500.630993))
4; POLYGON((491884.968600 5882489.393863, 491896.238824 5882489.393863, 491896.238824 5882497.399782, 491884.968600 5882497.399782, 491884.968600 5882489.393863))
3; POLYGON((491910.153912 5882410.300000, 491918.588062 5882410.300000, 491918.588062 5882413.964752, 491910.153912 5882413.964752, 491910.153912 5882410.300000))
3; POLYGON((491837.203423 5882497.759158, 491845.010379 5882497.759158, 491845.010379 5882510.265505, 491837.203423 5882510.265505, 491837.203423 5882497.759158))
3; POLYGON((491910.460413 5882410.300000, 491918.677100 5882410.300000, 491918.677100 5882414.311292, 491910.460413 5882414.311292, 491910.460413 5882410.300000))
4; POLYGON((491873.088904 5882499.531270, 491905.343054 5882499.531270, 491905.343054 5882510.298754, 491873.088904 5882510.298754, 491873.088904 5882499.531270))
3; POLYGON((491909.205511 5882410.300000, 491918.277600 5882410.300000, 491918.277600 5882413.765515, 491909.205511 5882413.765515, 491909.205511 5882410.300000))
