3; POLYGON((489827.769574 5881646.921173, 489837.187561 5881646.921173, 489837.187561 5881683.890607, 489827.769574 5881683.890607, 489827.769574 5881646.921173))
4; POLYGON((489737.204083 5881650.242877, 489759.336383 5881650.242877, 489759.336383 5881686.665828, 489737.204083 5881686.665828, 489737.204083 5881650.242877))
3; POLYGON((489813.402832 5881610.300000, 489836.502277 5881610.300000, 489836.502277 5881636.883154, 489813.402832 5881636.883154, 489813.402832 5881610.300000))
4; POLYGON((489737.200000 5881611.005713, 489771.967554 5881611.005713, 489771.967554 5881644.283820, 489737.200000 5881644.283820, 489737.200000 5881611.005713))
3; POLYGON((489827.674957 5881634.176453, 489837.200000 5881634.176453, 489837.200000 5881684.206131, 489827.674957 5881684.206131, 489827.674957 5881634.176453))
4; POLYGON((489763.448178 5881663.715076, 489803.694470 5881663.715076, 489803.694470 5881709.838833, 489763.448178 5881709.838833, 489763.448178 5881663.715076))
3; POLYGON((489768.884879 5881610.300000, 489803.135803 5881610.300000, 489803.135803 5881615.296606, 489768.884879 5881615.296606, 489768.884879 5881610.300000))
3; POLYGON((489773.963580 5881610.300000, 489803.204498 5881610.300000, 489803.204498 5881615.303662, 489773.963580 5881615.303662, 489773.963580 5881610.300000))
3; POLYGON((489765.078177 5881610.300000, 489803.104077 5881610.300000, 489803.104077 5881615.324237, 489765.078177 5881615.324237, 489765.078177 5881610.300000))
3; POLYGON((489796.254742 5881635.167316, 489820.513879 5881635.167316, 489820.513879 5881666.639087, 489796.254742 5881666.639087, 489796.254742 5881635.167316))
3; POLYGON((489827.639551 5881627.289380, 489837.200000 5881627.289380, 489837.200000 5881683.924268, 489827.639551 5881683.924268, 489827.639551 5881627.289380))
3; POLYGON((489776.683105 5881610.300000, 489803.301489 5881610.300000, 489803.301489 5881615.325812, 489776.683105 5881615.325812, 489776.683105 5881610.300000))
3; POLYGON((489769.811124 5881610.300000, 489803.208569 5881610.300000, 489803.208569 5881615.723279, 489769.811124 5881615.723279, 489769.811124 5881610.300000))
