3; POLYGON((489963.893353 5882310.339526, 490004.220923 5882310.339526, 490004.220923 5882384.006677, 489963.893353 5882384.006677, 489963.893353 5882310.339526))
3; POLYGON((489960.157300 5882383.456659, 490003.331018 5882383.456659, 490003.331018 5882410.296829, 489960.157300 5882410.296829, 489960.157300 5882383.456659))
3; POLYGON((489937.200156 5882310.300000, 489962.140381 5882310.300000, 489962.140381 5882385.207567, 489937.200156 5882385.207567, 489937.200156 5882310.300000))
4; POLYGON((490004.992102 5882319.839941, 490020.854443 5882319.839941, 490020.854443 5882333.999847, 490004.992102 5882333.999847, 490004.992102 5882319.839941))
3; POLYGON((490025.332434 5882310.300000, 490037.200000 5882310.300000, 490037.200000 5882313.713776, 490025.332434 5882313.713776, 490025.332434 5882310.300000))
3; POLYGON((490024.112128 5882310.300000, 490037.200000 5882310.300000, 490037.200000 5882313.750830, 490024.112128 5882313.750830, 490024.112128 5882310.300000))
4; POLYGON((490020.800024 5882378.702435, 490037.200000 5882378.702435, 490037.200000 5882410.293023, 490020.800024 5882410.293023, 490020.800024 5882378.702435))
3; POLYGON((490026.570508 5882310.300000, 490037.200000 5882310.300000, 490037.200000 5882313.775305, 490026.570508 5882313.775305, 490026.570508 5882310.300000))
3; POLYGON((490022.186920 5882310.300000, 490037.200000 5882310.300000, 490037.200000 5882313.791168, 490022.186920 5882313.791168, 490022.186920 5882310.300000))
3; POLYGON((490020.466504 5882310.300000, 490037.200000 5882310.300000, 490037.200000 5882313.850854, 490020.466504 5882313.850854, 490020.466504 5882310.300000))
3; POLYGON((490027.505298 5882310.300000, 490037.200000 5882310.300000, 490037.200000 5882313.877728, 490027.505298 5882313.877728, 490027.505298 5882310.300000))
4; POLYGON((490025.071356 5882353.972064, 490037.200000 5882353.972064, 490037.200000 5882370.724969, 490025.071356 5882370.724969, 490025.071356 5882353.972064))
