1; POLYGON((491556.987376 5882510.303815, 491573.608786 5882510.303815, 491573.608786 5882519.595819, 491556.987376 5882519.595819, 491556.987376 5882510.303815))
3; POLYGON((491622.409479 5882510.300000, 491635.187177 5882510.300000, 491635.187177 5882516.346265, 491622.409479 5882516.346265, 491622.409479 5882510.300000))
3; POLYGON((491592.346417 5882510.300000, 491607.612488 5882510.300000, 491607.612488 5882517.526233, 491592.346417 5882517.526233, 491592.346417 5882510.300000))
1; POLYGON((491556.300647 5882530.265869, 491573.130341 5882530.265869, 491573.130341 5882551.633130, 491556.300647 5882551.633130, 491556.300647 5882530.265869))
4; POLYGON((491537.200000 5882579.049966, 491551.805934 5882579.049966, 491551.805934 5882610.142745, 491537.200000 5882610.142745, 491537.200000 5882579.049966))
3; POLYGON((491593.555090 5882529.178094, 491614.423389 5882529.178094, 491614.423389 5882551.383551, 491593.555090 5882551.383551, 491593.555090 5882529.178094))
3; POLYGON((491623.474976 5882591.600908, 491637.200000 5882591.600908, 491637.200000 5882603.561068, 491623.474976 5882603.561068, 491623.474976 5882591.600908))
3; POLYGON((491633.489258 5882538.659399, 491637.200000 5882538.659399, 491637.200000 5882552.482123, 491633.489258 5882552.482123, 491633.489258 5882538.659399))
3; POLYGON((491633.340845 5882537.389172, 491637.200000 5882537.389172, 491637.200000 5882552.433167, 491633.340845 5882552.433167, 491633.340845 5882537.389172))
2; POLYGON((491573.810208 5882519.486810, 491582.095670 5882519.486810, 491582.095670 5882529.269757, 491573.810208 5882529.269757, 491573.810208 5882519.486810))
3; POLYGON((491633.007690 5882534.502795, 491637.200000 5882534.502795, 491637.200000 5882552.553607, 491633.007690 5882552.553607, 491633.007690 5882534.502795))
3; POLYGON((491633.501764 5882534.663904, 491637.191223 5882534.663904, 491637.191223 5882552.363599, 491633.501764 5882552.363599, 491633.501764 5882534.663904))
4; POLYGON((491573.865985 5882519.465698, 491582.062399 5882519.465698, 491582.062399 5882529.370343, 491573.865985 5882529.370343, 491573.865985 5882519.465698))
4; POLYGON((491537.207877 5882579.018179, 491540.851811 5882579.018179, 491540.851811 5882599.109312, 491537.207877 5882599.109312, 491537.207877 5882579.018179))
