4; POLYGON((488511.179150 5880332.878040, 488527.632837 5880332.878040, 488527.632837 5880355.651971, 488511.179150 5880355.651971, 488511.179150 5880332.878040))
3; POLYGON((488454.475085 5880310.300000, 488464.784424 5880310.300000, 488464.784424 5880322.315515, 488454.475085 5880322.315515, 488454.475085 5880310.300000))
1; POLYGON((488528.034839 5880364.966409, 488537.200000 5880364.966409, 488537.200000 5880374.518613, 488528.034839 5880374.518613, 488528.034839 5880364.966409))
3; POLYGON((488504.483771 5880377.952405, 488525.362610 5880377.952405, 488525.362610 5880391.210803, 488504.483771 5880391.210803, 488504.483771 5880377.952405))
3; POLYGON((488461.045921 5880317.263733, 488491.331744 5880317.263733, 488491.331744 5880343.026532, 488461.045921 5880343.026532, 488461.045921 5880317.263733))
4; POLYGON((488437.200000 5880367.551181, 488488.054489 5880367.551181, 488488.054489 5880397.951777, 488437.200000 5880397.951777, 488437.200000 5880367.551181))
3; POLYGON((488488.612518 5880379.616147, 488496.099158 5880379.616147, 488496.099158 5880392.906218, 488488.612518 5880392.906218, 488488.612518 5880379.616147))
3; POLYGON((488449.953880 5880354.046167, 488478.705252 5880354.046167, 488478.705252 5880380.821313, 488449.953880 5880380.821313, 488449.953880 5880354.046167))
1; POLYGON((488528.065466 5880363.965579, 488537.200000 5880363.965579, 488537.200000 5880374.578952, 488528.065466 5880374.578952, 488528.065466 5880363.965579))
3; POLYGON((488491.733350 5880310.302185, 488512.668097 5880310.302185, 488512.668097 5880326.430920, 488491.733350 5880326.430920, 488491.733350 5880310.302185))
3; POLYGON((488450.141806 5880337.666058, 488514.448260 5880337.666058, 488514.448260 5880380.837402, 488450.141806 5880380.837402, 488450.141806 5880337.666058))
3; POLYGON((488449.972639 5880360.088138, 488469.996429 5880360.088138, 488469.996429 5880380.693945, 488449.972639 5880380.693945, 488449.972639 5880360.088138))
3; POLYGON((488460.994937 5880318.811194, 488486.550247 5880318.811194, 488486.550247 5880342.993524, 488460.994937 5880342.993524, 488460.994937 5880318.811194))
4; POLYGON((488437.300607 5880310.357977, 488466.359073 5880310.357977, 488466.359073 5880349.829175, 488437.300607 5880349.829175, 488437.300607 5880310.357977))
