3; POLYGON((489283.509259 5882374.359052, 489337.183228 5882374.359052, 489337.183228 5882410.292949, 489283.509259 5882410.292949, 489283.509259 5882374.359052))
3; POLYGON((489296.848785 5882330.893958, 489327.220880 5882330.893958, 489327.220880 5882354.467523, 489296.848785 5882354.467523, 489296.848785 5882330.893958))
3; POLYGON((489268.637311 5882365.455588, 489304.603809 5882365.455588, 489304.603809 5882392.672235, 489268.637311 5882392.672235, 489268.637311 5882365.455588))
3; POLYGON((489328.070673 5882319.178223, 489337.200000 5882319.178223, 489337.200000 5882334.992743, 489328.070673 5882334.992743, 489328.070673 5882319.178223))
3; POLYGON((489263.205341 5882370.751962, 489270.562866 5882370.751962, 489270.562866 5882377.714285, 489263.205341 5882377.714285, 489263.205341 5882370.751962))
3; POLYGON((489259.520964 5882358.958411, 489271.309390 5882358.958411, 489271.309390 5882370.312891, 489259.520964 5882370.312891, 489259.520964 5882358.958411))
3; POLYGON((489249.719767 5882310.300000, 489265.360394 5882310.300000, 489265.360394 5882312.735937, 489249.719767 5882312.735937, 489249.719767 5882310.300000))
3; POLYGON((489327.994611 5882312.748969, 489337.189984 5882312.748969, 489337.189984 5882334.943304, 489327.994611 5882334.943304, 489327.994611 5882312.748969))
3; POLYGON((489249.693371 5882310.300000, 489267.018872 5882310.300000, 489267.018872 5882312.900769, 489249.693371 5882312.900769, 489249.693371 5882310.300000))
3; POLYGON((489237.207846 5882372.088449, 489241.558788 5882372.088449, 489241.558788 5882392.498378, 489237.207846 5882392.498378, 489237.207846 5882372.088449))
