4; POLYGON((491560.906197 5880022.734283, 491592.727026 5880022.734283, 491592.727026 5880054.467126, 491560.906197 5880054.467126, 491560.906197 5880022.734283))
4; POLYGON((491546.285957 5880010.312689, 491590.651160 5880010.312689, 491590.651160 5880038.800562, 491546.285957 5880038.800562, 491546.285957 5880010.312689))
4; POLYGON((491537.200000 5880010.300000, 491550.953516 5880010.300000, 491550.953516 5880019.439594, 491537.200000 5880019.439594, 491537.200000 5880010.300000))
4; POLYGON((491546.338083 5880010.300000, 491605.145428 5880010.300000, 491605.145428 5880038.710645, 491546.338083 5880038.710645, 491546.338083 5880010.300000))
4; POLYGON((491537.200000 5880010.300000, 491556.274486 5880010.300000, 491556.274486 5880019.212317, 491537.200000 5880019.212317, 491537.200000 5880010.300000))
4; POLYGON((491589.188477 5880010.300000, 491605.381079 5880010.300000, 491605.381079 5880025.115192, 491589.188477 5880025.115192, 491589.188477 5880010.300000))
4; POLYGON((491537.204770 5880102.567824, 491552.282460 5880102.567824, 491552.282460 5880110.300000, 491537.204770 5880110.300000, 491537.204770 5880102.567824))
4; POLYGON((491590.216217 5880025.880402, 491596.317554 5880025.880402, 491596.317554 5880032.321362, 491590.216217 5880032.321362, 491590.216217 5880025.880402))
4; POLYGON((491537.200000 5880102.717360, 491554.974634 5880102.717360, 491554.974634 5880110.300000, 491537.200000 5880110.300000, 491537.200000 5880102.717360))
4; POLYGON((491537.200000 5880010.300000, 491560.680952 5880010.300000, 491560.680952 5880019.204559, 491537.200000 5880019.204559, 491537.200000 5880010.300000))
4; POLYGON((491537.207750 5880103.413895, 491550.994582 5880103.413895, 491550.994582 5880110.299075, 491537.207750 5880110.299075, 491537.207750 5880103.413895))
4; POLYGON((491537.217214 5880103.444769, 491553.799139 5880103.444769, 491553.799139 5880110.300000, 491537.217214 5880110.300000, 491537.217214 5880103.444769))
4; POLYGON((491537.200000 5880010.300000, 491564.194070 5880010.300000, 491564.194070 5880019.257764, 491537.200000 5880019.257764, 491537.200000 5880010.300000))
4; POLYGON((491537.211456 5880101.959350, 491551.443689 5880101.959350, 491551.443689 5880110.300000, 491537.211456 5880110.300000, 491537.211456 5880101.959350))
