3; POLYGON((489713.133380 5881996.161517, 489737.200000 5881996.161517, 489737.200000 5882010.295066, 489713.133380 5882010.295066, 489713.133380 5881996.161517))
3; POLYGON((489638.824122 5881978.166537, 489663.652249 5881978.166537, 489663.652249 5882000.694157, 489638.824122 5882000.694157, 489638.824122 5881978.166537))
3; POLYGON((489637.200000 5881916.059875, 489722.266730 5881916.059875, 489722.266730 5881954.339789, 489637.200000 5881954.339789, 489637.200000 5881916.059875))
3; POLYGON((489671.358389 5881965.021716, 489686.721127 5881965.021716, 489686.721127 5881981.049057, 489671.358389 5881981.049057, 489671.358389 5881965.021716))
3; POLYGON((489637.207984 5881996.638689, 489639.499359 5881996.638689, 489639.499359 5882009.944029, 489637.207984 5882009.944029, 489637.207984 5881996.638689))
3; POLYGON((489637.207131 5881995.625562, 489639.567736 5881995.625562, 489639.567736 5882010.111663, 489637.207131 5882010.111663, 489637.207131 5881995.625562))
3; POLYGON((489663.435541 5881973.421750, 489676.192148 5881973.421750, 489676.192148 5881986.720148, 489663.435541 5881986.720148, 489663.435541 5881973.421750))
3; POLYGON((489637.200000 5881915.360510, 489690.270844 5881915.360510, 489690.270844 5881944.176660, 489637.200000 5881944.176660, 489637.200000 5881915.360510))
3; POLYGON((489637.207118 5881997.132884, 489639.641104 5881997.132884, 489639.641104 5882010.105444, 489637.207118 5882010.105444, 489637.207118 5881997.132884))
3; POLYGON((489689.646149 5881910.300000, 489736.920422 5881910.300000, 489736.920422 5881922.398840, 489689.646149 5881922.398840, 489689.646149 5881910.300000))
3; POLYGON((489637.204347 5881993.743819, 489639.593408 5881993.743819, 489639.593408 5882010.017742, 489637.204347 5882010.017742, 489637.204347 5881993.743819))
3; POLYGON((489637.205781 5881996.260628, 489639.970182 5881996.260628, 489639.970182 5882010.068941, 489637.205781 5882010.068941, 489637.205781 5881996.260628))
3; POLYGON((489688.607520 5881935.087134, 489722.255505 5881935.087134, 489722.255505 5881954.393884, 489688.607520 5881954.393884, 489688.607520 5881935.087134))
3; POLYGON((489674.600470 5881910.300000, 489736.900732 5881910.300000, 489736.900732 5881922.368256, 489674.600470 5881922.368256, 489674.600470 5881910.300000))
3; POLYGON((489666.251517 5881910.300000, 489736.882159 5881910.300000, 489736.882159 5881922.375549, 489666.251517 5881922.375549, 489666.251517 5881910.300000))
3; POLYGON((489637.202450 5881998.535342, 489639.451898 5881998.535342, 489639.451898 5882010.263401, 489637.202450 5882010.263401, 489637.202450 5881998.535342))
