3; POLYGON((491604.917236 5880859.492612, 491612.952777 5880859.492612, 491612.952777 5880867.681625, 491604.917236 5880867.681625, 491604.917236 5880859.492612))
3; POLYGON((491590.097748 5880903.114671, 491597.767175 5880903.114671, 491597.767175 5880910.300000, 491590.097748 5880910.300000, 491590.097748 5880903.114671))
4; POLYGON((491552.269580 5880813.715973, 491559.371834 5880813.715973, 491559.371834 5880821.967664, 491552.269580 5880821.967664, 491552.269580 5880813.715973))
3; POLYGON((491538.195558 5880839.007269, 491546.373357 5880839.007269, 491546.373357 5880847.557843, 491538.195558 5880847.557843, 491538.195558 5880839.007269))
3; POLYGON((491603.918658 5880873.511932, 491612.099487 5880873.511932, 491612.099487 5880881.120773, 491603.918658 5880881.120773, 491603.918658 5880873.511932))
3; POLYGON((491537.212132 5880855.583429, 491541.488349 5880855.583429, 491541.488349 5880862.838669, 491537.212132 5880862.838669, 491537.212132 5880855.583429))
4; POLYGON((491615.275415 5880849.532745, 491622.826752 5880849.532745, 491622.826752 5880858.361481, 491615.275415 5880858.361481, 491615.275415 5880849.532745))
4; POLYGON((491618.307294 5880834.897968, 491627.206641 5880834.897968, 491627.206641 5880842.734546, 491618.307294 5880842.734546, 491618.307294 5880834.897968))
4; POLYGON((491630.699725 5880857.993762, 491637.200000 5880857.993762, 491637.200000 5880866.113678, 491630.699725 5880866.113678, 491630.699725 5880857.993762))
3; POLYGON((491537.208112 5880884.274640, 491539.371812 5880884.274640, 491539.371812 5880894.740062, 491537.208112 5880894.740062, 491537.208112 5880884.274640))
4; POLYGON((491594.697461 5880890.502383, 491602.035364 5880890.502383, 491602.035364 5880897.281303, 491594.697461 5880897.281303, 491594.697461 5880890.502383))
4; POLYGON((491602.604852 5880906.494927, 491611.339984 5880906.494927, 491611.339984 5880910.300000, 491602.604852 5880910.300000, 491602.604852 5880906.494927))
4; POLYGON((491616.790948 5880882.767719, 491625.249347 5880882.767719, 491625.249347 5880889.907187, 491616.790948 5880889.907187, 491616.790948 5880882.767719))
3; POLYGON((491544.697458 5880825.973163, 491552.778804 5880825.973163, 491552.778804 5880834.591547, 491544.697458 5880834.591547, 491544.697458 5880825.973163))
4; POLYGON((491544.680991 5880825.939563, 491552.823500 5880825.939563, 491552.823500 5880834.555719, 491544.680991 5880834.555719, 491544.680991 5880825.939563))
4; POLYGON((491574.062973 5880811.282782, 491581.901245 5880811.282782, 491581.901245 5880818.401312, 491574.062973 5880818.401312, 491574.062973 5880811.282782))
4; POLYGON((491569.049530 5880818.987170, 491576.981561 5880818.987170, 491576.981561 5880827.345026, 491569.049530 5880827.345026, 491569.049530 5880818.987170))
4; POLYGON((491542.026887 5880871.284225, 491549.543056 5880871.284225, 491549.543056 5880878.375320, 491542.026887 5880878.375320, 491542.026887 5880871.284225))
4; POLYGON((491623.057397 5880902.058237, 491630.751794 5880902.058237, 491630.751794 5880908.791255, 491623.057397 5880908.791255, 491623.057397 5880902.058237))
