3; POLYGON((489560.650574 5882022.637640, 489597.162878 5882022.637640, 489597.162878 5882049.990155, 489560.650574 5882049.990155, 489560.650574 5882022.637640))
3; POLYGON((489577.243823 5882078.204590, 489610.396283 5882078.204590, 489610.396283 5882106.104855, 489577.243823 5882106.104855, 489577.243823 5882078.204590))
3; POLYGON((489614.269171 5882060.632501, 489637.200000 5882060.632501, 489637.200000 5882081.955054, 489614.269171 5882081.955054, 489614.269171 5882060.632501))
3; POLYGON((489616.504346 5882083.506937, 489624.284564 5882083.506937, 489624.284564 5882092.203879, 489616.504346 5882092.203879, 489616.504346 5882083.506937))
3; POLYGON((489542.156832 5882010.300000, 489555.780013 5882010.300000, 489555.780013 5882020.771564, 489542.156832 5882020.771564, 489542.156832 5882010.300000))
3; POLYGON((489614.101636 5882010.300000, 489635.536395 5882010.300000, 489635.536395 5882017.418555, 489614.101636 5882017.418555, 489614.101636 5882010.300000))
3; POLYGON((489596.056873 5882010.300000, 489615.584601 5882010.300000, 489615.584601 5882028.124323, 489596.056873 5882028.124323, 489596.056873 5882010.300000))
3; POLYGON((489537.204570 5882033.125806, 489543.620033 5882033.125806, 489543.620033 5882067.636557, 489537.204570 5882067.636557, 489537.204570 5882033.125806))
3; POLYGON((489537.212478 5882033.315326, 489543.649117 5882033.315326, 489543.649117 5882064.252164, 489537.212478 5882064.252164, 489537.212478 5882033.315326))
3; POLYGON((489537.201605 5882033.267090, 489543.614210 5882033.267090, 489543.614210 5882073.422067, 489537.201605 5882073.422067, 489537.201605 5882033.267090))
3; POLYGON((489614.284204 5882010.300000, 489633.656067 5882010.300000, 489633.656067 5882017.301642, 489614.284204 5882017.301642, 489614.284204 5882010.300000))
3; POLYGON((489537.204254 5882032.997180, 489543.793484 5882032.997180, 489543.793484 5882081.565231, 489537.204254 5882081.565231, 489537.204254 5882032.997180))
