3; POLYGON((489400.899042 5881953.467358, 489417.159540 5881953.467358, 489417.159540 5881966.754443, 489400.899042 5881966.754443, 489400.899042 5881953.467358))
3; POLYGON((489385.123132 5881999.394312, 489397.604749 5881999.394312, 489397.604749 5882010.231092, 489385.123132 5882010.231092, 489385.123132 5881999.394312))
3; POLYGON((489368.785394 5881945.057672, 489382.873474 5881945.057672, 489382.873474 5881958.079596, 489368.785394 5881958.079596, 489368.785394 5881945.057672))
3; POLYGON((489348.552187 5882004.642040, 489361.842177 5882004.642040, 489361.842177 5882010.294553, 489348.552187 5882010.294553, 489348.552187 5882004.642040))
3; POLYGON((489362.280339 5881963.329285, 489376.296704 5881963.329285, 489376.296704 5881977.797189, 489362.280339 5881977.797189, 489362.280339 5881963.329285))
3; POLYGON((489370.002396 5881920.618231, 489390.953589 5881920.618231, 489390.953589 5881942.834253, 489370.002396 5881942.834253, 489370.002396 5881920.618231))
3; POLYGON((489379.755334 5881910.300000, 489396.942035 5881910.300000, 489396.942035 5881920.247137, 489379.755334 5881920.247137, 489379.755334 5881910.300000))
3; POLYGON((489389.550293 5881965.768063, 489410.250317 5881965.768063, 489410.250317 5881999.483561, 489389.550293 5881999.483561, 489389.550293 5881965.768063))
3; POLYGON((489389.638531 5881979.409247, 489406.029974 5881979.409247, 489406.029974 5881999.461781, 489389.638531 5881999.461781, 489389.638531 5881979.409247))
3; POLYGON((489351.305933 5881991.311487, 489365.267880 5881991.311487, 489365.267880 5882005.415409, 489351.305933 5882005.415409, 489351.305933 5881991.311487))
3; POLYGON((489414.745532 5881910.300000, 489434.506665 5881910.300000, 489434.506665 5881923.164453, 489414.745532 5881923.164453, 489414.745532 5881910.300000))
