3; POLYGON((488597.360938 5882184.601779, 488616.790808 5882184.601779, 488616.790808 5882204.618778, 488597.360938 5882204.618778, 488597.360938 5882184.601779))
3; POLYGON((488631.736621 5882168.683475, 488637.200000 5882168.683475, 488637.200000 5882185.185567, 488631.736621 5882185.185567, 488631.736621 5882168.683475))
3; POLYGON((488598.419714 5882110.300000, 488627.763556 5882110.300000, 488627.763556 5882118.311719, 488598.419714 5882118.311719, 488598.419714 5882110.300000))
3; POLYGON((488563.549078 5882113.356793, 488586.213492 5882113.356793, 488586.213492 5882134.635724, 488563.549078 5882134.635724, 488563.549078 5882113.356793))
3; POLYGON((488634.269482 5882190.979408, 488637.184412 5882190.979408, 488637.184412 5882209.858598, 488634.269482 5882209.858598, 488634.269482 5882190.979408))
3; POLYGON((488634.338080 5882191.064960, 488637.200000 5882191.064960, 488637.200000 5882205.889249, 488634.338080 5882205.889249, 488634.338080 5882191.064960))
4; POLYGON((488576.291696 5882129.326343, 488637.200000 5882129.326343, 488637.200000 5882172.742151, 488576.291696 5882172.742151, 488576.291696 5882129.326343))
3; POLYGON((488634.256537 5882190.798437, 488637.200000 5882190.798437, 488637.200000 5882208.235516, 488634.256537 5882208.235516, 488634.256537 5882190.798437))
3; POLYGON((488634.385583 5882191.398665, 488637.200000 5882191.398665, 488637.200000 5882203.906383, 488634.385583 5882203.906383, 488634.385583 5882191.398665))
3; POLYGON((488634.577380 5882191.531073, 488637.200000 5882191.531073, 488637.200000 5882201.122968, 488634.577380 5882201.122968, 488634.577380 5882191.531073))
3; POLYGON((488634.457880 5882191.592841, 488637.200000 5882191.592841, 488637.200000 5882202.077914, 488634.457880 5882202.077914, 488634.457880 5882191.592841))
3; POLYGON((488634.075897 5882190.827876, 488637.200000 5882190.827876, 488637.200000 5882206.970027, 488634.075897 5882206.970027, 488634.075897 5882190.827876))
3; POLYGON((488634.132349 5882191.192215, 488637.200000 5882191.192215, 488637.200000 5882203.754049, 488634.132349 5882203.754049, 488634.132349 5882191.192215))
3; POLYGON((488634.190436 5882190.775890, 488637.200000 5882190.775890, 488637.200000 5882201.359449, 488634.190436 5882201.359449, 488634.190436 5882190.775890))
