3; POLYGON((489037.200000 5882210.300000, 489050.674362 5882210.300000, 489050.674362 5882222.791803, 489037.200000 5882222.791803, 489037.200000 5882210.300000))
3; POLYGON((489097.805414 5882254.875519, 489119.202087 5882254.875519, 489119.202087 5882274.466321, 489097.805414 5882274.466321, 489097.805414 5882254.875519))
3; POLYGON((489047.942570 5882291.844440, 489060.242783 5882291.844440, 489060.242783 5882306.552246, 489047.942570 5882306.552246, 489047.942570 5882291.844440))
3; POLYGON((489050.071771 5882210.300000, 489064.275565 5882210.300000, 489064.275565 5882213.538837, 489050.071771 5882213.538837, 489050.071771 5882210.300000))
3; POLYGON((489050.060011 5882210.300000, 489064.410876 5882210.300000, 489064.410876 5882214.103046, 489050.060011 5882214.103046, 489050.060011 5882210.300000))
3; POLYGON((489037.202319 5882271.002505, 489043.512057 5882271.002505, 489043.512057 5882285.995241, 489037.202319 5882285.995241, 489037.202319 5882271.002505))
3; POLYGON((489103.529663 5882305.857644, 489121.447333 5882305.857644, 489121.447333 5882310.300000, 489103.529663 5882310.300000, 489103.529663 5882305.857644))
3; POLYGON((489082.883029 5882265.458856, 489099.309308 5882265.458856, 489099.309308 5882291.899957, 489082.883029 5882291.899957, 489082.883029 5882265.458856))
3; POLYGON((489050.086658 5882210.300000, 489064.776328 5882210.300000, 489064.776328 5882214.745477, 489050.086658 5882214.745477, 489050.086658 5882210.300000))
3; POLYGON((489037.200000 5882300.633602, 489048.138367 5882300.633602, 489048.138367 5882310.300000, 489037.200000 5882310.300000, 489037.200000 5882300.633602))
3; POLYGON((489123.371240 5882290.304967, 489137.200000 5882290.304967, 489137.200000 5882310.300000, 489123.371240 5882310.300000, 489123.371240 5882290.304967))
3; POLYGON((489050.254727 5882210.300000, 489064.652649 5882210.300000, 489064.652649 5882212.938074, 489050.254727 5882212.938074, 489050.254727 5882210.300000))
3; POLYGON((489103.155908 5882305.401292, 489121.687683 5882305.401292, 489121.687683 5882310.298061, 489103.155908 5882310.298061, 489103.155908 5882305.401292))
3; POLYGON((489103.462500 5882306.298419, 489121.100299 5882306.298419, 489121.100299 5882310.294680, 489103.462500 5882310.294680, 489103.462500 5882306.298419))
3; POLYGON((489068.077411 5882271.817004, 489084.379523 5882271.817004, 489084.379523 5882290.631091, 489068.077411 5882290.631091, 489068.077411 5882271.817004))
3; POLYGON((489098.360138 5882305.746491, 489121.557477 5882305.746491, 489121.557477 5882310.300000, 489098.360138 5882310.300000, 489098.360138 5882305.746491))
