4; POLYGON((489801.543219 5880439.022900, 489837.172742 5880439.022900, 489837.172742 5880494.888947, 489801.543219 5880494.888947, 489801.543219 5880439.022900))
4; POLYGON((489737.258419 5880426.818054, 489768.810089 5880426.818054, 489768.810089 5880510.196026, 489737.258419 5880510.196026, 489737.258419 5880426.818054))
4; POLYGON((489737.200000 5880410.300000, 489755.259860 5880410.300000, 489755.259860 5880420.635663, 489737.200000 5880420.635663, 489737.200000 5880410.300000))
1; POLYGON((489773.603433 5880410.300000, 489803.482678 5880410.300000, 489803.482678 5880439.700378, 489773.603433 5880439.700378, 489773.603433 5880410.300000))
1; POLYGON((489779.022601 5880471.378546, 489796.159625 5880471.378546, 489796.159625 5880498.601655, 489779.022601 5880498.601655, 489779.022601 5880471.378546))
4; POLYGON((489737.207567 5880422.790790, 489739.230752 5880422.790790, 489739.230752 5880433.215430, 489737.207567 5880433.215430, 489737.207567 5880422.790790))
4; POLYGON((489737.200000 5880410.300000, 489755.227675 5880410.300000, 489755.227675 5880433.772229, 489737.200000 5880433.772229, 489737.200000 5880410.300000))
3; POLYGON((489779.086874 5880471.349881, 489796.167255 5880471.349881, 489796.167255 5880498.568084, 489779.086874 5880498.568084, 489779.086874 5880471.349881))
4; POLYGON((489737.248807 5880427.056970, 489768.781393 5880427.056970, 489768.781393 5880460.468637, 489737.248807 5880460.468637, 489737.248807 5880427.056970))
4; POLYGON((489737.208728 5880421.157111, 489739.309229 5880421.157111, 489739.309229 5880433.352936, 489737.208728 5880433.352936, 489737.208728 5880421.157111))
4; POLYGON((489737.205327 5880422.667462, 489739.392790 5880422.667462, 489739.392790 5880433.499988, 489737.205327 5880433.499988, 489737.205327 5880422.667462))
4; POLYGON((489737.200000 5880443.686975, 489752.284100 5880443.686975, 489752.284100 5880510.300000, 489737.200000 5880510.300000, 489737.200000 5880443.686975))
