3; POLYGON((490082.088428 5881288.560817, 490094.211285 5881288.560817, 490094.211285 5881302.146549, 490082.088428 5881302.146549, 490082.088428 5881288.560817))
3; POLYGON((490079.701077 5881257.663092, 490137.175439 5881257.663092, 490137.175439 5881301.311733, 490079.701077 5881301.311733, 490079.701077 5881257.663092))
3; POLYGON((490091.471265 5881293.527933, 490134.177966 5881293.527933, 490134.177966 5881310.292771, 490091.471265 5881310.292771, 490091.471265 5881293.527933))
3; POLYGON((490079.614966 5881257.581421, 490129.305688 5881257.581421, 490129.305688 5881291.167209, 490079.614966 5881291.167209, 490079.614966 5881257.581421))
3; POLYGON((490037.207955 5881210.300000, 490047.591370 5881210.300000, 490047.591370 5881230.304230, 490037.207955 5881230.304230, 490037.207955 5881210.300000))
3; POLYGON((490037.212951 5881264.214401, 490054.899713 5881264.214401, 490054.899713 5881307.291208, 490037.212951 5881307.291208, 490037.212951 5881264.214401))
3; POLYGON((490130.295013 5881232.973602, 490137.200000 5881232.973602, 490137.200000 5881248.723578, 490130.295013 5881248.723578, 490130.295013 5881232.973602))
3; POLYGON((490060.060356 5881249.780365, 490079.917874 5881249.780365, 490079.917874 5881263.968848, 490060.060356 5881263.968848, 490060.060356 5881249.780365))
4; POLYGON((490108.917780 5881247.367804, 490124.626440 5881247.367804, 490124.626440 5881260.256235, 490108.917780 5881260.256235, 490108.917780 5881247.367804))
3; POLYGON((490037.200900 5881210.308136, 490048.078339 5881210.308136, 490048.078339 5881231.912146, 490037.200900 5881231.912146, 490037.200900 5881210.308136))
3; POLYGON((490069.998981 5881210.344232, 490123.173676 5881210.344232, 490123.173676 5881238.330853, 490069.998981 5881238.330853, 490069.998981 5881210.344232))
3; POLYGON((490037.204371 5881210.300000, 490048.956400 5881210.300000, 490048.956400 5881229.887640, 490037.204371 5881229.887640, 490037.204371 5881210.300000))
3; POLYGON((490048.433456 5881225.088019, 490079.960696 5881225.088019, 490079.960696 5881264.067130, 490048.433456 5881264.067130, 490048.433456 5881225.088019))
3; POLYGON((490130.007178 5881232.832507, 490137.183661 5881232.832507, 490137.183661 5881247.634222, 490130.007178 5881247.634222, 490130.007178 5881232.832507))
3; POLYGON((490037.203392 5881210.300000, 490046.723958 5881210.300000, 490046.723958 5881229.161383, 490037.203392 5881229.161383, 490037.203392 5881210.300000))
