2; POLYGON((491337.411364 5879933.147473, 491434.875049 5879933.147473, 491434.875049 5880010.289891, 491337.411364 5880010.289891, 491337.411364 5879933.147473))
4; POLYGON((491337.200000 5879933.453284, 491435.121375 5879933.453284, 491435.121375 5880010.227676, 491337.200000 5880010.227676, 491337.200000 5879933.453284))
1; POLYGON((491344.372263 5879910.300000, 491370.571243 5879910.300000, 491370.571243 5879919.487524, 491344.372263 5879919.487524, 491344.372263 5879910.300000))
1; POLYGON((491337.769999 5879933.210315, 491434.795502 5879933.210315, 491434.795502 5880010.278083, 491337.769999 5880010.278083, 491337.769999 5879933.210315))
1; POLYGON((491347.378706 5879910.300000, 491370.417010 5879910.300000, 491370.417010 5879919.418549, 491347.378706 5879919.418549, 491347.378706 5879910.300000))
1; POLYGON((491337.730589 5879910.300000, 491371.158200 5879910.300000, 491371.158200 5879919.485822, 491337.730589 5879919.485822, 491337.730589 5879910.300000))
1; POLYGON((491344.811644 5879910.300000, 491377.439285 5879910.300000, 491377.439285 5879919.518567, 491344.811644 5879919.518567, 491344.811644 5879910.300000))
4; POLYGON((491337.217235 5879910.351111, 491343.680846 5879910.351111, 491343.680846 5879939.124420, 491337.217235 5879939.124420, 491337.217235 5879910.351111))
1; POLYGON((491337.202942 5879919.613873, 491343.667997 5879919.613873, 491343.667997 5879939.395032, 491337.202942 5879939.395032, 491337.202942 5879919.613873))
1; POLYGON((491343.995466 5879910.300000, 491380.164789 5879910.300000, 491380.164789 5879919.546417, 491343.995466 5879919.546417, 491343.995466 5879910.300000))
1; POLYGON((491337.205705 5879915.140179, 491343.679346 5879915.140179, 491343.679346 5879939.977966, 491337.205705 5879939.977966, 491337.205705 5879915.140179))
