3; POLYGON((488262.830359 5882150.762213, 488294.062689 5882150.762213, 488294.062689 5882184.331778, 488262.830359 5882184.331778, 488262.830359 5882150.762213))
3; POLYGON((488288.947498 5882182.028668, 488309.171124 5882182.028668, 488309.171124 5882201.236643, 488288.947498 5882201.236643, 488288.947498 5882182.028668))
3; POLYGON((488242.450370 5882151.063251, 488252.534915 5882151.063251, 488252.534915 5882160.239670, 488242.450370 5882160.239670, 488242.450370 5882151.063251))
3; POLYGON((488307.654724 5882179.188083, 488331.949078 5882179.188083, 488331.949078 5882209.994607, 488307.654724 5882209.994607, 488307.654724 5882179.188083))
4; POLYGON((488305.729541 5882159.458755, 488324.255762 5882159.458755, 488324.255762 5882177.535544, 488305.729541 5882177.535544, 488305.729541 5882159.458755))
4; POLYGON((488270.564294 5882131.201532, 488296.525635 5882131.201532, 488296.525635 5882152.059174, 488270.564294 5882152.059174, 488270.564294 5882131.201532))
4; POLYGON((488247.184631 5882133.247565, 488269.551993 5882133.247565, 488269.551993 5882155.129883, 488247.184631 5882155.129883, 488247.184631 5882133.247565))
3; POLYGON((488237.206258 5882153.686414, 488253.930266 5882153.686414, 488253.930266 5882177.127310, 488237.206258 5882177.127310, 488237.206258 5882153.686414))
4; POLYGON((488287.288348 5882147.424475, 488306.710626 5882147.424475, 488306.710626 5882165.907520, 488287.288348 5882165.907520, 488287.288348 5882147.424475))
2; POLYGON((488277.414597 5882186.770534, 488286.136389 5882186.770534, 488286.136389 5882196.246266, 488277.414597 5882196.246266, 488277.414597 5882186.770534))
3; POLYGON((488262.145076 5882110.300000, 488283.014932 5882110.300000, 488283.014932 5882121.030377, 488262.145076 5882121.030377, 488262.145076 5882110.300000))
4; POLYGON((488237.214643 5882153.258997, 488253.879585 5882153.258997, 488253.879585 5882177.121173, 488237.214643 5882177.121173, 488237.214643 5882153.258997))
4; POLYGON((488250.488289 5882133.250378, 488269.545541 5882133.250378, 488269.545541 5882150.640894, 488250.488289 5882150.640894, 488250.488289 5882133.250378))
4; POLYGON((488237.228893 5882142.463794, 488253.736057 5882142.463794, 488253.736057 5882177.178488, 488237.228893 5882177.178488, 488237.228893 5882142.463794))
