3; POLYGON((489796.448322 5880767.773969, 489805.269141 5880767.773969, 489805.269141 5880776.636600, 489796.448322 5880776.636600, 489796.448322 5880767.773969))
3; POLYGON((489739.754428 5880763.207233, 489746.158020 5880763.207233, 489746.158020 5880771.430408, 489739.754428 5880771.430408, 489739.754428 5880763.207233))
3; POLYGON((489751.421208 5880765.580228, 489757.511360 5880765.580228, 489757.511360 5880772.505206, 489751.421208 5880772.505206, 489751.421208 5880765.580228))
3; POLYGON((489809.062140 5880749.242255, 489819.615485 5880749.242255, 489819.615485 5880760.638535, 489809.062140 5880760.638535, 489809.062140 5880749.242255))
3; POLYGON((489770.356808 5880775.127658, 489787.158575 5880775.127658, 489787.158575 5880786.535313, 489770.356808 5880786.535313, 489770.356808 5880775.127658))
3; POLYGON((489778.954065 5880756.657837, 489788.675525 5880756.657837, 489788.675525 5880770.241794, 489778.954065 5880770.241794, 489778.954065 5880756.657837))
4; POLYGON((489737.211856 5880798.263987, 489744.173829 5880798.263987, 489744.173829 5880804.013507, 489737.211856 5880804.013507, 489737.211856 5880798.263987))
3; POLYGON((489779.080182 5880756.745526, 489788.081360 5880756.745526, 489788.081360 5880766.903708, 489779.080182 5880766.903708, 489779.080182 5880756.745526))
4; POLYGON((489820.496478 5880758.958197, 489831.588220 5880758.958197, 489831.588220 5880774.019943, 489820.496478 5880774.019943, 489820.496478 5880758.958197))
4; POLYGON((489738.779488 5880710.300000, 489746.674202 5880710.300000, 489746.674202 5880713.327289, 489738.779488 5880713.327289, 489738.779488 5880710.300000))
4; POLYGON((489834.593982 5880764.047266, 489837.200000 5880764.047266, 489837.200000 5880770.982629, 489834.593982 5880770.982629, 489834.593982 5880764.047266))
4; POLYGON((489738.633763 5880710.300000, 489746.108109 5880710.300000, 489746.108109 5880713.229919, 489738.633763 5880713.229919, 489738.633763 5880710.300000))
