3; POLYGON((488883.079257 5881886.541083, 488899.499164 5881886.541083, 488899.499164 5881900.445188, 488883.079257 5881900.445188, 488883.079257 5881886.541083))
3; POLYGON((488889.268030 5881810.300000, 488928.046283 5881810.300000, 488928.046283 5881847.546063, 488889.268030 5881847.546063, 488889.268030 5881810.300000))
3; POLYGON((488861.316086 5881810.300000, 488883.970944 5881810.300000, 488883.970944 5881822.311603, 488861.316086 5881822.311603, 488861.316086 5881810.300000))
3; POLYGON((488837.994007 5881906.811473, 488854.047182 5881906.811473, 488854.047182 5881910.296318, 488837.994007 5881910.296318, 488837.994007 5881906.811473))
3; POLYGON((488837.207600 5881817.266492, 488842.328361 5881817.266492, 488842.328361 5881832.654260, 488837.207600 5881832.654260, 488837.207600 5881817.266492))
3; POLYGON((488860.041171 5881877.607184, 488876.210159 5881877.607184, 488876.210159 5881893.060097, 488860.041171 5881893.060097, 488860.041171 5881877.607184))
3; POLYGON((488877.149969 5881844.722522, 488897.378998 5881844.722522, 488897.378998 5881868.727499, 488877.149969 5881868.727499, 488877.149969 5881844.722522))
3; POLYGON((488839.838015 5881835.277185, 488860.393835 5881835.277185, 488860.393835 5881859.698343, 488839.838015 5881859.698343, 488839.838015 5881835.277185))
3; POLYGON((488919.171045 5881894.749220, 488937.059589 5881894.749220, 488937.059589 5881910.300000, 488919.171045 5881910.300000, 488919.171045 5881894.749220))
3; POLYGON((488839.902510 5881823.966669, 488864.800131 5881823.966669, 488864.800131 5881859.734247, 488839.902510 5881859.734247, 488839.902510 5881823.966669))
3; POLYGON((488838.416239 5881906.701108, 488855.467560 5881906.701108, 488855.467560 5881910.300000, 488838.416239 5881910.300000, 488838.416239 5881906.701108))
3; POLYGON((488837.963909 5881906.923680, 488852.910477 5881906.923680, 488852.910477 5881910.297795, 488837.963909 5881910.297795, 488837.963909 5881906.923680))
3; POLYGON((488837.200000 5881856.893323, 488849.031122 5881856.893323, 488849.031122 5881878.962955, 488837.200000 5881878.962955, 488837.200000 5881856.893323))
3; POLYGON((488869.015558 5881864.352798, 488885.305679 5881864.352798, 488885.305679 5881879.302240, 488869.015558 5881879.302240, 488869.015558 5881864.352798))
3; POLYGON((488837.307242 5881906.704229, 488853.191130 5881906.704229, 488853.191130 5881910.300000, 488837.307242 5881910.300000, 488837.307242 5881906.704229))
3; POLYGON((488839.021041 5881906.849854, 488860.132874 5881906.849854, 488860.132874 5881910.297300, 488839.021041 5881910.297300, 488839.021041 5881906.849854))
