3; POLYGON((490438.673159 5881848.485504, 490518.426056 5881848.485504, 490518.426056 5881910.232933, 490438.673159 5881910.232933, 490438.673159 5881848.485504))
3; POLYGON((490510.134863 5881810.305121, 490531.483002 5881810.305121, 490531.483002 5881821.474933, 490510.134863 5881821.474933, 490510.134863 5881810.305121))
3; POLYGON((490481.165170 5881814.594519, 490523.265619 5881814.594519, 490523.265619 5881878.332184, 490481.165170 5881878.332184, 490481.165170 5881814.594519))
3; POLYGON((490437.218406 5881810.912616, 490450.130148 5881810.912616, 490450.130148 5881839.918311, 490437.218406 5881839.918311, 490437.218406 5881810.912616))
3; POLYGON((490437.202686 5881882.969925, 490446.335651 5881882.969925, 490446.335651 5881899.463423, 490437.202686 5881899.463423, 490437.202686 5881882.969925))
3; POLYGON((490481.149579 5881815.017627, 490537.200000 5881815.017627, 490537.200000 5881909.747399, 490481.149579 5881909.747399, 490481.149579 5881815.017627))
3; POLYGON((490437.213603 5881882.163397, 490446.411424 5881882.163397, 490446.411424 5881910.296984, 490437.213603 5881910.296984, 490437.213603 5881882.163397))
3; POLYGON((490518.551337 5881875.727216, 490537.200000 5881875.727216, 490537.200000 5881908.912416, 490518.551337 5881908.912416, 490518.551337 5881875.727216))
3; POLYGON((490457.710196 5881810.300000, 490489.549933 5881810.300000, 490489.549933 5881820.664642, 490457.710196 5881820.664642, 490457.710196 5881810.300000))
3; POLYGON((490510.216351 5881810.300000, 490536.950800 5881810.300000, 490536.950800 5881821.544598, 490510.216351 5881821.544598, 490510.216351 5881810.300000))
3; POLYGON((490439.278286 5881848.507642, 490478.213254 5881848.507642, 490478.213254 5881876.998352, 490439.278286 5881876.998352, 490439.278286 5881848.507642))
3; POLYGON((490457.957716 5881810.300000, 490486.668936 5881810.300000, 490486.668936 5881820.669653, 490457.957716 5881820.669653, 490457.957716 5881810.300000))
