4; POLYGON((488237.267466 5880549.788477, 488321.183197 5880549.788477, 488321.183197 5880577.050540, 488237.267466 5880577.050540, 488237.267466 5880549.788477))
4; POLYGON((488258.381908 5880524.372449, 488285.114786 5880524.372449, 488285.114786 5880542.916406, 488258.381908 5880542.916406, 488258.381908 5880524.372449))
1; POLYGON((488305.202008 5880585.802257, 488337.082800 5880585.802257, 488337.082800 5880597.651376, 488305.202008 5880597.651376, 488305.202008 5880585.802257))
4; POLYGON((488237.213252 5880511.141614, 488245.147118 5880511.141614, 488245.147118 5880539.105725, 488237.213252 5880539.105725, 488237.213252 5880511.141614))
3; POLYGON((488326.258539 5880510.300000, 488337.200000 5880510.300000, 488337.200000 5880526.378668, 488326.258539 5880526.378668, 488326.258539 5880510.300000))
4; POLYGON((488237.208544 5880570.909320, 488240.246228 5880570.909320, 488240.246228 5880579.045175, 488237.208544 5880579.045175, 488237.208544 5880570.909320))
3; POLYGON((488250.248857 5880510.300000, 488267.200867 5880510.300000, 488267.200867 5880516.558374, 488250.248857 5880516.558374, 488250.248857 5880510.300000))
3; POLYGON((488286.540768 5880510.300000, 488337.200000 5880510.300000, 488337.200000 5880563.152026, 488286.540768 5880563.152026, 488286.540768 5880510.300000))
4; POLYGON((488237.200000 5880514.800623, 488245.015384 5880514.800623, 488245.015384 5880538.712225, 488237.200000 5880538.712225, 488237.200000 5880514.800623))
3; POLYGON((488250.698735 5880510.300000, 488265.694128 5880510.300000, 488265.694128 5880516.718463, 488250.698735 5880516.718463, 488250.698735 5880510.300000))
3; POLYGON((488285.858252 5880510.300000, 488331.798767 5880510.300000, 488331.798767 5880543.167255, 488285.858252 5880543.167255, 488285.858252 5880510.300000))
3; POLYGON((488250.321336 5880510.300000, 488269.311481 5880510.300000, 488269.311481 5880516.424860, 488250.321336 5880516.424860, 488250.321336 5880510.300000))
3; POLYGON((488326.258990 5880510.300000, 488337.200000 5880510.300000, 488337.200000 5880518.253802, 488326.258990 5880518.253802, 488326.258990 5880510.300000))
