3; POLYGON((491830.509705 5882444.054962, 491837.200000 5882444.054962, 491837.200000 5882460.473438, 491830.509705 5882460.473438, 491830.509705 5882444.054962))
3; POLYGON((491737.204270 5882497.490295, 491745.477436 5882497.490295, 491745.477436 5882510.281873, 491737.204270 5882510.281873, 491737.204270 5882497.490295))
3; POLYGON((491758.193103 5882449.346326, 491770.520322 5882449.346326, 491770.520322 5882481.405185, 491758.193103 5882481.405185, 491758.193103 5882449.346326))
3; POLYGON((491826.798627 5882497.873400, 491837.200000 5882497.873400, 491837.200000 5882510.285638, 491826.798627 5882510.285638, 491826.798627 5882497.873400))
3; POLYGON((491737.207699 5882448.631201, 491746.453553 5882448.631201, 491746.453553 5882464.082803, 491737.207699 5882464.082803, 491737.207699 5882448.631201))
3; POLYGON((491802.647601 5882494.283220, 491820.540363 5882494.283220, 491820.540363 5882510.295887, 491802.647601 5882510.295887, 491802.647601 5882494.283220))
3; POLYGON((491803.182965 5882444.931934, 491817.490393 5882444.931934, 491817.490393 5882456.983801, 491803.182965 5882456.983801, 491803.182965 5882444.931934))
3; POLYGON((491765.464072 5882506.351572, 491778.148837 5882506.351572, 491778.148837 5882510.300000, 491765.464072 5882510.300000, 491765.464072 5882506.351572))
3; POLYGON((491777.429282 5882452.688763, 491795.572223 5882452.688763, 491795.572223 5882476.047336, 491777.429282 5882476.047336, 491777.429282 5882452.688763))
3; POLYGON((491758.280582 5882449.304364, 491770.268536 5882449.304364, 491770.268536 5882472.754990, 491758.280582 5882472.754990, 491758.280582 5882449.304364))
