4; POLYGON((490148.802740 5879910.300000, 490187.687759 5879910.300000, 490187.687759 5879927.044299, 490148.802740 5879927.044299, 490148.802740 5879910.300000))
4; POLYGON((490151.610060 5879968.625250, 490190.875873 5879968.625250, 490190.875873 5879991.346338, 490151.610060 5879991.346338, 490151.610060 5879968.625250))
4; POLYGON((490159.861644 5879997.394505, 490205.843677 5879997.394505, 490205.843677 5880010.299358, 490159.861644 5880010.299358, 490159.861644 5879997.394505))
4; POLYGON((490137.210413 5879915.126837, 490141.508011 5879915.126837, 490141.508011 5879933.425317, 490137.210413 5879933.425317, 490137.210413 5879915.126837))
4; POLYGON((490195.426080 5879910.300000, 490234.617871 5879910.300000, 490234.617871 5879914.309113, 490195.426080 5879914.309113, 490195.426080 5879910.300000))
4; POLYGON((490202.536951 5879960.190021, 490209.038434 5879960.190021, 490209.038434 5879965.036914, 490202.536951 5879965.036914, 490202.536951 5879960.190021))
1; POLYGON((490233.021265 5879960.837924, 490237.188098 5879960.837924, 490237.188098 5879989.951320, 490233.021265 5879989.951320, 490233.021265 5879960.837924))
4; POLYGON((490137.208169 5880006.348339, 490142.333585 5880006.348339, 490142.333585 5880010.295077, 490137.208169 5880010.295077, 490137.208169 5880006.348339))
1; POLYGON((490233.139117 5879960.850940, 490237.200000 5879960.850940, 490237.200000 5879987.931630, 490233.139117 5879987.931630, 490233.139117 5879960.850940))
4; POLYGON((490149.303163 5879910.300000, 490234.412286 5879910.300000, 490234.412286 5879926.775824, 490149.303163 5879926.775824, 490149.303163 5879910.300000))
4; POLYGON((490137.208082 5879916.654224, 490141.219146 5879916.654224, 490141.219146 5879933.271997, 490137.208082 5879933.271997, 490137.208082 5879916.654224))
1; POLYGON((490229.182202 5880000.665527, 490237.200000 5880000.665527, 490237.200000 5880010.033764, 490229.182202 5880010.033764, 490229.182202 5880000.665527))
4; POLYGON((490137.206865 5879915.121820, 490140.971767 5879915.121820, 490140.971767 5879933.152032, 490137.206865 5879933.152032, 490137.206865 5879915.121820))
4; POLYGON((490137.200000 5879914.821234, 490142.256421 5879914.821234, 490142.256421 5879933.626117, 490137.200000 5879933.626117, 490137.200000 5879914.821234))
