3; POLYGON((488637.392869 5880998.733387, 488690.882202 5880998.733387, 488690.882202 5881010.289946, 488637.392869 5881010.289946, 488637.392869 5880998.733387))
3; POLYGON((488692.401935 5880926.626233, 488737.158032 5880926.626233, 488737.158032 5880953.735876, 488692.401935 5880953.735876, 488692.401935 5880926.626233))
3; POLYGON((488721.989185 5880981.689493, 488737.200000 5880981.689493, 488737.200000 5881001.217510, 488721.989185 5881001.217510, 488721.989185 5880981.689493))
3; POLYGON((488637.333169 5880910.300000, 488731.469012 5880910.300000, 488731.469012 5880924.152124, 488637.333169 5880924.152124, 488637.333169 5880910.300000))
3; POLYGON((488637.920358 5880926.556543, 488737.200000 5880926.556543, 488737.200000 5880965.441953, 488637.920358 5880965.441953, 488637.920358 5880926.556543))
3; POLYGON((488637.294855 5880910.300000, 488719.171320 5880910.300000, 488719.171320 5880924.514209, 488637.294855 5880924.514209, 488637.294855 5880910.300000))
3; POLYGON((488637.235113 5880910.312756, 488712.442340 5880910.312756, 488712.442340 5880925.091284, 488637.235113 5880925.091284, 488637.235113 5880910.312756))
3; POLYGON((488721.959888 5880978.922198, 488737.200000 5880978.922198, 488737.200000 5881001.226496, 488721.959888 5881001.226496, 488721.959888 5880978.922198))
3; POLYGON((488638.414695 5880930.126941, 488737.081641 5880930.126941, 488737.081641 5880967.094373, 488638.414695 5880967.094373, 488638.414695 5880930.126941))
3; POLYGON((488658.958450 5880910.300305, 488725.141321 5880910.300305, 488725.141321 5880917.324805, 488658.958450 5880917.324805, 488658.958450 5880910.300305))
3; POLYGON((488658.413977 5880910.300000, 488728.469769 5880910.300000, 488728.469769 5880916.902032, 488658.413977 5880916.902032, 488658.413977 5880910.300000))
3; POLYGON((488637.258001 5880910.300000, 488702.024493 5880910.300000, 488702.024493 5880922.961401, 488637.258001 5880922.961401, 488637.258001 5880910.300000))
3; POLYGON((488645.443000 5880926.202002, 488737.200000 5880926.202002, 488737.200000 5880962.960587, 488645.443000 5880962.960587, 488645.443000 5880926.202002))
3; POLYGON((488637.200000 5880910.300000, 488704.120032 5880910.300000, 488704.120032 5880925.399207, 488637.200000 5880925.399207, 488637.200000 5880910.300000))
3; POLYGON((488659.580656 5880910.300000, 488702.763110 5880910.300000, 488702.763110 5880917.026971, 488659.580656 5880917.026971, 488659.580656 5880910.300000))
3; POLYGON((488659.654869 5880910.300000, 488711.309845 5880910.300000, 488711.309845 5880917.085016, 488659.654869 5880917.085016, 488659.654869 5880910.300000))
3; POLYGON((488637.981226 5880928.294183, 488737.200000 5880928.294183, 488737.200000 5880986.724231, 488637.981226 5880986.724231, 488637.981226 5880928.294183))
