3; POLYGON((490923.665259 5882165.829031, 490937.200000 5882165.829031, 490937.200000 5882184.752884, 490923.665259 5882184.752884, 490923.665259 5882165.829031))
3; POLYGON((490850.734090 5882118.967474, 490866.512329 5882118.967474, 490866.512329 5882136.427631, 490850.734090 5882136.427631, 490850.734090 5882118.967474))
3; POLYGON((490902.654681 5882110.300000, 490920.012842 5882110.300000, 490920.012842 5882116.049982, 490902.654681 5882116.049982, 490902.654681 5882110.300000))
3; POLYGON((490861.734148 5882148.318005, 490878.126865 5882148.318005, 490878.126865 5882164.774417, 490861.734148 5882164.774417, 490861.734148 5882148.318005))
3; POLYGON((490888.269949 5882128.734576, 490908.164429 5882128.734576, 490908.164429 5882147.371686, 490888.269949 5882147.371686, 490888.269949 5882128.734576))
3; POLYGON((490871.897757 5882199.319741, 490903.557440 5882199.319741, 490903.557440 5882210.293498, 490871.897757 5882210.293498, 490871.897757 5882199.319741))
3; POLYGON((490907.100623 5882178.735013, 490922.754089 5882178.735013, 490922.754089 5882194.575507, 490907.100623 5882194.575507, 490907.100623 5882178.735013))
3; POLYGON((490902.309772 5882110.300000, 490918.431305 5882110.300000, 490918.431305 5882115.881458, 490902.309772 5882115.881458, 490902.309772 5882110.300000))
3; POLYGON((490871.734787 5882197.647575, 490904.070911 5882197.647575, 490904.070911 5882210.300000, 490871.734787 5882210.300000, 490871.734787 5882197.647575))
3; POLYGON((490840.405368 5882112.015497, 490849.595854 5882112.015497, 490849.595854 5882121.147455, 490840.405368 5882121.147455, 490840.405368 5882112.015497))
