3; POLYGON((489316.658008 5880597.740515, 489334.701141 5880597.740515, 489334.701141 5880610.300000, 489316.658008 5880610.300000, 489316.658008 5880597.740515))
4; POLYGON((489237.200000 5880520.294263, 489306.834375 5880520.294263, 489306.834375 5880610.169901, 489237.200000 5880610.169901, 489237.200000 5880520.294263))
3; POLYGON((489293.113007 5880510.300000, 489321.247754 5880510.300000, 489321.247754 5880528.948224, 489293.113007 5880528.948224, 489293.113007 5880510.300000))
3; POLYGON((489313.536975 5880529.864697, 489337.200000 5880529.864697, 489337.200000 5880580.928354, 489313.536975 5880580.928354, 489313.536975 5880529.864697))
4; POLYGON((489325.121997 5880529.461322, 489334.033221 5880529.461322, 489334.033221 5880543.195270, 489325.121997 5880543.195270, 489325.121997 5880529.461322))
3; POLYGON((489293.049451 5880510.300000, 489308.112427 5880510.300000, 489308.112427 5880529.025928, 489293.049451 5880529.025928, 489293.049451 5880510.300000))
4; POLYGON((489237.200000 5880585.057428, 489256.908951 5880585.057428, 489256.908951 5880610.226105, 489237.200000 5880610.226105, 489237.200000 5880585.057428))
3; POLYGON((489313.634705 5880541.482281, 489337.092145 5880541.482281, 489337.092145 5880581.087079, 489313.634705 5880581.087079, 489313.634705 5880541.482281))
3; POLYGON((489310.536731 5880513.067023, 489320.934497 5880513.067023, 489320.934497 5880525.968182, 489310.536731 5880525.968182, 489310.536731 5880513.067023))
4; POLYGON((489319.576428 5880512.594043, 489329.863141 5880512.594043, 489329.863141 5880531.808044, 489319.576428 5880531.808044, 489319.576428 5880512.594043))
4; POLYGON((489314.795709 5880510.300000, 489326.409106 5880510.300000, 489326.409106 5880514.800739, 489314.795709 5880514.800739, 489314.795709 5880510.300000))
4; POLYGON((489319.908997 5880519.088391, 489329.769177 5880519.088391, 489329.769177 5880531.751392, 489319.908997 5880531.751392, 489319.908997 5880519.088391))
