4; POLYGON((490087.754248 5881753.117102, 490124.076935 5881753.117102, 490124.076935 5881788.895575, 490087.754248 5881788.895575, 490087.754248 5881753.117102))
4; POLYGON((490055.222266 5881740.936615, 490078.221335 5881740.936615, 490078.221335 5881764.601694, 490055.222266 5881764.601694, 490055.222266 5881740.936615))
4; POLYGON((490111.848505 5881710.469623, 490137.200000 5881710.469623, 490137.200000 5881742.914252, 490111.848505 5881742.914252, 490111.848505 5881710.469623))
3; POLYGON((490069.061130 5881781.001312, 490100.924731 5881781.001312, 490100.924731 5881810.300000, 490069.061130 5881810.300000, 490069.061130 5881781.001312))
4; POLYGON((490117.868048 5881789.971301, 490137.200000 5881789.971301, 490137.200000 5881810.300000, 490117.868048 5881810.300000, 490117.868048 5881789.971301))
4; POLYGON((490081.197479 5881734.217786, 490110.617993 5881734.217786, 490110.617993 5881761.125662, 490081.197479 5881761.125662, 490081.197479 5881734.217786))
3; POLYGON((490129.772266 5881747.053015, 490137.200000 5881747.053015, 490137.200000 5881767.007053, 490129.772266 5881767.007053, 490129.772266 5881747.053015))
4; POLYGON((490112.040424 5881789.824330, 490137.200000 5881789.824330, 490137.200000 5881810.300000, 490112.040424 5881810.300000, 490112.040424 5881789.824330))
4; POLYGON((490081.181894 5881728.411310, 490110.618768 5881728.411310, 490110.618768 5881761.074643, 490081.181894 5881761.074643, 490081.181894 5881728.411310))
4; POLYGON((490081.265408 5881740.185999, 490104.534485 5881740.185999, 490104.534485 5881761.188351, 490081.265408 5881761.188351, 490081.265408 5881740.185999))
1; POLYGON((490076.856119 5881769.234756, 490087.624399 5881769.234756, 490087.624399 5881779.091696, 490076.856119 5881779.091696, 490076.856119 5881769.234756))
4; POLYGON((490125.910541 5881727.837384, 490137.200000 5881727.837384, 490137.200000 5881748.588000, 490125.910541 5881748.588000, 490125.910541 5881727.837384))
4; POLYGON((490081.068604 5881731.376562, 490109.391742 5881731.376562, 490109.391742 5881761.134607, 490081.068604 5881761.134607, 490081.068604 5881731.376562))
4; POLYGON((490111.820496 5881710.431970, 490137.200000 5881710.431970, 490137.200000 5881753.484735, 490111.820496 5881753.484735, 490111.820496 5881710.431970))
3; POLYGON((490129.753229 5881747.144983, 490137.200000 5881747.144983, 490137.200000 5881765.063998, 490129.753229 5881765.063998, 490129.753229 5881747.144983))
4; POLYGON((490049.765850 5881710.300000, 490081.201190 5881710.300000, 490081.201190 5881725.270856, 490049.765850 5881725.270856, 490049.765850 5881710.300000))
3; POLYGON((490129.963049 5881781.247278, 490137.200000 5881781.247278, 490137.200000 5881802.245723, 490129.963049 5881802.245723, 490129.963049 5881781.247278))
3; POLYGON((490130.793103 5881781.375296, 490137.200000 5881781.375296, 490137.200000 5881802.389336, 490130.793103 5881802.389336, 490130.793103 5881781.375296))
4; POLYGON((490049.803848 5881710.300000, 490086.830316 5881710.300000, 490086.830316 5881725.094531, 490049.803848 5881725.094531, 490049.803848 5881710.300000))
3; POLYGON((490129.556000 5881777.288553, 490137.198865 5881777.288553, 490137.198865 5881802.831276, 490129.556000 5881802.831276, 490129.556000 5881777.288553))
1; POLYGON((490049.683995 5881710.300000, 490082.532751 5881710.300000, 490082.532751 5881725.488416, 490049.683995 5881725.488416, 490049.683995 5881710.300000))
3; POLYGON((490129.610138 5881774.605438, 490137.189905 5881774.605438, 490137.189905 5881802.926459, 490129.610138 5881802.926459, 490129.610138 5881774.605438))
3; POLYGON((490129.638824 5881746.940106, 490137.192303 5881746.940106, 490137.192303 5881771.775464, 490129.638824 5881771.775464, 490129.638824 5881746.940106))
4; POLYGON((490108.993781 5881789.705013, 490137.200000 5881789.705013, 490137.200000 5881810.264778, 490108.993781 5881810.264778, 490108.993781 5881789.705013))
3; POLYGON((490129.197821 5881780.674670, 490137.200000 5881780.674670, 490137.200000 5881802.109601, 490129.197821 5881802.109601, 490129.197821 5881780.674670))
4; POLYGON((490126.049713 5881730.175989, 490137.197949 5881730.175989, 490137.197949 5881748.265723, 490126.049713 5881748.265723, 490126.049713 5881730.175989))
3; POLYGON((490129.675012 5881746.335956, 490137.189172 5881746.335956, 490137.189172 5881769.557596, 490129.675012 5881769.557596, 490129.675012 5881746.335956))
4; POLYGON((490093.477460 5881782.989954, 490109.986017 5881782.989954, 490109.986017 5881805.968459, 490093.477460 5881805.968459, 490093.477460 5881782.989954))
