4; POLYGON((490447.613008 5880387.370380, 490467.725134 5880387.370380, 490467.725134 5880410.300000, 490447.613008 5880410.300000, 490447.613008 5880387.370380))
2; POLYGON((490444.415910 5880310.381104, 490454.323595 5880310.381104, 490454.323595 5880323.992303, 490444.415910 5880323.992303, 490444.415910 5880310.381104))
2; POLYGON((490437.200000 5880313.698102, 490444.151489 5880313.698102, 490444.151489 5880327.753809, 490437.200000 5880327.753809, 490437.200000 5880313.698102))
4; POLYGON((490478.544940 5880310.300000, 490521.795398 5880310.300000, 490521.795398 5880318.993915, 490478.544940 5880318.993915, 490478.544940 5880310.300000))
4; POLYGON((490437.243148 5880310.300000, 490522.357867 5880310.300000, 490522.357867 5880339.609637, 490437.243148 5880339.609637, 490437.243148 5880310.300000))
2; POLYGON((490462.299084 5880311.711646, 490469.945569 5880311.711646, 490469.945569 5880318.691730, 490462.299084 5880318.691730, 490462.299084 5880311.711646))
4; POLYGON((490477.912823 5880310.300000, 490525.406512 5880310.300000, 490525.406512 5880318.842700, 490477.912823 5880318.842700, 490477.912823 5880310.300000))
2; POLYGON((490462.005734 5880311.212994, 490470.058310 5880311.212994, 490470.058310 5880318.747400, 490462.005734 5880318.747400, 490462.005734 5880311.212994))
1; POLYGON((490534.049005 5880373.087390, 490537.191052 5880373.087390, 490537.191052 5880409.921472, 490534.049005 5880409.921472, 490534.049005 5880373.087390))
1; POLYGON((490533.870465 5880374.116962, 490537.200000 5880374.116962, 490537.200000 5880391.769853, 490533.870465 5880391.769853, 490533.870465 5880374.116962))
1; POLYGON((490534.365326 5880374.211447, 490537.200000 5880374.211447, 490537.200000 5880391.772009, 490534.365326 5880391.772009, 490534.365326 5880374.211447))
2; POLYGON((490460.520560 5880310.557935, 490469.729245 5880310.557935, 490469.729245 5880318.654175, 490460.520560 5880318.654175, 490460.520560 5880310.557935))
