3; POLYGON((488803.945813 5880476.331387, 488825.956256 5880476.331387, 488825.956256 5880501.934962, 488803.945813 5880501.934962, 488803.945813 5880476.331387))
3; POLYGON((488802.381171 5880498.081673, 488837.200000 5880498.081673, 488837.200000 5880510.300000, 488802.381171 5880510.300000, 488802.381171 5880498.081673))
3; POLYGON((488742.491402 5880410.396899, 488771.710767 5880410.396899, 488771.710767 5880503.257080, 488742.491402 5880503.257080, 488742.491402 5880410.396899))
3; POLYGON((488741.917189 5880410.323315, 488784.495038 5880410.323315, 488784.495038 5880500.751057, 488741.917189 5880500.751057, 488741.917189 5880410.323315))
3; POLYGON((488737.200000 5880431.309448, 488748.932558 5880431.309448, 488748.932558 5880506.744571, 488737.200000 5880506.744571, 488737.200000 5880431.309448))
3; POLYGON((488737.200000 5880421.930829, 488748.837928 5880421.930829, 488748.837928 5880506.604530, 488737.200000 5880506.604530, 488737.200000 5880421.930829))
4; POLYGON((488745.389803 5880504.284118, 488753.059158 5880504.284118, 488753.059158 5880510.300000, 488745.389803 5880510.300000, 488745.389803 5880504.284118))
3; POLYGON((488805.478333 5880410.334424, 488822.726697 5880410.334424, 488822.726697 5880441.179272, 488805.478333 5880441.179272, 488805.478333 5880410.334424))
3; POLYGON((488759.354544 5880410.309680, 488779.334808 5880410.309680, 488779.334808 5880449.983960, 488759.354544 5880449.983960, 488759.354544 5880410.309680))
3; POLYGON((488827.770862 5880410.384302, 488837.192615 5880410.384302, 488837.192615 5880434.269678, 488827.770862 5880434.269678, 488827.770862 5880410.384302))
3; POLYGON((488737.228107 5880438.341846, 488748.688424 5880438.341846, 488748.688424 5880506.955172, 488737.228107 5880506.955172, 488737.228107 5880438.341846))
3; POLYGON((488737.217302 5880445.677924, 488749.065828 5880445.677924, 488749.065828 5880507.014473, 488737.217302 5880507.014473, 488737.217302 5880445.677924))
3; POLYGON((488767.284518 5880506.417094, 488796.396521 5880506.417094, 488796.396521 5880510.297981, 488767.284518 5880510.297981, 488767.284518 5880506.417094))
