3; POLYGON((488258.927203 5880083.512741, 488320.176514 5880083.512741, 488320.176514 5880101.275074, 488258.927203 5880101.275074, 488258.927203 5880083.512741))
3; POLYGON((488324.200940 5880055.092090, 488337.200000 5880055.092090, 488337.200000 5880069.428287, 488324.200940 5880069.428287, 488324.200940 5880055.092090))
3; POLYGON((488298.320776 5880106.452626, 488337.174310 5880106.452626, 488337.174310 5880110.300000, 488298.320776 5880110.300000, 488298.320776 5880106.452626))
3; POLYGON((488300.333997 5880047.272302, 488314.988049 5880047.272302, 488314.988049 5880079.630740, 488300.333997 5880079.630740, 488300.333997 5880047.272302))
3; POLYGON((488237.200000 5880043.213336, 488264.155548 5880043.213336, 488264.155548 5880105.883517, 488237.200000 5880105.883517, 488237.200000 5880043.213336))
3; POLYGON((488298.076141 5880106.840281, 488337.181281 5880106.840281, 488337.181281 5880110.300000, 488298.076141 5880110.300000, 488298.076141 5880106.840281))
3; POLYGON((488327.046069 5880080.958551, 488337.200000 5880080.958551, 488337.200000 5880095.427000, 488327.046069 5880095.427000, 488327.046069 5880080.958551))
3; POLYGON((488298.054846 5880107.307855, 488337.148224 5880107.307855, 488337.148224 5880110.300000, 488298.054846 5880110.300000, 488298.054846 5880107.307855))
3; POLYGON((488238.670935 5880043.202588, 488264.327277 5880043.202588, 488264.327277 5880090.704002, 488238.670935 5880090.704002, 488238.670935 5880043.202588))
4; POLYGON((488326.036725 5880071.871097, 488333.438715 5880071.871097, 488333.438715 5880081.695056, 488326.036725 5880081.695056, 488326.036725 5880071.871097))
3; POLYGON((488258.906786 5880047.081573, 488320.072516 5880047.081573, 488320.072516 5880100.780846, 488258.906786 5880100.780846, 488258.906786 5880047.081573))
