3; POLYGON((490824.575507 5880827.013855, 490832.933246 5880827.013855, 490832.933246 5880835.366339, 490824.575507 5880835.366339, 490824.575507 5880827.013855))
3; POLYGON((490746.600348 5880893.199681, 490754.454323 5880893.199681, 490754.454323 5880901.664858, 490746.600348 5880901.664858, 490746.600348 5880893.199681))
4; POLYGON((490774.663644 5880815.097583, 490782.807736 5880815.097583, 490782.807736 5880823.572064, 490774.663644 5880823.572064, 490774.663644 5880815.097583))
3; POLYGON((490812.799768 5880834.888831, 490820.720892 5880834.888831, 490820.720892 5880842.957343, 490812.799768 5880842.957343, 490812.799768 5880834.888831))
4; POLYGON((490772.960486 5880905.342739, 490780.483630 5880905.342739, 490780.483630 5880910.290305, 490772.960486 5880910.290305, 490772.960486 5880905.342739))
4; POLYGON((490803.575763 5880846.354913, 490810.760260 5880846.354913, 490810.760260 5880853.515149, 490803.575763 5880853.515149, 490803.575763 5880846.354913))
4; POLYGON((490765.944421 5880832.042487, 490775.550543 5880832.042487, 490775.550543 5880840.323322, 490765.944421 5880840.323322, 490765.944421 5880832.042487))
4; POLYGON((490830.841968 5880883.581705, 490837.200000 5880883.581705, 490837.200000 5880891.828168, 490830.841968 5880891.828168, 490830.841968 5880883.581705))
4; POLYGON((490785.798114 5880810.300000, 490792.375000 5880810.300000, 490792.375000 5880812.222327, 490785.798114 5880812.222327, 490785.798114 5880810.300000))
4; POLYGON((490738.330669 5880843.227350, 490745.968146 5880843.227350, 490745.968146 5880851.402057, 490738.330669 5880851.402057, 490738.330669 5880843.227350))
4; POLYGON((490747.411182 5880874.343213, 490754.717114 5880874.343213, 490754.717114 5880881.515982, 490747.411182 5880881.515982, 490747.411182 5880874.343213))
4; POLYGON((490737.200000 5880881.626965, 490743.243360 5880881.626965, 490743.243360 5880889.877313, 490737.200000 5880889.877313, 490737.200000 5880881.626965))
4; POLYGON((490757.536797 5880884.679730, 490765.523965 5880884.679730, 490765.523965 5880892.064598, 490757.536797 5880892.064598, 490757.536797 5880884.679730))
4; POLYGON((490795.771802 5880818.225751, 490803.512775 5880818.225751, 490803.512775 5880825.959222, 490795.771802 5880825.959222, 490795.771802 5880818.225751))
4; POLYGON((490803.808990 5880810.300000, 490811.348669 5880810.300000, 490811.348669 5880815.968195, 490803.808990 5880815.968195, 490803.808990 5880810.300000))
4; POLYGON((490785.694348 5880810.300000, 490793.091248 5880810.300000, 490793.091248 5880812.266864, 490785.694348 5880812.266864, 490785.694348 5880810.300000))
4; POLYGON((490826.617499 5880856.153833, 490833.276697 5880856.153833, 490833.276697 5880862.747824, 490826.617499 5880862.747824, 490826.617499 5880856.153833))
4; POLYGON((490808.302771 5880857.105634, 490814.118445 5880857.105634, 490814.118445 5880862.642166, 490808.302771 5880862.642166, 490808.302771 5880857.105634))
4; POLYGON((490747.237418 5880906.005333, 490756.426517 5880906.005333, 490756.426517 5880910.297905, 490747.237418 5880910.297905, 490747.237418 5880906.005333))
4; POLYGON((490817.016705 5880886.247256, 490823.292743 5880886.247256, 490823.292743 5880892.908931, 490817.016705 5880892.908931, 490817.016705 5880886.247256))
4; POLYGON((490830.833978 5880844.713837, 490837.071631 5880844.713837, 490837.071631 5880850.928528, 490830.833978 5880850.928528, 490830.833978 5880844.713837))
4; POLYGON((490786.138736 5880810.300000, 490792.235278 5880810.300000, 490792.235278 5880812.420654, 490786.138736 5880812.420654, 490786.138736 5880810.300000))
