4; POLYGON((491340.103286 5880560.855994, 491348.501661 5880560.855994, 491348.501661 5880568.612930, 491340.103286 5880568.612930, 491340.103286 5880560.855994))
4; POLYGON((491397.176038 5880519.258539, 491404.695343 5880519.258539, 491404.695343 5880526.625146, 491397.176038 5880526.625146, 491397.176038 5880519.258539))
4; POLYGON((491348.052788 5880546.708215, 491356.166934 5880546.708215, 491356.166934 5880554.266809, 491348.052788 5880554.266809, 491348.052788 5880546.708215))
4; POLYGON((491393.445135 5880534.561725, 491401.226709 5880534.561725, 491401.226709 5880541.410260, 491393.445135 5880541.410260, 491393.445135 5880534.561725))
4; POLYGON((491409.335406 5880543.255804, 491416.880566 5880543.255804, 491416.880566 5880549.873779, 491409.335406 5880549.873779, 491409.335406 5880543.255804))
4; POLYGON((491399.791730 5880559.764557, 491407.549164 5880559.764557, 491407.549164 5880566.965561, 491399.791730 5880566.965561, 491399.791730 5880559.764557))
4; POLYGON((491427.826605 5880510.300000, 491436.956793 5880510.300000, 491436.956793 5880516.149640, 491427.826605 5880516.149640, 491427.826605 5880510.300000))
4; POLYGON((491354.354675 5880533.420490, 491362.460417 5880533.420490, 491362.460417 5880541.742993, 491354.354675 5880541.742993, 491354.354675 5880533.420490))
4; POLYGON((491379.844742 5880564.905069, 491388.681439 5880564.905069, 491388.681439 5880573.087463, 491379.844742 5880573.087463, 491379.844742 5880564.905069))
4; POLYGON((491426.477600 5880535.083099, 491434.843005 5880535.083099, 491434.843005 5880542.921118, 491426.477600 5880542.921118, 491426.477600 5880535.083099))
4; POLYGON((491412.507831 5880527.377216, 491419.693024 5880527.377216, 491419.693024 5880534.464563, 491412.507831 5880534.464563, 491412.507831 5880527.377216))
4; POLYGON((491379.731888 5880564.127585, 491388.856976 5880564.127585, 491388.856976 5880573.074933, 491379.731888 5880573.074933, 491379.731888 5880564.127585))
4; POLYGON((491421.924536 5880604.767979, 491429.581940 5880604.767979, 491429.581940 5880610.300000, 491421.924536 5880610.300000, 491421.924536 5880604.767979))
3; POLYGON((491337.210982 5880572.474347, 491341.937381 5880572.474347, 491341.937381 5880580.527905, 491337.210982 5880580.527905, 491337.210982 5880572.474347))
3; POLYGON((491337.206016 5880571.951477, 491342.112535 5880571.951477, 491342.112535 5880580.439880, 491337.206016 5880580.439880, 491337.206016 5880571.951477))
4; POLYGON((491409.267554 5880543.010590, 491417.385352 5880543.010590, 491417.385352 5880549.840094, 491409.267554 5880549.840094, 491409.267554 5880543.010590))
4; POLYGON((491390.206854 5880571.499429, 491398.066608 5880571.499429, 491398.066608 5880578.638800, 491390.206854 5880578.638800, 491390.206854 5880571.499429))
