3; POLYGON((488566.117178 5881264.933115, 488586.130023 5881264.933115, 488586.130023 5881286.000360, 488566.117178 5881286.000360, 488566.117178 5881264.933115))
3; POLYGON((488542.427539 5881299.098727, 488557.494138 5881299.098727, 488557.494138 5881310.088180, 488542.427539 5881310.088180, 488542.427539 5881299.098727))
3; POLYGON((488606.571838 5881295.260323, 488637.200000 5881295.260323, 488637.200000 5881310.298002, 488606.571838 5881310.298002, 488606.571838 5881295.260323))
3; POLYGON((488577.475137 5881284.644772, 488605.682379 5881284.644772, 488605.682379 5881310.281815, 488577.475137 5881310.281815, 488577.475137 5881284.644772))
2; POLYGON((488537.221997 5881252.018396, 488546.517184 5881252.018396, 488546.517184 5881261.427692, 488537.221997 5881261.427692, 488537.221997 5881252.018396))
2; POLYGON((488537.318857 5881251.893073, 488547.455631 5881251.893073, 488547.455631 5881261.611990, 488537.318857 5881261.611990, 488537.318857 5881251.893073))
3; POLYGON((488607.125458 5881220.608105, 488637.063940 5881220.608105, 488637.063940 5881249.055304, 488607.125458 5881249.055304, 488607.125458 5881220.608105))
2; POLYGON((488537.322514 5881252.634558, 488546.810253 5881252.634558, 488546.810253 5881261.684216, 488537.322514 5881261.684216, 488537.322514 5881252.634558))
4; POLYGON((488537.200000 5881283.004169, 488552.603368 5881283.004169, 488552.603368 5881296.653764, 488537.200000 5881296.653764, 488537.200000 5881283.004169))
2; POLYGON((488572.746542 5881271.037238, 488580.053946 5881271.037238, 488580.053946 5881278.980283, 488572.746542 5881278.980283, 488572.746542 5881271.037238))
3; POLYGON((488634.178015 5881240.577563, 488637.200000 5881240.577563, 488637.200000 5881256.459583, 488634.178015 5881256.459583, 488634.178015 5881240.577563))
2; POLYGON((488572.764417 5881271.396042, 488579.757663 5881271.396042, 488579.757663 5881278.802826, 488572.764417 5881278.802826, 488572.764417 5881271.396042))
3; POLYGON((488537.204920 5881238.184589, 488558.593671 5881238.184589, 488558.593671 5881272.816565, 488537.204920 5881272.816565, 488537.204920 5881238.184589))
4; POLYGON((488539.990366 5881305.239449, 488549.558015 5881305.239449, 488549.558015 5881310.300000, 488539.990366 5881310.300000, 488539.990366 5881305.239449))
2; POLYGON((488537.213078 5881252.368030, 488544.580389 5881252.368030, 488544.580389 5881260.928320, 488537.213078 5881260.928320, 488537.213078 5881252.368030))
2; POLYGON((488573.157919 5881271.285394, 488579.809427 5881271.285394, 488579.809427 5881278.411774, 488573.157919 5881278.411774, 488573.157919 5881271.285394))
4; POLYGON((488537.392627 5881288.149199, 488552.461394 5881288.149199, 488552.461394 5881296.798845, 488537.392627 5881296.798845, 488537.392627 5881288.149199))
