3; POLYGON((489896.292688 5881224.835956, 489921.633789 5881224.835956, 489921.633789 5881258.159637, 489896.292688 5881258.159637, 489896.292688 5881224.835956))
3; POLYGON((489899.423218 5881288.366718, 489916.071838 5881288.366718, 489916.071838 5881302.220708, 489899.423218 5881302.220708, 489899.423218 5881288.366718))
3; POLYGON((489853.942262 5881271.774237, 489896.276868 5881271.774237, 489896.276868 5881296.390166, 489853.942262 5881296.390166, 489853.942262 5881271.774237))
3; POLYGON((489922.896619 5881236.681183, 489937.200000 5881236.681183, 489937.200000 5881258.479218, 489922.896619 5881258.479218, 489922.896619 5881236.681183))
3; POLYGON((489923.685236 5881289.489467, 489937.200000 5881289.489467, 489937.200000 5881309.875450, 489923.685236 5881309.875450, 489923.685236 5881289.489467))
3; POLYGON((489874.124603 5881236.914435, 489894.746429 5881236.914435, 489894.746429 5881256.222449, 489874.124603 5881256.222449, 489874.124603 5881236.914435))
3; POLYGON((489841.172433 5881211.142365, 489855.466017 5881211.142365, 489855.466017 5881226.617780, 489841.172433 5881226.617780, 489841.172433 5881211.142365))
4; POLYGON((489883.716483 5881259.984970, 489895.986743 5881259.984970, 489895.986743 5881270.798431, 489883.716483 5881270.798431, 489883.716483 5881259.984970))
3; POLYGON((489837.206533 5881268.903513, 489849.935846 5881268.903513, 489849.935846 5881290.818196, 489837.206533 5881290.818196, 489837.206533 5881268.903513))
3; POLYGON((489933.735675 5881210.300000, 489937.200000 5881210.300000, 489937.200000 5881215.861285, 489933.735675 5881215.861285, 489933.735675 5881210.300000))
3; POLYGON((489933.806342 5881210.300000, 489937.200000 5881210.300000, 489937.200000 5881216.351117, 489933.806342 5881216.351117, 489933.806342 5881210.300000))
3; POLYGON((489837.216207 5881210.312775, 489839.876255 5881210.312775, 489839.876255 5881217.369531, 489837.216207 5881217.369531, 489837.216207 5881210.312775))
3; POLYGON((489874.195956 5881224.875000, 489921.624261 5881224.875000, 489921.624261 5881258.030127, 489874.195956 5881258.030127, 489874.195956 5881224.875000))
3; POLYGON((489837.209875 5881210.315015, 489839.836904 5881210.315015, 489839.836904 5881218.026758, 489837.209875 5881218.026758, 489837.209875 5881210.315015))
3; POLYGON((489837.210668 5881210.329700, 489839.641070 5881210.329700, 489839.641070 5881218.377258, 489837.210668 5881218.377258, 489837.210668 5881210.329700))
3; POLYGON((489857.788687 5881218.961981, 489875.551648 5881218.961981, 489875.551648 5881235.048102, 489857.788687 5881235.048102, 489857.788687 5881218.961981))
3; POLYGON((489933.853851 5881210.300000, 489937.177405 5881210.300000, 489937.177405 5881216.905347, 489933.853851 5881216.905347, 489933.853851 5881210.300000))
3; POLYGON((489837.213591 5881210.352588, 489839.474148 5881210.352588, 489839.474148 5881218.752362, 489837.213591 5881218.752362, 489837.213591 5881210.352588))
