4; POLYGON((488637.406688 5881310.300000, 488668.322784 5881310.300000, 488668.322784 5881339.711725, 488637.406688 5881339.711725, 488637.406688 5881310.300000))
3; POLYGON((488675.940417 5881355.399335, 488737.200000 5881355.399335, 488737.200000 5881410.237594, 488675.940417 5881410.237594, 488675.940417 5881355.399335))
3; POLYGON((488682.510388 5881355.335516, 488737.200000 5881355.335516, 488737.200000 5881410.239847, 488682.510388 5881410.239847, 488682.510388 5881355.335516))
3; POLYGON((488655.157835 5881397.169231, 488664.418265 5881397.169231, 488664.418265 5881407.702391, 488655.157835 5881407.702391, 488655.157835 5881397.169231))
3; POLYGON((488653.518507 5881379.346201, 488671.067456 5881379.346201, 488671.067456 5881397.591903, 488653.518507 5881397.591903, 488653.518507 5881379.346201))
1; POLYGON((488673.817026 5881368.152374, 488682.811630 5881368.152374, 488682.811630 5881377.219827, 488673.817026 5881377.219827, 488673.817026 5881368.152374))
3; POLYGON((488675.454175 5881373.877911, 488689.167413 5881373.877911, 488689.167413 5881388.098694, 488675.454175 5881388.098694, 488675.454175 5881373.877911))
4; POLYGON((488637.204879 5881339.975262, 488642.340442 5881339.975262, 488642.340442 5881355.228827, 488637.204879 5881355.228827, 488637.204879 5881339.975262))
4; POLYGON((488637.204063 5881337.321210, 488642.408519 5881337.321210, 488642.408519 5881355.249500, 488637.204063 5881355.249500, 488637.204063 5881337.321210))
3; POLYGON((488637.200000 5881310.300000, 488643.117096 5881310.300000, 488643.117096 5881322.140662, 488637.200000 5881322.140662, 488637.200000 5881310.300000))
3; POLYGON((488637.200000 5881310.300000, 488642.614956 5881310.300000, 488642.614956 5881322.305695, 488637.200000 5881322.305695, 488637.200000 5881310.300000))
3; POLYGON((488637.200000 5881399.254352, 488650.788866 5881399.254352, 488650.788866 5881410.300000, 488637.200000 5881410.300000, 488637.200000 5881399.254352))
4; POLYGON((488637.203102 5881335.408936, 488642.396458 5881335.408936, 488642.396458 5881355.208429, 488637.203102 5881355.208429, 488637.203102 5881335.408936))
