3; POLYGON((488256.903595 5881310.308044, 488319.388226 5881310.308044, 488319.388226 5881387.750879, 488256.903595 5881387.750879, 488256.903595 5881310.308044))
3; POLYGON((488237.318947 5881375.561063, 488266.397293 5881375.561063, 488266.397293 5881405.346905, 488237.318947 5881405.346905, 488237.318947 5881375.561063))
3; POLYGON((488257.046413 5881395.862152, 488276.084387 5881395.862152, 488276.084387 5881410.300000, 488257.046413 5881410.300000, 488257.046413 5881395.862152))
3; POLYGON((488253.803198 5881393.514647, 488266.492871 5881393.514647, 488266.492871 5881405.384213, 488253.803198 5881405.384213, 488253.803198 5881393.514647))
3; POLYGON((488273.508673 5881362.685849, 488303.481775 5881362.685849, 488303.481775 5881388.139278, 488273.508673 5881388.139278, 488273.508673 5881362.685849))
4; POLYGON((488237.202809 5881310.300000, 488255.507835 5881310.300000, 488255.507835 5881325.782410, 488237.202809 5881325.782410, 488237.202809 5881310.300000))
3; POLYGON((488237.226220 5881375.501172, 488257.859158 5881375.501172, 488257.859158 5881397.656193, 488237.226220 5881397.656193, 488237.226220 5881375.501172))
3; POLYGON((488280.612677 5881407.851889, 488298.331232 5881407.851889, 488298.331232 5881410.292492, 488280.612677 5881410.292492, 488280.612677 5881407.851889))
3; POLYGON((488280.943933 5881407.919211, 488299.739490 5881407.919211, 488299.739490 5881410.291937, 488280.943933 5881410.291937, 488280.943933 5881407.919211))
3; POLYGON((488279.381076 5881407.789201, 488297.872412 5881407.789201, 488297.872412 5881410.300000, 488279.381076 5881410.300000, 488279.381076 5881407.789201))
3; POLYGON((488279.963409 5881407.867456, 488296.291455 5881407.867456, 488296.291455 5881410.294775, 488279.963409 5881410.294775, 488279.963409 5881407.867456))
