3; POLYGON((488617.092395 5882227.452496, 488637.200000 5882227.452496, 488637.200000 5882249.195575, 488617.092395 5882249.195575, 488617.092395 5882227.452496))
3; POLYGON((488632.238025 5882266.129800, 488637.200000 5882266.129800, 488637.200000 5882286.961197, 488632.238025 5882286.961197, 488632.238025 5882266.129800))
4; POLYGON((488604.278003 5882292.418077, 488618.533643 5882292.418077, 488618.533643 5882310.300000, 488604.278003 5882310.300000, 488604.278003 5882292.418077))
3; POLYGON((488632.230945 5882266.361902, 488637.200000 5882266.361902, 488637.200000 5882284.388956, 488632.230945 5882284.388956, 488632.230945 5882266.361902))
3; POLYGON((488632.182703 5882266.211652, 488637.191949 5882266.211652, 488637.191949 5882295.488330, 488632.182703 5882295.488330, 488632.182703 5882266.211652))
3; POLYGON((488632.251837 5882266.192081, 488637.192157 5882266.192081, 488637.192157 5882289.891750, 488632.251837 5882289.891750, 488632.251837 5882266.192081))
3; POLYGON((488632.160315 5882266.247226, 488637.192639 5882266.247226, 488637.192639 5882299.525421, 488632.160315 5882299.525421, 488632.160315 5882266.247226))
3; POLYGON((488632.138763 5882266.401163, 488637.188824 5882266.401163, 488637.188824 5882304.931482, 488632.138763 5882304.931482, 488632.138763 5882266.401163))
3; POLYGON((488631.832092 5882266.167786, 488637.200000 5882266.167786, 488637.200000 5882292.467278, 488631.832092 5882292.467278, 488631.832092 5882266.167786))
3; POLYGON((488631.851324 5882266.160181, 488637.200000 5882266.160181, 488637.200000 5882297.890168, 488631.851324 5882297.890168, 488631.851324 5882266.160181))
