3; POLYGON((490090.028094 5882229.244269, 490131.690808 5882229.244269, 490131.690808 5882271.442880, 490090.028094 5882271.442880, 490090.028094 5882229.244269))
3; POLYGON((490037.282931 5882213.111163, 490082.767053 5882213.111163, 490082.767053 5882259.118579, 490037.282931 5882259.118579, 490037.282931 5882213.111163))
3; POLYGON((490127.226074 5882288.121106, 490137.200000 5882288.121106, 490137.200000 5882310.300000, 490127.226074 5882310.300000, 490127.226074 5882288.121106))
3; POLYGON((490037.200000 5882253.015601, 490057.954025 5882253.015601, 490057.954025 5882282.029178, 490037.200000 5882282.029178, 490037.200000 5882253.015601))
3; POLYGON((490053.150989 5882265.969440, 490113.345703 5882265.969440, 490113.345703 5882310.300000, 490053.150989 5882310.300000, 490053.150989 5882265.969440))
3; POLYGON((490087.685413 5882210.300000, 490117.120258 5882210.300000, 490117.120258 5882224.920343, 490087.685413 5882224.920343, 490087.685413 5882210.300000))
3; POLYGON((490064.072781 5882210.300000, 490087.320053 5882210.300000, 490087.320053 5882218.919006, 490064.072781 5882218.919006, 490064.072781 5882210.300000))
3; POLYGON((490061.118533 5882210.300000, 490087.239325 5882210.300000, 490087.239325 5882218.928705, 490061.118533 5882218.928705, 490061.118533 5882210.300000))
3; POLYGON((490132.510480 5882260.672012, 490137.200000 5882260.672012, 490137.200000 5882277.112112, 490132.510480 5882277.112112, 490132.510480 5882260.672012))
3; POLYGON((490132.449005 5882262.097293, 490137.200000 5882262.097293, 490137.200000 5882276.967581, 490132.449005 5882276.967581, 490132.449005 5882262.097293))
3; POLYGON((490037.208510 5882289.774881, 490041.343864 5882289.774881, 490041.343864 5882310.300000, 490037.208510 5882310.300000, 490037.208510 5882289.774881))
3; POLYGON((490037.210348 5882294.143710, 490041.292294 5882294.143710, 490041.292294 5882310.300000, 490037.210348 5882310.300000, 490037.210348 5882294.143710))
3; POLYGON((490037.211338 5882298.577061, 490041.300702 5882298.577061, 490041.300702 5882310.300000, 490037.211338 5882310.300000, 490037.211338 5882298.577061))
3; POLYGON((490037.200000 5882301.285001, 490041.223393 5882301.285001, 490041.223393 5882310.284822, 490037.200000 5882310.284822, 490037.200000 5882301.285001))
3; POLYGON((490037.205179 5882286.267540, 490041.307604 5882286.267540, 490041.307604 5882310.300000, 490037.205179 5882310.300000, 490037.205179 5882286.267540))
3; POLYGON((490037.204717 5882300.199386, 490041.250632 5882300.199386, 490041.250632 5882310.300000, 490037.204717 5882310.300000, 490037.204717 5882300.199386))
3; POLYGON((490132.501453 5882257.186420, 490137.200000 5882257.186420, 490137.200000 5882277.157584, 490132.501453 5882277.157584, 490132.501453 5882257.186420))
3; POLYGON((490037.208348 5882283.539423, 490041.311937 5882283.539423, 490041.311937 5882310.300000, 490037.208348 5882310.300000, 490037.208348 5882283.539423))
3; POLYGON((490037.205796 5882279.536179, 490041.403631 5882279.536179, 490041.403631 5882310.300000, 490037.205796 5882310.300000, 490037.205796 5882279.536179))
3; POLYGON((490037.200000 5882291.825734, 490041.293262 5882291.825734, 490041.293262 5882310.300000, 490037.200000 5882310.300000, 490037.200000 5882291.825734))
