4; POLYGON((491174.576489 5880010.300000, 491230.214722 5880010.300000, 491230.214722 5880054.928601, 491174.576489 5880054.928601, 491174.576489 5880010.300000))
1; POLYGON((491137.204473 5880092.534520, 491146.071625 5880092.534520, 491146.071625 5880110.300000, 491137.204473 5880110.300000, 491137.204473 5880092.534520))
4; POLYGON((491188.048743 5880095.360840, 491229.964862 5880095.360840, 491229.964862 5880110.300000, 491188.048743 5880110.300000, 491188.048743 5880095.360840))
4; POLYGON((491137.200000 5880057.106854, 491145.921544 5880057.106854, 491145.921544 5880110.300000, 491137.200000 5880110.300000, 491137.200000 5880057.106854))
4; POLYGON((491182.208255 5880095.298384, 491229.749603 5880095.298384, 491229.749603 5880110.294285, 491182.208255 5880110.294285, 491182.208255 5880095.298384))
4; POLYGON((491215.277490 5880010.300000, 491237.200000 5880010.300000, 491237.200000 5880026.784100, 491215.277490 5880026.784100, 491215.277490 5880010.300000))
4; POLYGON((491137.202873 5880057.605127, 491145.794585 5880057.605127, 491145.794585 5880083.402899, 491137.202873 5880083.402899, 491137.202873 5880057.605127))
4; POLYGON((491176.106833 5880095.265236, 491229.339954 5880095.265236, 491229.339954 5880110.300000, 491176.106833 5880110.300000, 491176.106833 5880095.265236))
4; POLYGON((491137.204942 5880059.578537, 491145.823891 5880059.578537, 491145.823891 5880084.054276, 491137.204942 5880084.054276, 491137.204942 5880059.578537))
4; POLYGON((491137.200000 5880058.230597, 491145.857894 5880058.230597, 491145.857894 5880096.091667, 491137.200000 5880096.091667, 491137.200000 5880058.230597))
1; POLYGON((491137.204102 5880081.177460, 491145.882204 5880081.177460, 491145.882204 5880110.295831, 491137.204102 5880110.295831, 491137.204102 5880081.177460))
4; POLYGON((491137.208156 5880079.928214, 491145.904686 5880079.928214, 491145.904686 5880110.300000, 491137.208156 5880110.300000, 491137.208156 5880079.928214))
4; POLYGON((491178.367947 5880095.528438, 491233.316443 5880095.528438, 491233.316443 5880110.300000, 491178.367947 5880110.300000, 491178.367947 5880095.528438))
