3; POLYGON((491059.259908 5881092.704993, 491075.185367 5881092.704993, 491075.185367 5881108.468898, 491059.259908 5881108.468898, 491059.259908 5881092.704993))
3; POLYGON((491078.593619 5881061.858850, 491096.210962 5881061.858850, 491096.210962 5881078.157654, 491078.593619 5881078.157654, 491078.593619 5881061.858850))
3; POLYGON((491098.723657 5881105.616991, 491112.162421 5881105.616991, 491112.162421 5881110.293782, 491098.723657 5881110.293782, 491098.723657 5881105.616991))
3; POLYGON((491108.477972 5881094.748769, 491124.883746 5881094.748769, 491124.883746 5881110.274048, 491108.477972 5881110.274048, 491108.477972 5881094.748769))
3; POLYGON((491044.602251 5881106.017154, 491061.195889 5881106.017154, 491061.195889 5881110.300000, 491044.602251 5881110.300000, 491044.602251 5881106.017154))
3; POLYGON((491043.212500 5881105.946532, 491060.804393 5881105.946532, 491060.804393 5881110.300000, 491043.212500 5881110.300000, 491043.212500 5881105.946532))
3; POLYGON((491045.416872 5881106.170374, 491060.933409 5881106.170374, 491060.933409 5881110.294852, 491045.416872 5881110.294852, 491045.416872 5881106.170374))
3; POLYGON((491037.644519 5881105.933360, 491060.906165 5881105.933360, 491060.906165 5881110.300000, 491037.644519 5881110.300000, 491037.644519 5881105.933360))
3; POLYGON((491043.260381 5881106.409657, 491060.108926 5881106.409657, 491060.108926 5881110.294787, 491043.260381 5881110.294787, 491043.260381 5881106.409657))
3; POLYGON((491039.682463 5881105.897923, 491060.713536 5881105.897923, 491060.713536 5881110.299867, 491039.682463 5881110.299867, 491039.682463 5881105.897923))
0; POLYGON((491119.972681 5881102.328011, 491126.023077 5881102.328011, 491126.023077 5881108.773083, 491119.972681 5881108.773083, 491119.972681 5881102.328011))
