3; POLYGON((489962.439592 5881145.470483, 490031.895435 5881145.470483, 490031.895435 5881190.045815, 489962.439592 5881190.045815, 489962.439592 5881145.470483))
3; POLYGON((489937.200000 5881199.081264, 489984.941083 5881199.081264, 489984.941083 5881210.300000, 489937.200000 5881210.300000, 489937.200000 5881199.081264))
3; POLYGON((489983.891394 5881110.300000, 490027.472803 5881110.300000, 490027.472803 5881137.956586, 489983.891394 5881137.956586, 489983.891394 5881110.300000))
3; POLYGON((489962.496439 5881145.494055, 490026.638300 5881145.494055, 490026.638300 5881188.837775, 489962.496439 5881188.837775, 489962.496439 5881145.494055))
3; POLYGON((489937.200000 5881130.899310, 489949.428468 5881130.899310, 489949.428468 5881163.417270, 489937.200000 5881163.417270, 489937.200000 5881130.899310))
3; POLYGON((489937.208756 5881131.021033, 489949.484127 5881131.021033, 489949.484127 5881169.490872, 489937.208756 5881169.490872, 489937.208756 5881131.021033))
4; POLYGON((489941.288420 5881161.893808, 489960.589005 5881161.893808, 489960.589005 5881189.841547, 489941.288420 5881189.841547, 489941.288420 5881161.893808))
3; POLYGON((489937.207416 5881131.032874, 489949.496835 5881131.032874, 489949.496835 5881174.939227, 489937.207416 5881174.939227, 489937.207416 5881131.032874))
3; POLYGON((489937.200000 5881131.061346, 489949.450062 5881131.061346, 489949.450062 5881182.088342, 489937.200000 5881182.088342, 489937.200000 5881131.061346))
3; POLYGON((489952.796362 5881110.300000, 489982.623770 5881110.300000, 489982.623770 5881116.159692, 489952.796362 5881116.159692, 489952.796362 5881110.300000))
3; POLYGON((490029.598462 5881194.688554, 490037.200000 5881194.688554, 490037.200000 5881210.285163, 490029.598462 5881210.285163, 490029.598462 5881194.688554))
3; POLYGON((489937.216086 5881130.962744, 489949.498127 5881130.962744, 489949.498127 5881187.267657, 489937.216086 5881187.267657, 489937.216086 5881130.962744))
3; POLYGON((489955.657689 5881110.300000, 489982.507608 5881110.300000, 489982.507608 5881116.186975, 489955.657689 5881116.186975, 489955.657689 5881110.300000))
3; POLYGON((490029.082043 5881195.480592, 490037.200000 5881195.480592, 490037.200000 5881210.285307, 490029.082043 5881210.285307, 490029.082043 5881195.480592))
4; POLYGON((489994.732452 5881198.989882, 490011.247369 5881198.989882, 490011.247369 5881210.300000, 489994.732452 5881210.300000, 489994.732452 5881198.989882))
3; POLYGON((490028.405914 5881192.343079, 490037.200000 5881192.343079, 490037.200000 5881210.290582, 490028.405914 5881210.290582, 490028.405914 5881192.343079))
3; POLYGON((490027.655469 5881194.142767, 490037.200000 5881194.142767, 490037.200000 5881210.288358, 490027.655469 5881210.288358, 490027.655469 5881194.142767))
3; POLYGON((490028.619470 5881185.358017, 490037.191858 5881185.358017, 490037.191858 5881210.285509, 490028.619470 5881210.285509, 490028.619470 5881185.358017))
3; POLYGON((490028.454993 5881196.162869, 490037.191663 5881196.162869, 490037.191663 5881210.297045, 490028.454993 5881210.297045, 490028.454993 5881196.162869))
3; POLYGON((490029.361017 5881134.066772, 490037.200000 5881134.066772, 490037.200000 5881147.365668, 490029.361017 5881147.365668, 490029.361017 5881134.066772))
3; POLYGON((489958.300826 5881110.300000, 489982.587009 5881110.300000, 489982.587009 5881116.100983, 489958.300826 5881116.100983, 489958.300826 5881110.300000))
3; POLYGON((489947.574258 5881110.300000, 489982.818399 5881110.300000, 489982.818399 5881116.140985, 489947.574258 5881116.140985, 489947.574258 5881110.300000))
3; POLYGON((490028.684161 5881182.711090, 490037.184686 5881182.711090, 490037.184686 5881210.289405, 490028.684161 5881210.289405, 490028.684161 5881182.711090))
