3; POLYGON((490137.200000 5881312.122638, 490230.194598 5881312.122638, 490230.194598 5881372.873203, 490137.200000 5881372.873203, 490137.200000 5881312.122638))
3; POLYGON((490144.438292 5881384.528180, 490179.298508 5881384.528180, 490179.298508 5881408.506997, 490144.438292 5881408.506997, 490144.438292 5881384.528180))
3; POLYGON((490137.242927 5881319.404169, 490228.865027 5881319.404169, 490228.865027 5881372.353378, 490137.242927 5881372.353378, 490137.242927 5881319.404169))
3; POLYGON((490150.610007 5881310.303394, 490237.103735 5881310.303394, 490237.103735 5881354.623541, 490150.610007 5881354.623541, 490150.610007 5881310.303394))
3; POLYGON((490184.844534 5881397.443512, 490223.685352 5881397.443512, 490223.685352 5881410.300000, 490184.844534 5881410.300000, 490184.844534 5881397.443512))
3; POLYGON((490137.211058 5881374.379623, 490143.778105 5881374.379623, 490143.778105 5881391.179817, 490137.211058 5881391.179817, 490137.211058 5881374.379623))
3; POLYGON((490139.393007 5881310.394574, 490236.828595 5881310.394574, 490236.828595 5881361.213608, 490139.393007 5881361.213608, 490139.393007 5881310.394574))
3; POLYGON((490146.759899 5881364.309763, 490163.464847 5881364.309763, 490163.464847 5881377.172665, 490146.759899 5881377.172665, 490146.759899 5881364.309763))
3; POLYGON((490163.418912 5881310.304095, 490237.200000 5881310.304095, 490237.200000 5881355.371198, 490163.418912 5881355.371198, 490163.418912 5881310.304095))
3; POLYGON((490185.345157 5881367.201031, 490237.200000 5881367.201031, 490237.200000 5881410.260870, 490185.345157 5881410.260870, 490185.345157 5881367.201031))
