3; POLYGON((489607.528088 5882169.012915, 489637.200000 5882169.012915, 489637.200000 5882210.207467, 489607.528088 5882210.207467, 489607.528088 5882169.012915))
3; POLYGON((489542.658766 5882151.488293, 489576.620685 5882151.488293, 489576.620685 5882190.080403, 489542.658766 5882190.080403, 489542.658766 5882151.488293))
3; POLYGON((489608.433887 5882116.977289, 489637.200000 5882116.977289, 489637.200000 5882149.798346, 489608.433887 5882149.798346, 489608.433887 5882116.977289))
3; POLYGON((489570.801349 5882189.417142, 489600.874664 5882189.417142, 489600.874664 5882210.294782, 489570.801349 5882210.294782, 489570.801349 5882189.417142))
3; POLYGON((489618.197949 5882157.635022, 489634.682806 5882157.635022, 489634.682806 5882174.148212, 489618.197949 5882174.148212, 489618.197949 5882157.635022))
3; POLYGON((489567.049905 5882135.755084, 489612.085504 5882135.755084, 489612.085504 5882169.217438, 489567.049905 5882169.217438, 489567.049905 5882135.755084))
3; POLYGON((489550.641524 5882194.636540, 489561.647549 5882194.636540, 489561.647549 5882205.824243, 489550.641524 5882205.824243, 489550.641524 5882194.636540))
3; POLYGON((489543.605729 5882197.881975, 489554.098077 5882197.881975, 489554.098077 5882208.364371, 489543.605729 5882208.364371, 489543.605729 5882197.881975))
3; POLYGON((489567.034137 5882135.837994, 489600.110217 5882135.837994, 489600.110217 5882169.257059, 489567.034137 5882169.257059, 489567.034137 5882135.837994))
3; POLYGON((489537.208664 5882123.574475, 489539.912704 5882123.574475, 489539.912704 5882139.175677, 489537.208664 5882139.175677, 489537.208664 5882123.574475))
3; POLYGON((489537.207073 5882121.855475, 489540.068842 5882121.855475, 489540.068842 5882139.058923, 489537.207073 5882139.058923, 489537.207073 5882121.855475))
3; POLYGON((489537.205896 5882123.155365, 489540.244990 5882123.155365, 489540.244990 5882139.449817, 489537.205896 5882139.449817, 489537.205896 5882123.155365))
3; POLYGON((489537.212394 5882119.772400, 489540.027990 5882119.772400, 489540.027990 5882139.188733, 489537.212394 5882139.188733, 489537.212394 5882119.772400))
3; POLYGON((489537.202128 5882120.846869, 489540.343143 5882120.846869, 489540.343143 5882139.046643, 489537.202128 5882139.046643, 489537.202128 5882120.846869))
3; POLYGON((489537.205438 5882115.389240, 489540.089064 5882115.389240, 489540.089064 5882139.134869, 489537.205438 5882139.134869, 489537.205438 5882115.389240))
3; POLYGON((489537.205222 5882118.897095, 489540.408648 5882118.897095, 489540.408648 5882139.079059, 489537.205222 5882139.079059, 489537.205222 5882118.897095))
