3; POLYGON((488273.943860 5880317.360895, 488282.211111 5880317.360895, 488282.211111 5880326.145453, 488273.943860 5880326.145453, 488273.943860 5880317.360895))
3; POLYGON((488320.260797 5880382.577805, 488337.200000 5880382.577805, 488337.200000 5880397.098483, 488320.260797 5880397.098483, 488320.260797 5880382.577805))
3; POLYGON((488282.523865 5880315.296814, 488300.492932 5880315.296814, 488300.492932 5880326.173541, 488282.523865 5880326.173541, 488282.523865 5880315.296814))
3; POLYGON((488308.601807 5880314.211768, 488318.537396 5880314.211768, 488318.537396 5880321.271722, 488308.601807 5880321.271722, 488308.601807 5880314.211768))
3; POLYGON((488324.710999 5880348.468073, 488337.099164 5880348.468073, 488337.099164 5880372.411237, 488324.710999 5880372.411237, 488324.710999 5880348.468073))
4; POLYGON((488264.478409 5880364.789432, 488277.695358 5880364.789432, 488277.695358 5880372.473590, 488264.478409 5880372.473590, 488264.478409 5880364.789432))
3; POLYGON((488296.341980 5880348.923096, 488303.466400 5880348.923096, 488303.466400 5880357.258020, 488296.341980 5880357.258020, 488296.341980 5880348.923096))
3; POLYGON((488295.069110 5880310.300000, 488307.027710 5880310.300000, 488307.027710 5880314.058984, 488295.069110 5880314.058984, 488295.069110 5880310.300000))
3; POLYGON((488320.281055 5880382.557913, 488330.199994 5880382.557913, 488330.199994 5880396.955885, 488320.281055 5880396.955885, 488320.281055 5880382.557913))
3; POLYGON((488245.369860 5880387.207242, 488261.790228 5880387.207242, 488261.790228 5880400.037083, 488245.369860 5880400.037083, 488245.369860 5880387.207242))
3; POLYGON((488306.079535 5880339.931714, 488316.148926 5880339.931714, 488316.148926 5880358.459723, 488306.079535 5880358.459723, 488306.079535 5880339.931714))
3; POLYGON((488271.566757 5880384.842088, 488278.641632 5880384.842088, 488278.641632 5880398.581197, 488271.566757 5880398.581197, 488271.566757 5880384.842088))
3; POLYGON((488329.633246 5880310.300000, 488337.200000 5880310.300000, 488337.200000 5880316.637830, 488329.633246 5880316.637830, 488329.633246 5880310.300000))
3; POLYGON((488237.200000 5880310.300000, 488257.852368 5880310.300000, 488257.852368 5880382.006619, 488237.200000 5880382.006619, 488237.200000 5880310.300000))
3; POLYGON((488279.431860 5880332.039093, 488293.540802 5880332.039093, 488293.540802 5880355.950403, 488279.431860 5880355.950403, 488279.431860 5880332.039093))
3; POLYGON((488282.529651 5880315.273651, 488294.973218 5880315.273651, 488294.973218 5880325.526770, 488282.529651 5880325.526770, 488282.529651 5880315.273651))
3; POLYGON((488279.419653 5880331.810773, 488304.984869 5880331.810773, 488304.984869 5880356.078217, 488279.419653 5880356.078217, 488279.419653 5880331.810773))
