3; POLYGON((489551.744350 5882533.694006, 489584.232907 5882533.694006, 489584.232907 5882560.392258, 489551.744350 5882560.392258, 489551.744350 5882533.694006))
3; POLYGON((489600.777478 5882555.020691, 489631.086414 5882555.020691, 489631.086414 5882603.094627, 489600.777478 5882603.094627, 489600.777478 5882555.020691))
3; POLYGON((489570.371710 5882578.346710, 489597.474597 5882578.346710, 489597.474597 5882610.300000, 489570.371710 5882610.300000, 489570.371710 5882578.346710))
3; POLYGON((489537.205800 5882510.300000, 489564.110565 5882510.300000, 489564.110565 5882527.430664, 489537.205800 5882527.430664, 489537.205800 5882510.300000))
3; POLYGON((489537.200000 5882560.886728, 489553.362604 5882560.886728, 489553.362604 5882584.778120, 489537.200000 5882584.778120, 489537.200000 5882560.886728))
3; POLYGON((489537.212580 5882560.832321, 489553.351370 5882560.832321, 489553.351370 5882587.957011, 489537.212580 5882587.957011, 489537.212580 5882560.832321))
3; POLYGON((489538.364959 5882603.125660, 489557.169820 5882603.125660, 489557.169820 5882610.294651, 489538.364959 5882610.294651, 489538.364959 5882603.125660))
3; POLYGON((489538.199667 5882603.161228, 489560.228368 5882603.161228, 489560.228368 5882610.289510, 489538.199667 5882610.289510, 489538.199667 5882603.161228))
3; POLYGON((489538.356047 5882603.132493, 489563.744064 5882603.132493, 489563.744064 5882610.298666, 489538.356047 5882610.298666, 489538.356047 5882603.132493))
3; POLYGON((489538.343132 5882603.132964, 489554.475490 5882603.132964, 489554.475490 5882610.296801, 489538.343132 5882610.296801, 489538.343132 5882603.132964))
3; POLYGON((489537.212779 5882560.783975, 489553.342180 5882560.783975, 489553.342180 5882593.928783, 489537.212779 5882593.928783, 489537.212779 5882560.783975))
3; POLYGON((489538.400658 5882603.111040, 489566.653549 5882603.111040, 489566.653549 5882610.300000, 489538.400658 5882610.300000, 489538.400658 5882603.111040))
