3; POLYGON((489437.297507 5880619.069611, 489532.182892 5880619.069611, 489532.182892 5880681.362045, 489437.297507 5880681.362045, 489437.297507 5880619.069611))
4; POLYGON((489500.940112 5880610.327246, 489521.455920 5880610.327246, 489521.455920 5880624.653174, 489500.940112 5880624.653174, 489500.940112 5880610.327246))
4; POLYGON((489437.200000 5880642.352246, 489448.412014 5880642.352246, 489448.412014 5880651.344135, 489437.200000 5880651.344135, 489437.200000 5880642.352246))
4; POLYGON((489530.797180 5880700.288953, 489537.186011 5880700.288953, 489537.186011 5880710.293925, 489530.797180 5880710.293925, 489530.797180 5880700.288953))
4; POLYGON((489504.594794 5880610.698785, 489521.263770 5880610.698785, 489521.263770 5880624.566248, 489504.594794 5880624.566248, 489504.594794 5880610.698785))
3; POLYGON((489506.390253 5880619.470514, 489532.378595 5880619.470514, 489532.378595 5880655.806384, 489506.390253 5880655.806384, 489506.390253 5880619.470514))
3; POLYGON((489437.200000 5880644.693268, 489460.265804 5880644.693268, 489460.265804 5880681.843887, 489437.200000 5880681.843887, 489437.200000 5880644.693268))
3; POLYGON((489514.045032 5880708.511812, 489529.516040 5880708.511812, 489529.516040 5880710.295165, 489514.045032 5880710.295165, 489514.045032 5880708.511812))
3; POLYGON((489515.745270 5880708.454689, 489529.304248 5880708.454689, 489529.304248 5880710.296260, 489515.745270 5880710.296260, 489515.745270 5880708.454689))
3; POLYGON((489511.936200 5880708.196833, 489529.881213 5880708.196833, 489529.881213 5880710.297895, 489511.936200 5880710.297895, 489511.936200 5880708.196833))
3; POLYGON((489510.221954 5880708.391782, 489529.579443 5880708.391782, 489529.579443 5880710.294386, 489510.221954 5880710.294386, 489510.221954 5880708.391782))
3; POLYGON((489508.043121 5880708.215920, 489529.802393 5880708.215920, 489529.802393 5880710.298472, 489508.043121 5880710.298472, 489508.043121 5880708.215920))
