3; POLYGON((489097.034320 5882403.425068, 489113.878284 5882403.425068, 489113.878284 5882410.295466, 489097.034320 5882410.295466, 489097.034320 5882403.425068))
4; POLYGON((489096.007416 5882310.300000, 489125.074408 5882310.300000, 489125.074408 5882334.252228, 489096.007416 5882334.252228, 489096.007416 5882310.300000))
3; POLYGON((489039.559243 5882349.962317, 489059.426212 5882349.962317, 489059.426212 5882368.508130, 489039.559243 5882368.508130, 489039.559243 5882349.962317))
3; POLYGON((489037.327307 5882310.300000, 489048.540570 5882310.300000, 489048.540570 5882318.119647, 489037.327307 5882318.119647, 489037.327307 5882310.300000))
4; POLYGON((489122.199567 5882385.271931, 489137.200000 5882385.271931, 489137.200000 5882408.127429, 489122.199567 5882408.127429, 489122.199567 5882385.271931))
4; POLYGON((489041.038087 5882345.093811, 489053.465080 5882345.093811, 489053.465080 5882355.491638, 489041.038087 5882355.491638, 489041.038087 5882345.093811))
0; POLYGON((489041.042829 5882345.076868, 489053.506818 5882345.076868, 489053.506818 5882355.611206, 489041.042829 5882355.611206, 489041.042829 5882345.076868))
3; POLYGON((489037.200000 5882310.300000, 489049.029322 5882310.300000, 489049.029322 5882318.686438, 489037.200000 5882318.686438, 489037.200000 5882310.300000))
4; POLYGON((489056.493748 5882317.113257, 489089.025629 5882317.113257, 489089.025629 5882347.404596, 489056.493748 5882347.404596, 489056.493748 5882317.113257))
3; POLYGON((489056.457175 5882317.099994, 489088.914368 5882317.099994, 489088.914368 5882347.452515, 489056.457175 5882347.452515, 489056.457175 5882317.099994))
3; POLYGON((489124.334296 5882310.300000, 489137.200000 5882310.300000, 489137.200000 5882317.831818, 489124.334296 5882317.831818, 489124.334296 5882310.300000))
