4; POLYGON((488196.255084 5880510.300000, 488237.200000 5880510.300000, 488237.200000 5880538.890588, 488196.255084 5880538.890588, 488196.255084 5880510.300000))
3; POLYGON((488140.523719 5880510.343494, 488164.194965 5880510.343494, 488164.194965 5880545.098267, 488140.523719 5880545.098267, 488140.523719 5880510.343494))
4; POLYGON((488184.807074 5880564.107916, 488208.448517 5880564.107916, 488208.448517 5880598.699774, 488184.807074 5880598.699774, 488184.807074 5880564.107916))
4; POLYGON((488220.110699 5880548.593213, 488237.200000 5880548.593213, 488237.200000 5880578.844330, 488220.110699 5880578.844330, 488220.110699 5880548.593213))
4; POLYGON((488171.696036 5880510.300000, 488194.619885 5880510.300000, 488194.619885 5880524.244250, 488171.696036 5880524.244250, 488171.696036 5880510.300000))
4; POLYGON((488187.282132 5880530.917133, 488213.473676 5880530.917133, 488213.473676 5880554.234967, 488187.282132 5880554.234967, 488187.282132 5880530.917133))
3; POLYGON((488137.200000 5880556.186487, 488156.131172 5880556.186487, 488156.131172 5880610.210796, 488137.200000 5880610.210796, 488137.200000 5880556.186487))
3; POLYGON((488137.200000 5880571.683920, 488148.451012 5880571.683920, 488148.451012 5880609.893267, 488137.200000 5880609.893267, 488137.200000 5880571.683920))
4; POLYGON((488149.356125 5880561.578796, 488158.097429 5880561.578796, 488158.097429 5880575.247327, 488149.356125 5880575.247327, 488149.356125 5880561.578796))
1; POLYGON((488175.247894 5880525.658276, 488185.281973 5880525.658276, 488185.281973 5880543.289709, 488175.247894 5880543.289709, 488175.247894 5880525.658276))
4; POLYGON((488150.830077 5880561.676257, 488158.047090 5880561.676257, 488158.047090 5880569.851773, 488150.830077 5880569.851773, 488150.830077 5880561.676257))
4; POLYGON((488195.452588 5880529.585413, 488211.243213 5880529.585413, 488211.243213 5880537.013556, 488195.452588 5880537.013556, 488195.452588 5880529.585413))
