4; POLYGON((490961.628181 5879947.040234, 491018.870990 5879947.040234, 491018.870990 5880007.319303, 490961.628181 5880007.319303, 490961.628181 5879947.040234))
1; POLYGON((490937.253346 5879913.091504, 490989.624286 5879913.091504, 490989.624286 5879956.748639, 490937.253346 5879956.748639, 490937.253346 5879913.091504))
1; POLYGON((490951.965602 5879929.860858, 490997.752332 5879929.860858, 490997.752332 5879968.286234, 490951.965602 5879968.286234, 490951.965602 5879929.860858))
3; POLYGON((490937.205217 5879945.606024, 490959.906659 5879945.606024, 490959.906659 5879977.404218, 490937.205217 5879977.404218, 490937.205217 5879945.606024))
4; POLYGON((491002.959772 5879915.549091, 491037.200000 5879915.549091, 491037.200000 5879943.283698, 491002.959772 5879943.283698, 491002.959772 5879915.549091))
1; POLYGON((491002.916608 5879915.438782, 491037.200000 5879915.438782, 491037.200000 5879943.237866, 491002.916608 5879943.237866, 491002.916608 5879915.438782))
4; POLYGON((490937.200000 5879913.422479, 490989.128778 5879913.422479, 490989.128778 5879956.594525, 490937.200000 5879956.594525, 490937.200000 5879913.422479))
2; POLYGON((491023.326550 5879927.215552, 491035.143170 5879927.215552, 491035.143170 5879932.839130, 491023.326550 5879932.839130, 491023.326550 5879927.215552))
4; POLYGON((491018.010901 5879992.265985, 491037.200000 5879992.265985, 491037.200000 5880010.274893, 491018.010901 5880010.274893, 491018.010901 5879992.265985))
3; POLYGON((490947.552313 5879910.300000, 490973.003500 5879910.300000, 490973.003500 5879918.718542, 490947.552313 5879918.718542, 490947.552313 5879910.300000))
4; POLYGON((491025.074524 5879999.708205, 491037.200000 5879999.708205, 491037.200000 5880010.300000, 491025.074524 5880010.300000, 491025.074524 5879999.708205))
1; POLYGON((491017.996069 5879992.360913, 491037.152551 5879992.360913, 491037.152551 5880010.151435, 491017.996069 5880010.151435, 491017.996069 5879992.360913))
2; POLYGON((491023.262000 5879926.768317, 491035.240717 5879926.768317, 491035.240717 5879932.609998, 491023.262000 5879932.609998, 491023.262000 5879926.768317))
3; POLYGON((490949.572195 5879910.300000, 490971.909180 5879910.300000, 490971.909180 5879918.689429, 490949.572195 5879918.689429, 490949.572195 5879910.300000))
3; POLYGON((490948.869602 5879910.300000, 490970.313422 5879910.300000, 490970.313422 5879918.651453, 490948.869602 5879918.651453, 490948.869602 5879910.300000))
4; POLYGON((491025.036414 5879998.546664, 491037.200000 5879998.546664, 491037.200000 5880010.300000, 491025.036414 5880010.300000, 491025.036414 5879998.546664))
4; POLYGON((491025.104236 5880001.675830, 491037.200000 5880001.675830, 491037.200000 5880010.300000, 491025.104236 5880010.300000, 491025.104236 5880001.675830))
2; POLYGON((491005.859515 5879926.448846, 491017.537115 5879926.448846, 491017.537115 5879931.864526, 491005.859515 5879931.864526, 491005.859515 5879926.448846))
3; POLYGON((490950.616963 5879910.300000, 490969.737216 5879910.300000, 490969.737216 5879918.792902, 490950.616963 5879918.792902, 490950.616963 5879910.300000))
4; POLYGON((490937.200000 5880000.008588, 490949.880167 5880000.008588, 490949.880167 5880010.300000, 490937.200000 5880010.300000, 490937.200000 5880000.008588))
4; POLYGON((490937.200000 5880000.070017, 490948.626524 5880000.070017, 490948.626524 5880010.300000, 490937.200000 5880010.300000, 490937.200000 5880000.070017))
2; POLYGON((491006.108698 5879926.155652, 491017.669806 5879926.155652, 491017.669806 5879931.653583, 491006.108698 5879931.653583, 491006.108698 5879926.155652))
3; POLYGON((490943.420954 5879910.300000, 490972.194989 5879910.300000, 490972.194989 5879918.721655, 490943.420954 5879918.721655, 490943.420954 5879910.300000))
