3; POLYGON((489085.052432 5879928.810272, 489105.278143 5879928.810272, 489105.278143 5879958.728827, 489085.052432 5879958.728827, 489085.052432 5879928.810272))
4; POLYGON((489037.200000 5879974.989609, 489052.837361 5879974.989609, 489052.837361 5879984.122733, 489037.200000 5879984.122733, 489037.200000 5879974.989609))
3; POLYGON((489037.278851 5879986.950937, 489078.714865 5879986.950937, 489078.714865 5880010.300000, 489037.278851 5880010.300000, 489037.278851 5879986.950937))
3; POLYGON((489115.089447 5879948.681439, 489133.975183 5879948.681439, 489133.975183 5879966.043152, 489115.089447 5879966.043152, 489115.089447 5879948.681439))
3; POLYGON((489090.433789 5879973.751190, 489137.200000 5879973.751190, 489137.200000 5879999.672689, 489090.433789 5879999.672689, 489090.433789 5879973.751190))
4; POLYGON((489081.427448 5879945.450568, 489091.813934 5879945.450568, 489091.813934 5879959.042273, 489081.427448 5879959.042273, 489081.427448 5879945.450568))
4; POLYGON((489081.402225 5879945.393701, 489092.163495 5879945.393701, 489092.163495 5879960.197345, 489081.402225 5879960.197345, 489081.402225 5879945.393701))
4; POLYGON((489094.506299 5879910.300000, 489137.200000 5879910.300000, 489137.200000 5879956.224512, 489094.506299 5879956.224512, 489094.506299 5879910.300000))
3; POLYGON((489084.129028 5879928.964386, 489105.248694 5879928.964386, 489105.248694 5879980.010901, 489084.129028 5879980.010901, 489084.129028 5879928.964386))
3; POLYGON((489041.983460 5879914.982056, 489069.548712 5879914.982056, 489069.548712 5879971.728992, 489041.983460 5879971.728992, 489041.983460 5879914.982056))
3; POLYGON((489099.553729 5880001.294942, 489137.197064 5880001.294942, 489137.197064 5880010.300000, 489099.553729 5880010.300000, 489099.553729 5880001.294942))
3; POLYGON((489084.402798 5879959.017310, 489098.058948 5879959.017310, 489098.058948 5879980.046191, 489084.402798 5879980.046191, 489084.402798 5879959.017310))
