3; POLYGON((488837.208118 5880846.765576, 488847.933805 5880846.765576, 488847.933805 5880860.642752, 488837.208118 5880860.642752, 488837.208118 5880846.765576))
3; POLYGON((488837.418809 5880810.300000, 488921.307379 5880810.300000, 488921.307379 5880876.052209, 488837.418809 5880876.052209, 488837.418809 5880810.300000))
4; POLYGON((488846.413230 5880843.665167, 488860.591356 5880843.665167, 488860.591356 5880852.466223, 488846.413230 5880852.466223, 488846.413230 5880843.665167))
4; POLYGON((488856.258759 5880897.839042, 488885.260278 5880897.839042, 488885.260278 5880910.288379, 488856.258759 5880910.288379, 488856.258759 5880897.839042))
3; POLYGON((488837.210821 5880810.346521, 488849.967952 5880810.346521, 488849.967952 5880842.901196, 488837.210821 5880842.901196, 488837.210821 5880810.346521))
3; POLYGON((488837.200000 5880902.530825, 488858.756149 5880902.530825, 488858.756149 5880910.293134, 488837.200000 5880910.293134, 488837.200000 5880902.530825))
3; POLYGON((488845.192529 5880810.392834, 488921.446216 5880810.392834, 488921.446216 5880874.371097, 488845.192529 5880874.371097, 488845.192529 5880810.392834))
3; POLYGON((488924.595123 5880810.300000, 488937.182074 5880810.300000, 488937.182074 5880821.871295, 488924.595123 5880821.871295, 488924.595123 5880810.300000))
3; POLYGON((488837.760284 5880844.901874, 488920.240649 5880844.901874, 488920.240649 5880876.968869, 488837.760284 5880876.968869, 488837.760284 5880844.901874))
4; POLYGON((488930.867609 5880884.771243, 488937.200000 5880884.771243, 488937.200000 5880910.300000, 488930.867609 5880910.300000, 488930.867609 5880884.771243))
4; POLYGON((488901.285266 5880891.139320, 488916.555115 5880891.139320, 488916.555115 5880910.300000, 488901.285266 5880910.300000, 488901.285266 5880891.139320))
4; POLYGON((488845.255103 5880810.300000, 488879.130737 5880810.300000, 488879.130737 5880852.666888, 488845.255103 5880852.666888, 488845.255103 5880810.300000))
