3; POLYGON((489283.369864 5882410.300000, 489305.988300 5882410.300000, 489305.988300 5882418.738031, 489283.369864 5882418.738031, 489283.369864 5882410.300000))
3; POLYGON((489250.850470 5882425.521143, 489265.475702 5882425.521143, 489265.475702 5882440.747363, 489250.850470 5882440.747363, 489250.850470 5882425.521143))
3; POLYGON((489297.211163 5882428.085278, 489313.488843 5882428.085278, 489313.488843 5882443.843054, 489297.211163 5882443.843054, 489297.211163 5882428.085278))
3; POLYGON((489238.107697 5882490.470889, 489257.911790 5882490.470889, 489257.911790 5882510.176225, 489238.107697 5882510.176225, 489238.107697 5882490.470889))
3; POLYGON((489331.631659 5882482.856094, 489337.200000 5882482.856094, 489337.200000 5882501.143517, 489331.631659 5882501.143517, 489331.631659 5882482.856094))
3; POLYGON((489331.120190 5882482.774677, 489337.200000 5882482.774677, 489337.200000 5882500.684800, 489331.120190 5882500.684800, 489331.120190 5882482.774677))
3; POLYGON((489320.932324 5882467.770099, 489337.193066 5882467.770099, 489337.193066 5882482.975104, 489320.932324 5882482.975104, 489320.932324 5882467.770099))
3; POLYGON((489237.200000 5882410.300000, 489250.463451 5882410.300000, 489250.463451 5882413.936664, 489237.200000 5882413.936664, 489237.200000 5882410.300000))
3; POLYGON((489256.629468 5882441.509387, 489275.427295 5882441.509387, 489275.427295 5882465.297934, 489256.629468 5882465.297934, 489256.629468 5882441.509387))
3; POLYGON((489304.860156 5882439.371375, 489323.845673 5882439.371375, 489323.845673 5882457.132904, 489304.860156 5882457.132904, 489304.860156 5882439.371375))
3; POLYGON((489296.779834 5882503.126508, 489312.556299 5882503.126508, 489312.556299 5882510.300000, 489296.779834 5882510.300000, 489296.779834 5882503.126508))
3; POLYGON((489283.441125 5882410.300000, 489315.827130 5882410.300000, 489315.827130 5882418.768848, 489283.441125 5882418.768848, 489283.441125 5882410.300000))
3; POLYGON((489237.200000 5882410.300000, 489251.377032 5882410.300000, 489251.377032 5882413.782550, 489237.200000 5882413.782550, 489237.200000 5882410.300000))
3; POLYGON((489273.819656 5882502.669884, 489286.358542 5882502.669884, 489286.358542 5882510.293658, 489273.819656 5882510.293658, 489273.819656 5882502.669884))
3; POLYGON((489267.296606 5882464.242087, 489289.908545 5882464.242087, 489289.908545 5882482.323953, 489267.296606 5882482.323953, 489267.296606 5882464.242087))
