3; POLYGON((488988.123547 5882380.051724, 489010.589038 5882380.051724, 489010.589038 5882401.200838, 488988.123547 5882401.200838, 488988.123547 5882380.051724))
3; POLYGON((488947.487738 5882390.663039, 488960.658914 5882390.663039, 488960.658914 5882401.894740, 488947.487738 5882401.894740, 488947.487738 5882390.663039))
3; POLYGON((488937.203648 5882335.470630, 488948.917667 5882335.470630, 488948.917667 5882374.331039, 488937.203648 5882374.331039, 488937.203648 5882335.470630))
3; POLYGON((488982.970251 5882313.449359, 489000.046741 5882313.449359, 489000.046741 5882336.138843, 488982.970251 5882336.138843, 488982.970251 5882313.449359))
3; POLYGON((489008.415674 5882310.300000, 489036.325140 5882310.300000, 489036.325140 5882337.279810, 489008.415674 5882337.279810, 489008.415674 5882310.300000))
3; POLYGON((488959.320155 5882397.765478, 488985.365054 5882397.765478, 488985.365054 5882410.286605, 488959.320155 5882410.286605, 488959.320155 5882397.765478))
3; POLYGON((489010.624463 5882369.347647, 489028.401758 5882369.347647, 489028.401758 5882386.405934, 489010.624463 5882386.405934, 489010.624463 5882369.347647))
3; POLYGON((488937.200000 5882323.155847, 488948.936140 5882323.155847, 488948.936140 5882374.258432, 488937.200000 5882374.258432, 488937.200000 5882323.155847))
3; POLYGON((488937.217175 5882317.784747, 488948.918534 5882317.784747, 488948.918534 5882374.141327, 488937.217175 5882374.141327, 488937.217175 5882317.784747))
4; POLYGON((489022.157343 5882342.108539, 489034.015662 5882342.108539, 489034.015662 5882355.885187, 489022.157343 5882355.885187, 489022.157343 5882342.108539))
