3; POLYGON((491551.657483 5880676.307336, 491560.292786 5880676.307336, 491560.292786 5880684.355441, 491551.657483 5880684.355441, 491551.657483 5880676.307336))
3; POLYGON((491556.932388 5880694.019005, 491564.252301 5880694.019005, 491564.252301 5880700.776791, 491556.932388 5880700.776791, 491556.932388 5880694.019005))
4; POLYGON((491575.009882 5880636.402966, 491582.948029 5880636.402966, 491582.948029 5880644.125220, 491575.009882 5880644.125220, 491575.009882 5880636.402966))
4; POLYGON((491555.570842 5880662.217908, 491563.859607 5880662.217908, 491563.859607 5880669.980637, 491555.570842 5880669.980637, 491555.570842 5880662.217908))
3; POLYGON((491542.905696 5880686.965770, 491553.519060 5880686.965770, 491553.519060 5880696.703339, 491542.905696 5880696.703339, 491542.905696 5880686.965770))
3; POLYGON((491564.412576 5880681.639456, 491571.953946 5880681.639456, 491571.953946 5880688.216907, 491564.412576 5880688.216907, 491564.412576 5880681.639456))
3; POLYGON((491575.955945 5880673.377393, 491584.206265 5880673.377393, 491584.206265 5880681.124792, 491575.955945 5880681.124792, 491575.955945 5880673.377393))
3; POLYGON((491555.537288 5880662.219772, 491563.866006 5880662.219772, 491563.866006 5880669.993912, 491555.537288 5880669.993912, 491555.537288 5880662.219772))
4; POLYGON((491541.483070 5880620.068280, 491549.785152 5880620.068280, 491549.785152 5880628.235944, 491541.483070 5880628.235944, 491541.483070 5880620.068280))
4; POLYGON((491555.404741 5880628.771490, 491562.782587 5880628.771490, 491562.782587 5880635.933441, 491555.404741 5880635.933441, 491555.404741 5880628.771490))
4; POLYGON((491610.127356 5880621.387946, 491618.128040 5880621.387946, 491618.128040 5880629.753424, 491610.127356 5880629.753424, 491610.127356 5880621.387946))
3; POLYGON((491631.981128 5880704.885861, 491637.200000 5880704.885861, 491637.200000 5880710.300000, 491631.981128 5880710.300000, 491631.981128 5880704.885861))
3; POLYGON((491542.931180 5880686.960640, 491555.883189 5880686.960640, 491555.883189 5880697.606506, 491542.931180 5880697.606506, 491542.931180 5880686.960640))
4; POLYGON((491566.477127 5880652.849841, 491574.552975 5880652.849841, 491574.552975 5880659.855029, 491566.477127 5880659.855029, 491566.477127 5880652.849841))
4; POLYGON((491575.970691 5880673.470547, 491584.187393 5880673.470547, 491584.187393 5880681.216672, 491575.970691 5880681.216672, 491575.970691 5880673.470547))
4; POLYGON((491565.572153 5880661.050925, 491570.598981 5880661.050925, 491570.598981 5880666.602811, 491565.572153 5880666.602811, 491565.572153 5880661.050925))
4; POLYGON((491604.442249 5880653.186920, 491612.334430 5880653.186920, 491612.334430 5880661.244217, 491604.442249 5880661.244217, 491604.442249 5880653.186920))
4; POLYGON((491621.344556 5880698.199838, 491628.533722 5880698.199838, 491628.533722 5880705.468304, 491621.344556 5880705.468304, 491621.344556 5880698.199838))
4; POLYGON((491564.970676 5880630.280658, 491571.724097 5880630.280658, 491571.724097 5880637.734668, 491564.970676 5880637.734668, 491564.970676 5880630.280658))
4; POLYGON((491587.123660 5880637.589563, 491594.409314 5880637.589563, 491594.409314 5880643.907526, 491587.123660 5880643.907526, 491587.123660 5880637.589563))
4; POLYGON((491594.891858 5880649.585913, 491604.191064 5880649.585913, 491604.191064 5880657.446014, 491594.891858 5880657.446014, 491594.891858 5880649.585913))
4; POLYGON((491547.666539 5880708.210476, 491553.785910 5880708.210476, 491553.785910 5880710.292935, 491547.666539 5880710.292935, 491547.666539 5880708.210476))
4; POLYGON((491632.834491 5880636.615601, 491637.200000 5880636.615601, 491637.200000 5880644.129291, 491632.834491 5880644.129291, 491632.834491 5880636.615601))
4; POLYGON((491616.406079 5880662.742865, 491624.518939 5880662.742865, 491624.518939 5880669.988165, 491616.406079 5880669.988165, 491616.406079 5880662.742865))
4; POLYGON((491613.726483 5880708.741145, 491621.299310 5880708.741145, 491621.299310 5880710.292461, 491613.726483 5880710.292461, 491613.726483 5880708.741145))
4; POLYGON((491578.018063 5880653.748242, 491586.203223 5880653.748242, 491586.203223 5880661.436801, 491578.018063 5880661.436801, 491578.018063 5880653.748242))
