4; POLYGON((490641.230600 5880351.258362, 490681.842773 5880351.258362, 490681.842773 5880374.187302, 490641.230600 5880374.187302, 490641.230600 5880351.258362))
4; POLYGON((490642.309995 5880310.334637, 490737.104034 5880310.334637, 490737.104034 5880353.076263, 490642.309995 5880353.076263, 490642.309995 5880310.334637))
1; POLYGON((490677.652585 5880366.373740, 490737.200000 5880366.373740, 490737.200000 5880410.284550, 490677.652585 5880410.284550, 490677.652585 5880366.373740))
4; POLYGON((490677.424954 5880361.931348, 490737.200000 5880361.931348, 490737.200000 5880410.297270, 490677.424954 5880410.297270, 490677.424954 5880361.931348))
1; POLYGON((490637.208022 5880346.906689, 490640.671291 5880346.906689, 490640.671291 5880365.479260, 490637.208022 5880365.479260, 490637.208022 5880346.906689))
1; POLYGON((490662.689459 5880399.967657, 490684.153748 5880399.967657, 490684.153748 5880410.300000, 490662.689459 5880410.300000, 490662.689459 5880399.967657))
1; POLYGON((490637.201068 5880345.069598, 490640.889582 5880345.069598, 490640.889582 5880365.695200, 490637.201068 5880365.695200, 490637.201068 5880345.069598))
1; POLYGON((490637.206108 5880342.392084, 490640.649044 5880342.392084, 490640.649044 5880366.375684, 490637.206108 5880366.375684, 490637.206108 5880342.392084))
1; POLYGON((490637.200435 5880348.201740, 490640.816439 5880348.201740, 490640.816439 5880365.705383, 490637.200435 5880365.705383, 490637.200435 5880348.201740))
4; POLYGON((490637.256728 5880346.500629, 490646.838194 5880346.500629, 490646.838194 5880352.024011, 490637.256728 5880352.024011, 490637.256728 5880346.500629))
