3; POLYGON((488684.145224 5881965.787308, 488727.062714 5881965.787308, 488727.062714 5881998.375488, 488684.145224 5881998.375488, 488684.145224 5881965.787308))
3; POLYGON((488637.208000 5881957.340747, 488645.638310 5881957.340747, 488645.638310 5881978.688171, 488637.208000 5881978.688171, 488637.208000 5881957.340747))
3; POLYGON((488641.058638 5881932.390143, 488696.383221 5881932.390143, 488696.383221 5881970.754410, 488641.058638 5881970.754410, 488641.058638 5881932.390143))
3; POLYGON((488637.200000 5881983.268585, 488688.578094 5881983.268585, 488688.578094 5882010.300000, 488637.200000 5882010.300000, 488637.200000 5881983.268585))
3; POLYGON((488726.205823 5881913.101996, 488737.200000 5881913.101996, 488737.200000 5881933.201410, 488726.205823 5881933.201410, 488726.205823 5881913.101996))
3; POLYGON((488716.748560 5881985.160143, 488737.200000 5881985.160143, 488737.200000 5882010.300000, 488716.748560 5882010.300000, 488716.748560 5881985.160143))
3; POLYGON((488693.596375 5881925.803363, 488710.425793 5881925.803363, 488710.425793 5881944.924213, 488693.596375 5881944.924213, 488693.596375 5881925.803363))
3; POLYGON((488697.457263 5881965.793716, 488726.790649 5881965.793716, 488726.790649 5881990.244923, 488697.457263 5881990.244923, 488697.457263 5881965.793716))
3; POLYGON((488637.220599 5881957.071912, 488645.712444 5881957.071912, 488645.712444 5881984.449509, 488637.220599 5881984.449509, 488637.220599 5881957.071912))
3; POLYGON((488637.200000 5881987.142929, 488678.473752 5881987.142929, 488678.473752 5882010.300000, 488637.200000 5882010.300000, 488637.200000 5881987.142929))
