3; POLYGON((489396.108405 5880520.988892, 489422.838263 5880520.988892, 489422.838263 5880569.775626, 489396.108405 5880569.775626, 489396.108405 5880520.988892))
2; POLYGON((489415.291071 5880522.760834, 489422.285565 5880522.760834, 489422.285565 5880528.657379, 489415.291071 5880528.657379, 489415.291071 5880522.760834))
3; POLYGON((489337.204860 5880534.824719, 489340.343169 5880534.824719, 489340.343169 5880567.739880, 489337.204860 5880567.739880, 489337.204860 5880534.824719))
3; POLYGON((489337.207799 5880531.726636, 489340.384479 5880531.726636, 489340.384479 5880567.559216, 489337.207799 5880567.559216, 489337.207799 5880531.726636))
3; POLYGON((489337.215520 5880527.698718, 489340.441286 5880527.698718, 489340.441286 5880567.632172, 489337.215520 5880567.632172, 489337.215520 5880527.698718))
4; POLYGON((489337.200000 5880565.243637, 489343.462285 5880565.243637, 489343.462285 5880582.694617, 489337.200000 5880582.694617, 489337.200000 5880565.243637))
3; POLYGON((489337.204186 5880539.783539, 489340.318800 5880539.783539, 489340.318800 5880567.890491, 489337.204186 5880567.890491, 489337.204186 5880539.783539))
3; POLYGON((489337.219579 5880524.131287, 489340.541863 5880524.131287, 489340.541863 5880567.663037, 489337.219579 5880567.663037, 489337.219579 5880524.131287))
4; POLYGON((489391.794562 5880510.300000, 489411.024390 5880510.300000, 489411.024390 5880513.634241, 489391.794562 5880513.634241, 489391.794562 5880510.300000))
3; POLYGON((489337.200000 5880538.496985, 489340.605660 5880538.496985, 489340.605660 5880568.067276, 489337.200000 5880568.067276, 489337.200000 5880538.496985))
3; POLYGON((489337.205189 5880544.126239, 489340.348989 5880544.126239, 489340.348989 5880567.421539, 489337.205189 5880567.421539, 489337.205189 5880544.126239))
3; POLYGON((489337.215322 5880521.087280, 489340.687933 5880521.087280, 489340.687933 5880567.799124, 489337.215322 5880567.799124, 489337.215322 5880521.087280))
3; POLYGON((489337.206745 5880547.031128, 489340.339419 5880547.031128, 489340.339419 5880567.556488, 489337.206745 5880567.556488, 489337.206745 5880547.031128))
