4; POLYGON((490737.336715 5880438.747784, 490757.552097 5880438.747784, 490757.552097 5880461.951202, 490737.336715 5880461.951202, 490737.336715 5880438.747784))
2; POLYGON((490782.466534 5880410.313037, 490803.352545 5880410.313037, 490803.352545 5880420.748712, 490782.466534 5880420.748712, 490782.466534 5880410.313037))
4; POLYGON((490737.224447 5880441.589532, 490743.421244 5880441.589532, 490743.421244 5880470.616254, 490737.224447 5880470.616254, 490737.224447 5880441.589532))
4; POLYGON((490817.604303 5880410.300000, 490836.952777 5880410.300000, 490836.952777 5880418.068146, 490817.604303 5880418.068146, 490817.604303 5880410.300000))
4; POLYGON((490737.635102 5880410.306696, 490836.550574 5880410.306696, 490836.550574 5880428.846716, 490737.635102 5880428.846716, 490737.635102 5880410.306696))
4; POLYGON((490737.205483 5880448.457941, 490743.266385 5880448.457941, 490743.266385 5880470.537717, 490737.205483 5880470.537717, 490737.205483 5880448.457941))
1; POLYGON((490737.395718 5880410.300000, 490835.986816 5880410.300000, 490835.986816 5880429.130652, 490737.395718 5880429.130652, 490737.395718 5880410.300000))
4; POLYGON((490737.206419 5880451.619568, 490743.319534 5880451.619568, 490743.319534 5880471.750500, 490737.206419 5880471.750500, 490737.206419 5880451.619568))
4; POLYGON((490737.205845 5880450.544763, 490743.302518 5880450.544763, 490743.302518 5880470.692645, 490737.205845 5880470.692645, 490737.205845 5880450.544763))
4; POLYGON((490737.210530 5880443.396283, 490743.308878 5880443.396283, 490743.308878 5880476.162897, 490737.210530 5880476.162897, 490737.210530 5880443.396283))
4; POLYGON((490737.200000 5880452.138104, 490743.431907 5880452.138104, 490743.431907 5880470.160751, 490737.200000 5880470.160751, 490737.200000 5880452.138104))
4; POLYGON((490737.221330 5880440.323669, 490743.809184 5880440.323669, 490743.809184 5880470.099655, 490737.221330 5880470.099655, 490737.221330 5880440.323669))
