3; POLYGON((488840.385641 5880516.257477, 488932.462903 5880516.257477, 488932.462903 5880545.309601, 488840.385641 5880545.309601, 488840.385641 5880516.257477))
3; POLYGON((488891.850464 5880579.508444, 488903.514307 5880579.508444, 488903.514307 5880592.235878, 488891.850464 5880592.235878, 488891.850464 5880579.508444))
3; POLYGON((488905.573297 5880553.657404, 488937.200000 5880553.657404, 488937.200000 5880574.541150, 488905.573297 5880574.541150, 488905.573297 5880553.657404))
3; POLYGON((488888.714954 5880542.006506, 488910.616394 5880542.006506, 488910.616394 5880555.234491, 488888.714954 5880555.234491, 488888.714954 5880542.006506))
3; POLYGON((488859.144576 5880563.931277, 488899.468109 5880563.931277, 488899.468109 5880581.300430, 488859.144576 5880581.300430, 488859.144576 5880563.931277))
3; POLYGON((488891.061963 5880595.964905, 488903.078253 5880595.964905, 488903.078253 5880610.300000, 488891.061963 5880610.300000, 488891.061963 5880595.964905))
3; POLYGON((488837.205807 5880576.139258, 488842.062968 5880576.139258, 488842.062968 5880601.572044, 488837.205807 5880601.572044, 488837.205807 5880576.139258))
3; POLYGON((488846.567797 5880573.046317, 488857.935170 5880573.046317, 488857.935170 5880610.300000, 488846.567797 5880610.300000, 488846.567797 5880573.046317))
3; POLYGON((488846.251370 5880563.930902, 488900.394067 5880563.930902, 488900.394067 5880610.300000, 488846.251370 5880610.300000, 488846.251370 5880563.930902))
3; POLYGON((488909.976300 5880581.925122, 488919.996320 5880581.925122, 488919.996320 5880606.472358, 488909.976300 5880606.472358, 488909.976300 5880581.925122))
3; POLYGON((488856.345332 5880546.563702, 488884.304211 5880546.563702, 488884.304211 5880562.600452, 488856.345332 5880562.600452, 488856.345332 5880546.563702))
3; POLYGON((488876.448917 5880547.688049, 488884.395502 5880547.688049, 488884.395502 5880557.996454, 488876.448917 5880557.996454, 488876.448917 5880547.688049))
3; POLYGON((488837.235615 5880550.420630, 488844.718123 5880550.420630, 488844.718123 5880558.296918, 488837.235615 5880558.296918, 488837.235615 5880550.420630))
3; POLYGON((488918.650507 5880553.746875, 488937.200000 5880553.746875, 488937.200000 5880567.942438, 488918.650507 5880567.942438, 488918.650507 5880553.746875))
3; POLYGON((488905.520685 5880558.971686, 488921.357068 5880558.971686, 488921.357068 5880574.626044, 488905.520685 5880574.626044, 488905.520685 5880558.971686))
