4; POLYGON((490237.200000 5880798.940469, 490261.061526 5880798.940469, 490261.061526 5880810.300000, 490237.200000 5880810.300000, 490237.200000 5880798.940469))
4; POLYGON((490288.029718 5880710.300000, 490336.608765 5880710.300000, 490336.608765 5880750.846490, 490288.029718 5880750.846490, 490288.029718 5880710.300000))
4; POLYGON((490329.077704 5880774.771979, 490337.200000 5880774.771979, 490337.200000 5880790.691949, 490329.077704 5880790.691949, 490329.077704 5880774.771979))
3; POLYGON((490327.733203 5880715.534802, 490337.200000 5880715.534802, 490337.200000 5880733.055658, 490327.733203 5880733.055658, 490327.733203 5880715.534802))
3; POLYGON((490284.390100 5880733.626508, 490298.878754 5880733.626508, 490298.878754 5880753.377594, 490284.390100 5880753.377594, 490284.390100 5880733.626508))
3; POLYGON((490278.955649 5880715.123572, 490291.671326 5880715.123572, 490291.671326 5880728.647528, 490278.955649 5880728.647528, 490278.955649 5880715.123572))
3; POLYGON((490251.206609 5880808.106988, 490262.942279 5880808.106988, 490262.942279 5880810.300000, 490251.206609 5880810.300000, 490251.206609 5880808.106988))
4; POLYGON((490237.216946 5880738.193475, 490251.141190 5880738.193475, 490251.141190 5880773.739764, 490237.216946 5880773.739764, 490237.216946 5880738.193475))
4; POLYGON((490281.795624 5880726.614301, 490297.127985 5880726.614301, 490297.127985 5880736.282306, 490281.795624 5880736.282306, 490281.795624 5880726.614301))
4; POLYGON((490325.048126 5880735.195770, 490336.622681 5880735.195770, 490336.622681 5880746.492493, 490325.048126 5880746.492493, 490325.048126 5880735.195770))
3; POLYGON((490249.720605 5880808.235555, 490262.938052 5880808.235555, 490262.938052 5880810.295233, 490249.720605 5880810.295233, 490249.720605 5880808.235555))
4; POLYGON((490281.764706 5880726.771912, 490295.809473 5880726.771912, 490295.809473 5880736.267023, 490281.764706 5880736.267023, 490281.764706 5880726.771912))
4; POLYGON((490328.978046 5880774.876428, 490337.200000 5880774.876428, 490337.200000 5880795.251601, 490328.978046 5880795.251601, 490328.978046 5880774.876428))
3; POLYGON((490278.921286 5880715.270154, 490297.236407 5880715.270154, 490297.236407 5880736.375391, 490278.921286 5880736.375391, 490278.921286 5880715.270154))
4; POLYGON((490299.830658 5880710.300000, 490336.599695 5880710.300000, 490336.599695 5880750.629565, 490299.830658 5880750.629565, 490299.830658 5880710.300000))
