3; POLYGON((489098.182574 5881611.353711, 489124.857367 5881611.353711, 489124.857367 5881646.413208, 489098.182574 5881646.413208, 489098.182574 5881611.353711))
3; POLYGON((489068.461383 5881610.300000, 489092.137921 5881610.300000, 489092.137921 5881627.550159, 489068.461383 5881627.550159, 489068.461383 5881610.300000))
3; POLYGON((489037.223058 5881677.496298, 489065.530066 5881677.496298, 489065.530066 5881698.139038, 489037.223058 5881698.139038, 489037.223058 5881677.496298))
3; POLYGON((489128.095850 5881632.388220, 489137.200000 5881632.388220, 489137.200000 5881664.745819, 489128.095850 5881664.745819, 489128.095850 5881632.388220))
3; POLYGON((489128.092670 5881628.246094, 489137.200000 5881628.246094, 489137.200000 5881664.775845, 489128.092670 5881664.775845, 489128.092670 5881628.246094))
3; POLYGON((489128.091095 5881635.691705, 489137.200000 5881635.691705, 489137.200000 5881664.718698, 489128.091095 5881664.718698, 489128.091095 5881635.691705))
3; POLYGON((489128.061316 5881623.279083, 489137.200000 5881623.279083, 489137.200000 5881664.796112, 489128.061316 5881664.796112, 489128.061316 5881623.279083))
3; POLYGON((489037.208958 5881610.300000, 489047.740799 5881610.300000, 489047.740799 5881629.497681, 489037.208958 5881629.497681, 489037.208958 5881610.300000))
3; POLYGON((489037.201128 5881610.300000, 489048.750658 5881610.300000, 489048.750658 5881627.115515, 489037.201128 5881627.115515, 489037.201128 5881610.300000))
3; POLYGON((489037.209026 5881610.300000, 489047.300852 5881610.300000, 489047.300852 5881631.289563, 489037.209026 5881631.289563, 489037.209026 5881610.300000))
3; POLYGON((489037.200000 5881610.300000, 489047.079881 5881610.300000, 489047.079881 5881625.840936, 489037.200000 5881625.840936, 489037.200000 5881610.300000))
3; POLYGON((489128.002960 5881617.768781, 489137.200000 5881617.768781, 489137.200000 5881664.857816, 489128.002960 5881664.857816, 489128.002960 5881617.768781))
3; POLYGON((489037.200000 5881610.300000, 489047.641461 5881610.300000, 489047.641461 5881624.682977, 489037.200000 5881624.682977, 489037.200000 5881610.300000))
4; POLYGON((489040.831267 5881635.492157, 489081.413547 5881635.492157, 489081.413547 5881659.354495, 489040.831267 5881659.354495, 489040.831267 5881635.492157))
3; POLYGON((489037.207693 5881610.300000, 489050.732327 5881610.300000, 489050.732327 5881626.223090, 489037.207693 5881626.223090, 489037.207693 5881610.300000))
4; POLYGON((489046.547099 5881623.647296, 489073.955844 5881623.647296, 489073.955844 5881637.468634, 489046.547099 5881637.468634, 489046.547099 5881623.647296))
3; POLYGON((489037.209590 5881610.300000, 489047.176257 5881610.300000, 489047.176257 5881633.717230, 489037.209590 5881633.717230, 489037.209590 5881610.300000))
3; POLYGON((489127.917224 5881612.553143, 489137.200000 5881612.553143, 489137.200000 5881664.828287, 489127.917224 5881664.828287, 489127.917224 5881612.553143))
3; POLYGON((489037.215288 5881610.302972, 489047.963642 5881610.302972, 489047.963642 5881632.956909, 489037.215288 5881632.956909, 489037.215288 5881610.302972))
3; POLYGON((489037.200000 5881610.300000, 489052.941872 5881610.300000, 489052.941872 5881626.336316, 489037.200000 5881626.336316, 489037.200000 5881610.300000))
3; POLYGON((489037.200000 5881610.300000, 489053.431369 5881610.300000, 489053.431369 5881629.026868, 489037.200000 5881629.026868, 489037.200000 5881610.300000))
