3; POLYGON((491479.715991 5882210.300000, 491510.957617 5882210.300000, 491510.957617 5882224.073651, 491479.715991 5882224.073651, 491479.715991 5882210.300000))
3; POLYGON((491437.200861 5882281.800281, 491453.597520 5882281.800281, 491453.597520 5882303.222956, 491437.200861 5882303.222956, 491437.200861 5882281.800281))
3; POLYGON((491439.983185 5882237.634540, 491461.937062 5882237.634540, 491461.937062 5882257.690381, 491439.983185 5882257.690381, 491439.983185 5882237.634540))
3; POLYGON((491489.977466 5882250.301056, 491510.909589 5882250.301056, 491510.909589 5882263.842526, 491489.977466 5882263.842526, 491489.977466 5882250.301056))
3; POLYGON((491525.285846 5882210.354901, 491537.200000 5882210.354901, 491537.200000 5882227.735901, 491525.285846 5882227.735901, 491525.285846 5882210.354901))
3; POLYGON((491439.986848 5882237.650262, 491461.414275 5882237.650262, 491461.414275 5882251.168402, 491439.986848 5882251.168402, 491439.986848 5882237.650262))
3; POLYGON((491535.257440 5882213.036066, 491537.200000 5882213.036066, 491537.200000 5882227.341205, 491535.257440 5882227.341205, 491535.257440 5882213.036066))
0; POLYGON((491437.219547 5882285.806340, 491444.874412 5882285.806340, 491444.874412 5882294.324365, 491437.219547 5882294.324365, 491437.219547 5882285.806340))
3; POLYGON((491535.058423 5882214.196063, 491537.179633 5882214.196063, 491537.179633 5882227.185443, 491535.058423 5882227.185443, 491535.058423 5882214.196063))
0; POLYGON((491437.219312 5882283.726675, 491444.950793 5882283.726675, 491444.950793 5882294.115877, 491437.219312 5882294.115877, 491437.219312 5882283.726675))
3; POLYGON((491535.084375 5882213.362848, 491537.200000 5882213.362848, 491537.200000 5882227.416602, 491535.084375 5882227.416602, 491535.084375 5882213.362848))
0; POLYGON((491437.210483 5882283.384720, 491444.576508 5882283.384720, 491444.576508 5882293.712482, 491437.210483 5882293.712482, 491437.210483 5882283.384720))
3; POLYGON((491529.048193 5882211.221564, 491537.179950 5882211.221564, 491537.179950 5882227.493201, 491529.048193 5882227.493201, 491529.048193 5882211.221564))
4; POLYGON((491509.967316 5882254.380988, 491516.723871 5882254.380988, 491516.723871 5882263.891660, 491509.967316 5882263.891660, 491509.967316 5882254.380988))
4; POLYGON((491509.605145 5882254.511060, 491516.339301 5882254.511060, 491516.339301 5882263.857303, 491509.605145 5882263.857303, 491509.605145 5882254.511060))
0; POLYGON((491437.209471 5882283.260629, 491444.222211 5882283.260629, 491444.222211 5882293.159476, 491437.209471 5882293.159476, 491437.209471 5882283.260629))
0; POLYGON((491437.300633 5882286.479358, 491445.176146 5882286.479358, 491445.176146 5882294.394887, 491437.300633 5882294.394887, 491437.300633 5882286.479358))
