4; POLYGON((490013.986908 5881010.300000, 490037.200000 5881010.300000, 490037.200000 5881034.574640, 490013.986908 5881034.574640, 490013.986908 5881010.300000))
4; POLYGON((489968.268155 5881047.646887, 490037.200000 5881047.646887, 490037.200000 5881100.424172, 489968.268155 5881100.424172, 489968.268155 5881047.646887))
3; POLYGON((489937.200000 5881010.300000, 489966.045935 5881010.300000, 489966.045935 5881028.246057, 489937.200000 5881028.246057, 489937.200000 5881010.300000))
4; POLYGON((489942.271628 5881031.968726, 489966.152396 5881031.968726, 489966.152396 5881069.373877, 489942.271628 5881069.373877, 489942.271628 5881031.968726))
3; POLYGON((489937.200000 5881010.300000, 489969.156778 5881010.300000, 489969.156778 5881028.093146, 489937.200000 5881028.093146, 489937.200000 5881010.300000))
4; POLYGON((489974.883804 5881079.705850, 490016.037189 5881079.705850, 490016.037189 5881102.237823, 489974.883804 5881102.237823, 489974.883804 5881079.705850))
4; POLYGON((489974.962854 5881079.718732, 489994.967804 5881079.718732, 489994.967804 5881094.062096, 489974.962854 5881094.062096, 489974.962854 5881079.718732))
3; POLYGON((489959.336339 5881089.133809, 489986.087753 5881089.133809, 489986.087753 5881110.300000, 489959.336339 5881110.300000, 489959.336339 5881089.133809))
3; POLYGON((489937.570666 5881079.226804, 489961.973552 5881079.226804, 489961.973552 5881101.740847, 489937.570666 5881101.740847, 489937.570666 5881079.226804))
4; POLYGON((489967.973007 5881047.799298, 490026.439319 5881047.799298, 490026.439319 5881089.335629, 489967.973007 5881089.335629, 489967.973007 5881047.799298))
3; POLYGON((489937.235930 5881010.300000, 489978.815686 5881010.300000, 489978.815686 5881028.349652, 489937.235930 5881028.349652, 489937.235930 5881010.300000))
4; POLYGON((490001.190588 5881089.467084, 490015.463348 5881089.467084, 490015.463348 5881101.924636, 490001.190588 5881101.924636, 490001.190588 5881089.467084))
