3; POLYGON((489874.234103 5881720.195996, 489904.257056 5881720.195996, 489904.257056 5881735.472260, 489874.234103 5881735.472260, 489874.234103 5881720.195996))
3; POLYGON((489875.928329 5881786.903534, 489888.977014 5881786.903534, 489888.977014 5881810.300000, 489875.928329 5881810.300000, 489875.928329 5881786.903534))
4; POLYGON((489857.004005 5881718.367352, 489869.558347 5881718.367352, 489869.558347 5881735.630145, 489857.004005 5881735.630145, 489857.004005 5881718.367352))
3; POLYGON((489837.204107 5881717.161786, 489852.380382 5881717.161786, 489852.380382 5881735.480859, 489837.204107 5881735.480859, 489837.204107 5881717.161786))
3; POLYGON((489850.461842 5881792.808812, 489865.521204 5881792.808812, 489865.521204 5881809.689765, 489850.461842 5881809.689765, 489850.461842 5881792.808812))
2; POLYGON((489913.912781 5881710.300000, 489937.200000 5881710.300000, 489937.200000 5881734.495044, 489913.912781 5881734.495044, 489913.912781 5881710.300000))
3; POLYGON((489850.404128 5881796.509148, 489865.523688 5881796.509148, 489865.523688 5881809.485430, 489850.404128 5881809.485430, 489850.404128 5881796.509148))
2; POLYGON((489858.748927 5881711.964166, 489871.903778 5881711.964166, 489871.903778 5881719.065295, 489858.748927 5881719.065295, 489858.748927 5881711.964166))
2; POLYGON((489915.741510 5881722.281995, 489937.200000 5881722.281995, 489937.200000 5881734.625732, 489915.741510 5881734.625732, 489915.741510 5881722.281995))
3; POLYGON((489906.313965 5881787.626945, 489921.974158 5881787.626945, 489921.974158 5881806.866853, 489906.313965 5881806.866853, 489906.313965 5881787.626945))
