3; POLYGON((488737.211772 5882467.791556, 488755.095293 5882467.791556, 488755.095293 5882493.121823, 488737.211772 5882493.121823, 488737.211772 5882467.791556))
3; POLYGON((488740.366241 5882495.795102, 488760.205040 5882495.795102, 488760.205040 5882510.300000, 488740.366241 5882510.300000, 488740.366241 5882495.795102))
3; POLYGON((488772.801328 5882447.934399, 488788.360822 5882447.934399, 488788.360822 5882464.496405, 488772.801328 5882464.496405, 488772.801328 5882447.934399))
3; POLYGON((488795.147858 5882505.603979, 488809.972498 5882505.603979, 488809.972498 5882510.291611, 488795.147858 5882510.291611, 488795.147858 5882505.603979))
2; POLYGON((488762.743562 5882457.622565, 488778.060324 5882457.622565, 488778.060324 5882472.434399, 488762.743562 5882472.434399, 488762.743562 5882457.622565))
3; POLYGON((488827.638647 5882485.030621, 488837.200000 5882485.030621, 488837.200000 5882500.379561, 488827.638647 5882500.379561, 488827.638647 5882485.030621))
3; POLYGON((488811.280115 5882492.280765, 488828.201086 5882492.280765, 488828.201086 5882510.159695, 488811.280115 5882510.159695, 488811.280115 5882492.280765))
3; POLYGON((488785.116541 5882414.301147, 488837.200000 5882414.301147, 488837.200000 5882458.971222, 488785.116541 5882458.971222, 488785.116541 5882414.301147))
3; POLYGON((488755.117853 5882462.339059, 488763.427545 5882462.339059, 488763.427545 5882473.723950, 488755.117853 5882473.723950, 488755.117853 5882462.339059))
3; POLYGON((488767.532678 5882410.300000, 488816.888464 5882410.300000, 488816.888464 5882427.015399, 488767.532678 5882427.015399, 488767.532678 5882410.300000))
3; POLYGON((488757.566774 5882410.300006, 488816.080664 5882410.300006, 488816.080664 5882429.192151, 488757.566774 5882429.192151, 488757.566774 5882410.300006))
