3; POLYGON((488374.508679 5880622.274591, 488437.200000 5880622.274591, 488437.200000 5880652.213678, 488374.508679 5880652.213678, 488374.508679 5880622.274591))
3; POLYGON((488337.200000 5880638.388751, 488368.317700 5880638.388751, 488368.317700 5880662.842508, 488337.200000 5880662.842508, 488337.200000 5880638.388751))
3; POLYGON((488356.197220 5880668.537387, 488379.751224 5880668.537387, 488379.751224 5880710.300000, 488356.197220 5880710.300000, 488356.197220 5880668.537387))
3; POLYGON((488337.204891 5880674.244879, 488351.826234 5880674.244879, 488351.826234 5880710.278721, 488337.204891 5880710.278721, 488337.204891 5880674.244879))
3; POLYGON((488384.205710 5880663.297836, 488410.508466 5880663.297836, 488410.508466 5880710.291101, 488384.205710 5880710.291101, 488384.205710 5880663.297836))
4; POLYGON((488360.803035 5880659.215735, 488371.181671 5880659.215735, 488371.181671 5880670.352707, 488360.803035 5880670.352707, 488360.803035 5880659.215735))
4; POLYGON((488361.693802 5880659.239792, 488371.230530 5880659.239792, 488371.230530 5880670.123093, 488361.693802 5880670.123093, 488361.693802 5880659.239792))
4; POLYGON((488433.266327 5880648.874652, 488437.200000 5880648.874652, 488437.200000 5880658.856079, 488433.266327 5880658.856079, 488433.266327 5880648.874652))
4; POLYGON((488359.283907 5880659.200089, 488371.110654 5880659.200089, 488371.110654 5880670.718042, 488359.283907 5880670.718042, 488359.283907 5880659.200089))
3; POLYGON((488337.215998 5880610.305524, 488361.361884 5880610.305524, 488361.361884 5880621.004895, 488337.215998 5880621.004895, 488337.215998 5880610.305524))
