3; POLYGON((489811.738879 5881081.441507, 489837.200000 5881081.441507, 489837.200000 5881110.300000, 489811.738879 5881110.300000, 489811.738879 5881081.441507))
3; POLYGON((489774.634814 5881045.377087, 489812.074933 5881045.377087, 489812.074933 5881078.135965, 489774.634814 5881078.135965, 489774.634814 5881045.377087))
3; POLYGON((489786.826520 5881081.733737, 489799.929608 5881081.733737, 489799.929608 5881093.057391, 489786.826520 5881093.057391, 489786.826520 5881081.733737))
3; POLYGON((489789.432812 5881010.303882, 489837.177570 5881010.303882, 489837.177570 5881042.026910, 489789.432812 5881042.026910, 489789.432812 5881010.303882))
3; POLYGON((489737.203225 5881086.854881, 489748.896522 5881086.854881, 489748.896522 5881102.522462, 489737.203225 5881102.522462, 489737.203225 5881086.854881))
3; POLYGON((489737.229215 5881019.551776, 489760.808105 5881019.551776, 489760.808105 5881044.607141, 489737.229215 5881044.607141, 489737.229215 5881019.551776))
3; POLYGON((489749.761913 5881097.358879, 489767.652078 5881097.358879, 489767.652078 5881110.294284, 489749.761913 5881110.294284, 489749.761913 5881097.358879))
3; POLYGON((489770.319040 5881010.300000, 489789.333405 5881010.300000, 489789.333405 5881013.544788, 489770.319040 5881013.544788, 489770.319040 5881010.300000))
3; POLYGON((489769.109576 5881010.300000, 489789.006287 5881010.300000, 489789.006287 5881013.684918, 489769.109576 5881013.684918, 489769.109576 5881010.300000))
3; POLYGON((489772.350867 5881010.300000, 489790.033508 5881010.300000, 489790.033508 5881013.452649, 489772.350867 5881013.452649, 489772.350867 5881010.300000))
3; POLYGON((489767.467575 5881108.194498, 489780.781238 5881108.194498, 489780.781238 5881110.294222, 489767.467575 5881110.294222, 489767.467575 5881108.194498))
3; POLYGON((489737.220920 5881082.664557, 489748.904305 5881082.664557, 489748.904305 5881102.418586, 489737.220920 5881102.418586, 489737.220920 5881082.664557))
3; POLYGON((489767.088708 5881108.012224, 489780.860367 5881108.012224, 489780.860367 5881110.300000, 489767.088708 5881110.300000, 489767.088708 5881108.012224))
3; POLYGON((489769.526624 5881010.300000, 489789.204980 5881010.300000, 489789.204980 5881013.075793, 489769.526624 5881013.075793, 489769.526624 5881010.300000))
3; POLYGON((489774.645200 5881045.449835, 489803.073657 5881045.449835, 489803.073657 5881067.272681, 489774.645200 5881067.272681, 489774.645200 5881045.449835))
3; POLYGON((489773.649667 5881010.300000, 489789.707019 5881010.300000, 489789.707019 5881013.507605, 489773.649667 5881013.507605, 489773.649667 5881010.300000))
3; POLYGON((489780.699527 5881107.227217, 489790.387939 5881107.227217, 489790.387939 5881110.293360, 489780.699527 5881110.293360, 489780.699527 5881107.227217))
3; POLYGON((489780.031329 5881107.309948, 489790.235956 5881107.309948, 489790.235956 5881110.292691, 489780.031329 5881110.292691, 489780.031329 5881107.309948))
3; POLYGON((489767.724442 5881108.151197, 489781.868652 5881108.151197, 489781.868652 5881110.294581, 489767.724442 5881110.294581, 489767.724442 5881108.151197))
3; POLYGON((489766.819971 5881010.300000, 489788.992578 5881010.300000, 489788.992578 5881013.570453, 489766.819971 5881013.570453, 489766.819971 5881010.300000))
