2; POLYGON((491303.014941 5880010.447455, 491337.200000 5880010.447455, 491337.200000 5880043.889545, 491303.014941 5880043.889545, 491303.014941 5880010.447455))
1; POLYGON((491237.237035 5880042.358752, 491270.062558 5880042.358752, 491270.062558 5880078.828964, 491237.237035 5880078.828964, 491237.237035 5880042.358752))
1; POLYGON((491266.302246 5880079.085657, 491285.636609 5880079.085657, 491285.636609 5880099.796602, 491266.302246 5880099.796602, 491266.302246 5880079.085657))
1; POLYGON((491252.815973 5880027.729572, 491285.038007 5880027.729572, 491285.038007 5880064.097174, 491252.815973 5880064.097174, 491252.815973 5880027.729572))
1; POLYGON((491282.161319 5880010.310815, 491337.089691 5880010.310815, 491337.089691 5880063.832358, 491282.161319 5880063.832358, 491282.161319 5880010.310815))
1; POLYGON((491280.705466 5880022.497107, 491312.327917 5880022.497107, 491312.327917 5880059.248853, 491280.705466 5880059.248853, 491280.705466 5880022.497107))
4; POLYGON((491237.208878 5880010.300000, 491251.773439 5880010.300000, 491251.773439 5880027.563177, 491237.208878 5880027.563177, 491237.208878 5880010.300000))
4; POLYGON((491281.701303 5880010.300000, 491337.200000 5880010.300000, 491337.200000 5880064.358984, 491281.701303 5880064.358984, 491281.701303 5880010.300000))
4; POLYGON((491237.200000 5880010.300000, 491251.211993 5880010.300000, 491251.211993 5880024.639056, 491237.200000 5880024.639056, 491237.200000 5880010.300000))
1; POLYGON((491237.203967 5880057.745941, 491273.636432 5880057.745941, 491273.636432 5880110.166158, 491237.203967 5880110.166158, 491237.203967 5880057.745941))
4; POLYGON((491237.202962 5880010.300000, 491252.464012 5880010.300000, 491252.464012 5880026.089453, 491237.202962 5880026.089453, 491237.202962 5880010.300000))
4; POLYGON((491237.208819 5880010.329724, 491252.490205 5880010.329724, 491252.490205 5880032.311414, 491237.208819 5880032.311414, 491237.208819 5880010.329724))
4; POLYGON((491237.211945 5880010.300000, 491251.838004 5880010.300000, 491251.838004 5880033.943311, 491237.211945 5880033.943311, 491237.211945 5880010.300000))
4; POLYGON((491237.200000 5880010.309326, 491255.906117 5880010.309326, 491255.906117 5880031.417694, 491237.200000 5880031.417694, 491237.200000 5880010.309326))
2; POLYGON((491237.206938 5880077.524600, 491243.304245 5880077.524600, 491243.304245 5880094.761833, 491237.206938 5880094.761833, 491237.206938 5880077.524600))
4; POLYGON((491237.200000 5880010.300000, 491257.330617 5880010.300000, 491257.330617 5880025.826025, 491237.200000 5880025.826025, 491237.200000 5880010.300000))
2; POLYGON((491237.207254 5880079.660657, 491243.256420 5880079.660657, 491243.256420 5880094.719931, 491237.207254 5880094.719931, 491237.207254 5880079.660657))
4; POLYGON((491237.203266 5880010.320544, 491251.605844 5880010.320544, 491251.605844 5880036.542249, 491237.203266 5880036.542249, 491237.203266 5880010.320544))
1; POLYGON((491237.200000 5880061.350632, 491271.522629 5880061.350632, 491271.522629 5880110.079743, 491237.200000 5880110.079743, 491237.200000 5880061.350632))
1; POLYGON((491284.656720 5880010.310187, 491336.921039 5880010.310187, 491336.921039 5880044.881927, 491284.656720 5880044.881927, 491284.656720 5880010.310187))
1; POLYGON((491237.200000 5880061.097409, 491275.344202 5880061.097409, 491275.344202 5880110.252784, 491237.200000 5880110.252784, 491237.200000 5880061.097409))
2; POLYGON((491237.206905 5880072.092212, 491243.250765 5880072.092212, 491243.250765 5880094.688660, 491237.206905 5880094.688660, 491237.206905 5880072.092212))
1; POLYGON((491237.200000 5880042.015552, 491284.608328 5880042.015552, 491284.608328 5880110.300000, 491237.200000 5880110.300000, 491237.200000 5880042.015552))
4; POLYGON((491237.200000 5880010.324200, 491255.255751 5880010.324200, 491255.255751 5880036.250397, 491237.200000 5880036.250397, 491237.200000 5880010.324200))
1; POLYGON((491237.200000 5880053.821393, 491285.425204 5880053.821393, 491285.425204 5880110.256590, 491237.200000 5880110.256590, 491237.200000 5880053.821393))
