3; POLYGON((489147.033907 5880821.791602, 489213.388342 5880821.791602, 489213.388342 5880855.044104, 489147.033907 5880855.044104, 489147.033907 5880821.791602))
3; POLYGON((489156.076953 5880857.897461, 489237.200000 5880857.897461, 489237.200000 5880890.642439, 489156.076953 5880890.642439, 489156.076953 5880857.897461))
3; POLYGON((489168.937732 5880888.967905, 489230.368549 5880888.967905, 489230.368549 5880910.223669, 489168.937732 5880910.223669, 489168.937732 5880888.967905))
3; POLYGON((489213.921344 5880810.464478, 489237.200000 5880810.464478, 489237.200000 5880830.650879, 489213.921344 5880830.650879, 489213.921344 5880810.464478))
3; POLYGON((489152.497975 5880904.401331, 489167.078360 5880904.401331, 489167.078360 5880910.293028, 489152.497975 5880910.293028, 489152.497975 5880904.401331))
3; POLYGON((489231.792517 5880884.138986, 489237.200000 5880884.138986, 489237.200000 5880897.411337, 489231.792517 5880897.411337, 489231.792517 5880884.138986))
3; POLYGON((489138.149912 5880908.569885, 489148.962096 5880908.569885, 489148.962096 5880910.294053, 489138.149912 5880910.294053, 489138.149912 5880908.569885))
3; POLYGON((489137.207972 5880846.554517, 489140.698653 5880846.554517, 489140.698653 5880859.496616, 489137.207972 5880859.496616, 489137.207972 5880846.554517))
3; POLYGON((489137.202950 5880845.715643, 489140.877327 5880845.715643, 489140.877327 5880859.816788, 489137.202950 5880859.816788, 489137.202950 5880845.715643))
3; POLYGON((489137.998590 5880908.407116, 489149.297443 5880908.407116, 489149.297443 5880910.292426, 489137.998590 5880910.292426, 489137.998590 5880908.407116))
3; POLYGON((489137.208893 5880844.423700, 489140.852317 5880844.423700, 489140.852317 5880859.545981, 489137.208893 5880859.545981, 489137.208893 5880844.423700))
4; POLYGON((489218.558203 5880836.693738, 489230.969629 5880836.693738, 489230.969629 5880846.202875, 489218.558203 5880846.202875, 489218.558203 5880836.693738))
