4; POLYGON((488910.063989 5881332.884137, 488926.788171 5881332.884137, 488926.788171 5881349.680200, 488910.063989 5881349.680200, 488910.063989 5881332.884137))
4; POLYGON((488878.809952 5881330.312372, 488901.661157 5881330.312372, 488901.661157 5881357.311249, 488878.809952 5881357.311249, 488878.809952 5881330.312372))
3; POLYGON((488853.460732 5881324.392096, 488878.031052 5881324.392096, 488878.031052 5881349.325928, 488853.460732 5881349.325928, 488853.460732 5881324.392096))
3; POLYGON((488905.694434 5881332.882812, 488937.200000 5881332.882812, 488937.200000 5881366.167578, 488905.694434 5881366.167578, 488905.694434 5881332.882812))
3; POLYGON((488837.201672 5881311.769440, 488855.945174 5881311.769440, 488855.945174 5881339.758423, 488837.201672 5881339.758423, 488837.201672 5881311.769440))
3; POLYGON((488905.890472 5881344.336615, 488937.190936 5881344.336615, 488937.190936 5881366.023911, 488905.890472 5881366.023911, 488905.890472 5881344.336615))
4; POLYGON((488930.641217 5881342.484924, 488937.200000 5881342.484924, 488937.200000 5881358.073138, 488930.641217 5881358.073138, 488930.641217 5881342.484924))
2; POLYGON((488887.313101 5881344.321393, 488893.469977 5881344.321393, 488893.469977 5881350.325513, 488887.313101 5881350.325513, 488887.313101 5881344.321393))
2; POLYGON((488887.419403 5881344.190381, 488893.826898 5881344.190381, 488893.826898 5881350.650415, 488887.419403 5881350.650415, 488887.419403 5881344.190381))
2; POLYGON((488887.045398 5881343.815887, 488893.507422 5881343.815887, 488893.507422 5881351.146613, 488887.045398 5881351.146613, 488887.045398 5881343.815887))
3; POLYGON((488905.703040 5881339.780200, 488937.200000 5881339.780200, 488937.200000 5881366.089307, 488905.703040 5881366.089307, 488905.703040 5881339.780200))
