4; POLYGON((488549.863322 5881313.503186, 488571.054959 5881313.503186, 488571.054959 5881357.164618, 488549.863322 5881357.164618, 488549.863322 5881313.503186))
3; POLYGON((488558.713646 5881386.310124, 488582.840622 5881386.310124, 488582.840622 5881408.603589, 488558.713646 5881408.603589, 488558.713646 5881386.310124))
3; POLYGON((488537.757603 5881310.358380, 488553.154205 5881310.358380, 488553.154205 5881326.142395, 488537.757603 5881326.142395, 488537.757603 5881310.358380))
3; POLYGON((488592.647205 5881339.654663, 488637.020190 5881339.654663, 488637.020190 5881378.364612, 488592.647205 5881378.364612, 488592.647205 5881339.654663))
3; POLYGON((488606.482922 5881310.300000, 488637.200000 5881310.300000, 488637.200000 5881322.960950, 488606.482922 5881322.960950, 488606.482922 5881310.300000))
4; POLYGON((488596.483441 5881327.698901, 488604.726599 5881327.698901, 488604.726599 5881336.105585, 488596.483441 5881336.105585, 488596.483441 5881327.698901))
3; POLYGON((488547.799487 5881386.154163, 488582.932520 5881386.154163, 488582.932520 5881409.917361, 488547.799487 5881409.917361, 488547.799487 5881386.154163))
3; POLYGON((488606.250793 5881310.300000, 488637.184155 5881310.300000, 488637.184155 5881328.760052, 488606.250793 5881328.760052, 488606.250793 5881310.300000))
3; POLYGON((488602.738654 5881339.512158, 488636.698065 5881339.512158, 488636.698065 5881370.823761, 488602.738654 5881370.823761, 488602.738654 5881339.512158))
3; POLYGON((488575.972458 5881361.248279, 488604.664014 5881361.248279, 488604.664014 5881387.657088, 488575.972458 5881387.657088, 488575.972458 5881361.248279))
3; POLYGON((488628.325696 5881400.399080, 488637.200000 5881400.399080, 488637.200000 5881410.295042, 488628.325696 5881410.295042, 488628.325696 5881400.399080))
