3; POLYGON((488577.720181 5882010.300000, 488637.181653 5882010.300000, 488637.181653 5882047.563684, 488577.720181 5882047.563684, 488577.720181 5882010.300000))
3; POLYGON((488595.948431 5882047.731396, 488637.200000 5882047.731396, 488637.200000 5882083.919366, 488595.948431 5882083.919366, 488595.948431 5882047.731396))
3; POLYGON((488544.173889 5882070.963397, 488570.549768 5882070.963397, 488570.549768 5882104.850747, 488544.173889 5882104.850747, 488544.173889 5882070.963397))
3; POLYGON((488598.436902 5882084.156165, 488637.200000 5882084.156165, 488637.200000 5882110.300000, 488598.436902 5882110.300000, 488598.436902 5882084.156165))
3; POLYGON((488572.131628 5882072.715857, 488599.187018 5882072.715857, 488599.187018 5882089.367215, 488572.131628 5882089.367215, 488572.131628 5882072.715857))
3; POLYGON((488537.204067 5882010.469543, 488544.112834 5882010.469543, 488544.112834 5882028.662744, 488537.204067 5882028.662744, 488537.204067 5882010.469543))
3; POLYGON((488583.650644 5882074.264978, 488599.059875 5882074.264978, 488599.059875 5882089.436909, 488583.650644 5882089.436909, 488583.650644 5882074.264978))
4; POLYGON((488570.814227 5882055.135571, 488587.432050 5882055.135571, 488587.432050 5882077.595761, 488570.814227 5882077.595761, 488570.814227 5882055.135571))
3; POLYGON((488537.200000 5882045.151544, 488558.406305 5882045.151544, 488558.406305 5882069.629520, 488537.200000 5882069.629520, 488537.200000 5882045.151544))
3; POLYGON((488537.213133 5882010.428308, 488544.126072 5882010.428308, 488544.126072 5882034.641443, 488537.213133 5882034.641443, 488537.213133 5882010.428308))
4; POLYGON((488570.815472 5882055.330084, 488587.432968 5882055.330084, 488587.432968 5882080.114719, 488570.815472 5882080.114719, 488570.815472 5882055.330084))
