3; POLYGON((489540.235715 5880532.081079, 489563.175531 5880532.081079, 489563.175531 5880586.747704, 489540.235715 5880586.747704, 489540.235715 5880532.081079))
3; POLYGON((489612.471472 5880510.300000, 489632.360779 5880510.300000, 489632.360779 5880545.505585, 489612.471472 5880545.505585, 489612.471472 5880510.300000))
3; POLYGON((489586.719223 5880520.005713, 489609.290356 5880520.005713, 489609.290356 5880572.465598, 489586.719223 5880572.465598, 489586.719223 5880520.005713))
3; POLYGON((489627.917224 5880555.275842, 489637.200000 5880555.275842, 489637.200000 5880568.568573, 489627.917224 5880568.568573, 489627.917224 5880555.275842))
3; POLYGON((489576.555551 5880510.300000, 489591.634930 5880510.300000, 489591.634930 5880512.642981, 489576.555551 5880512.642981, 489576.555551 5880510.300000))
3; POLYGON((489576.503510 5880510.300000, 489591.873877 5880510.300000, 489591.873877 5880512.406042, 489576.503510 5880512.406042, 489576.503510 5880510.300000))
3; POLYGON((489537.200000 5880510.300000, 489555.246246 5880510.300000, 489555.246246 5880523.058966, 489537.200000 5880523.058966, 489537.200000 5880510.300000))
3; POLYGON((489610.759503 5880574.628033, 489636.485309 5880574.628033, 489636.485309 5880610.290278, 489610.759503 5880610.290278, 489610.759503 5880574.628033))
3; POLYGON((489576.221060 5880510.300000, 489591.807593 5880510.300000, 489591.807593 5880513.102582, 489576.221060 5880513.102582, 489576.221060 5880510.300000))
3; POLYGON((489577.312106 5880510.300000, 489591.882452 5880510.300000, 489591.882452 5880512.018420, 489577.312106 5880512.018420, 489577.312106 5880510.300000))
