3; POLYGON((490262.411195 5881170.473242, 490278.258435 5881170.473242, 490278.258435 5881210.300000, 490262.411195 5881210.300000, 490262.411195 5881170.473242))
3; POLYGON((490237.200000 5881203.583398, 490248.996830 5881203.583398, 490248.996830 5881210.300000, 490237.200000 5881210.300000, 490237.200000 5881203.583398))
3; POLYGON((490319.658337 5881185.824150, 490330.968854 5881185.824150, 490330.968854 5881193.964365, 490319.658337 5881193.964365, 490319.658337 5881185.824150))
3; POLYGON((490310.460449 5881139.133508, 490332.710541 5881139.133508, 490332.710541 5881151.567322, 490310.460449 5881151.567322, 490310.460449 5881139.133508))
4; POLYGON((490245.582513 5881110.300000, 490266.827209 5881110.300000, 490266.827209 5881122.715546, 490245.582513 5881122.715546, 490245.582513 5881110.300000))
3; POLYGON((490248.170586 5881148.308038, 490270.318533 5881148.308038, 490270.318533 5881169.237088, 490248.170586 5881169.237088, 490248.170586 5881148.308038))
3; POLYGON((490320.623322 5881166.535690, 490333.647797 5881166.535690, 490333.647797 5881182.760980, 490320.623322 5881182.760980, 490320.623322 5881166.535690))
3; POLYGON((490316.243524 5881110.300000, 490325.636743 5881110.300000, 490325.636743 5881111.794641, 490316.243524 5881111.794641, 490316.243524 5881110.300000))
3; POLYGON((490316.140784 5881110.300000, 490325.703790 5881110.300000, 490325.703790 5881112.055756, 490316.140784 5881112.055756, 490316.140784 5881110.300000))
3; POLYGON((490310.723407 5881119.847095, 490321.645972 5881119.847095, 490321.645972 5881131.369934, 490310.723407 5881131.369934, 490310.723407 5881119.847095))
3; POLYGON((490316.391229 5881110.300000, 490325.704761 5881110.300000, 490325.704761 5881111.602380, 490316.391229 5881111.602380, 490316.391229 5881110.300000))
3; POLYGON((490319.108124 5881208.541343, 490330.077551 5881208.541343, 490330.077551 5881210.290933, 490319.108124 5881210.290933, 490319.108124 5881208.541343))
3; POLYGON((490237.208599 5881184.413931, 490245.704855 5881184.413931, 490245.704855 5881197.210832, 490237.208599 5881197.210832, 490237.208599 5881184.413931))
3; POLYGON((490319.160211 5881208.344541, 490329.914343 5881208.344541, 490329.914343 5881210.296332, 490319.160211 5881210.296332, 490319.160211 5881208.344541))
3; POLYGON((490319.572900 5881196.682452, 490331.190704 5881196.682452, 490331.190704 5881205.438447, 490319.572900 5881205.438447, 490319.572900 5881196.682452))
4; POLYGON((490320.441016 5881120.882941, 490327.894220 5881120.882941, 490327.894220 5881128.227618, 490320.441016 5881128.227618, 490320.441016 5881120.882941))
3; POLYGON((490316.460870 5881110.300000, 490326.611584 5881110.300000, 490326.611584 5881111.686316, 490316.460870 5881111.686316, 490316.460870 5881110.300000))
3; POLYGON((490315.560455 5881110.300000, 490325.698358 5881110.300000, 490325.698358 5881112.265088, 490315.560455 5881112.265088, 490315.560455 5881110.300000))
