4; POLYGON((491737.200000 5880787.568083, 491776.453119 5880787.568083, 491776.453119 5880810.300000, 491737.200000 5880810.300000, 491737.200000 5880787.568083))
4; POLYGON((491759.007047 5880710.300000, 491831.272119 5880710.300000, 491831.272119 5880748.602222, 491759.007047 5880748.602222, 491759.007047 5880710.300000))
4; POLYGON((491737.200000 5880766.771588, 491754.928119 5880766.771588, 491754.928119 5880787.369440, 491737.200000 5880787.369440, 491737.200000 5880766.771588))
4; POLYGON((491786.046225 5880803.531660, 491801.620190 5880803.531660, 491801.620190 5880810.300000, 491786.046225 5880810.300000, 491786.046225 5880803.531660))
4; POLYGON((491737.200000 5880710.776257, 491742.000456 5880710.776257, 491742.000456 5880753.721796, 491737.200000 5880753.721796, 491737.200000 5880710.776257))
4; POLYGON((491787.335849 5880803.408461, 491801.669116 5880803.408461, 491801.669116 5880810.295583, 491787.335849 5880810.295583, 491787.335849 5880803.408461))
4; POLYGON((491782.806683 5880803.514771, 491801.738055 5880803.514771, 491801.738055 5880810.295823, 491782.806683 5880810.295823, 491782.806683 5880803.514771))
4; POLYGON((491780.694110 5880803.479549, 491801.709521 5880803.479549, 491801.709521 5880810.293841, 491780.694110 5880810.293841, 491780.694110 5880803.479549))
4; POLYGON((491737.203341 5880719.162488, 491741.968554 5880719.162488, 491741.968554 5880753.656384, 491737.203341 5880753.656384, 491737.203341 5880719.162488))
4; POLYGON((491778.207837 5880803.505013, 491801.663550 5880803.505013, 491801.663550 5880810.292899, 491778.207837 5880810.292899, 491778.207837 5880803.505013))
4; POLYGON((491774.690021 5880803.560516, 491801.688672 5880803.560516, 491801.688672 5880810.292347, 491774.690021 5880810.292347, 491774.690021 5880803.560516))
4; POLYGON((491737.200000 5880766.793390, 491754.934988 5880766.793390, 491754.934988 5880793.493324, 491737.200000 5880793.493324, 491737.200000 5880766.793390))
4; POLYGON((491737.203375 5880724.683667, 491742.069648 5880724.683667, 491742.069648 5880753.276300, 491737.203375 5880753.276300, 491737.203375 5880724.683667))
