4; POLYGON((491099.671375 5881310.300000, 491137.200000 5881310.300000, 491137.200000 5881317.558423, 491099.671375 5881317.558423, 491099.671375 5881310.300000))
4; POLYGON((491073.091745 5881371.426874, 491082.331049 5881371.426874, 491082.331049 5881385.778453, 491073.091745 5881385.778453, 491073.091745 5881371.426874))
4; POLYGON((491037.451707 5881371.983713, 491064.683716 5881371.983713, 491064.683716 5881389.570183, 491037.451707 5881389.570183, 491037.451707 5881371.983713))
4; POLYGON((491037.495120 5881374.499838, 491064.716788 5881374.499838, 491064.716788 5881389.671315, 491037.495120 5881389.671315, 491037.495120 5881374.499838))
2; POLYGON((491043.123343 5881386.289615, 491078.066241 5881386.289615, 491078.066241 5881399.049883, 491043.123343 5881399.049883, 491043.123343 5881386.289615))
3; POLYGON((491066.629703 5881336.267841, 491078.693039 5881336.267841, 491078.693039 5881348.296155, 491066.629703 5881348.296155, 491066.629703 5881336.267841))
4; POLYGON((491037.495877 5881376.937085, 491064.769446 5881376.937085, 491064.769446 5881389.572263, 491037.495877 5881389.572263, 491037.495877 5881376.937085))
4; POLYGON((491053.665916 5881347.940228, 491058.202180 5881347.940228, 491058.202180 5881359.032892, 491053.665916 5881359.032892, 491053.665916 5881347.940228))
3; POLYGON((491040.988826 5881337.046838, 491054.923434 5881337.046838, 491054.923434 5881353.510663, 491040.988826 5881353.510663, 491040.988826 5881337.046838))
4; POLYGON((491040.986340 5881336.860059, 491058.156226 5881336.860059, 491058.156226 5881359.155438, 491040.986340 5881359.155438, 491040.986340 5881336.860059))
2; POLYGON((491053.313023 5881372.044818, 491059.131390 5881372.044818, 491059.131390 5881379.603674, 491053.313023 5881379.603674, 491053.313023 5881372.044818))
4; POLYGON((491053.645224 5881348.687091, 491058.257271 5881348.687091, 491058.257271 5881359.262555, 491053.645224 5881359.262555, 491053.645224 5881348.687091))
