3; POLYGON((491019.398615 5882264.783749, 491037.197955 5882264.783749, 491037.197955 5882283.953659, 491019.398615 5882283.953659, 491019.398615 5882264.783749))
3; POLYGON((491025.537323 5882210.300000, 491037.200000 5882210.300000, 491037.200000 5882226.404034, 491025.537323 5882226.404034, 491025.537323 5882210.300000))
3; POLYGON((490995.431897 5882238.059363, 491012.872052 5882238.059363, 491012.872052 5882254.950055, 490995.431897 5882254.950055, 490995.431897 5882238.059363))
3; POLYGON((490973.925964 5882218.870276, 490991.900031 5882218.870276, 490991.900031 5882236.637494, 490973.925964 5882236.637494, 490973.925964 5882218.870276))
3; POLYGON((490940.044125 5882218.252887, 490958.991655 5882218.252887, 490958.991655 5882237.378040, 490940.044125 5882237.378040, 490940.044125 5882218.252887))
3; POLYGON((490959.705836 5882271.000519, 490980.771518 5882271.000519, 490980.771518 5882290.691486, 490959.705836 5882290.691486, 490959.705836 5882271.000519))
3; POLYGON((491005.903412 5882287.641031, 491022.073004 5882287.641031, 491022.073004 5882304.001569, 491005.903412 5882304.001569, 491005.903412 5882287.641031))
3; POLYGON((490937.200000 5882232.858978, 490947.818005 5882232.858978, 490947.818005 5882251.073846, 490937.200000 5882251.073846, 490937.200000 5882232.858978))
3; POLYGON((491007.500421 5882221.299377, 491028.122363 5882221.299377, 491028.122363 5882240.246259, 491007.500421 5882240.246259, 491007.500421 5882221.299377))
3; POLYGON((490972.435129 5882303.478464, 490993.362042 5882303.478464, 490993.362042 5882310.300000, 490972.435129 5882310.300000, 490972.435129 5882303.478464))
3; POLYGON((490937.206202 5882289.174194, 490962.892639 5882289.174194, 490962.892639 5882310.277116, 490937.206202 5882310.277116, 490937.206202 5882289.174194))
3; POLYGON((490972.979831 5882303.144855, 490994.293738 5882303.144855, 490994.293738 5882310.300000, 490972.979831 5882310.300000, 490972.979831 5882303.144855))
3; POLYGON((490947.861954 5882210.300000, 490957.743906 5882210.300000, 490957.743906 5882216.376532, 490947.861954 5882216.376532, 490947.861954 5882210.300000))
3; POLYGON((490972.577454 5882303.732256, 490991.854346 5882303.732256, 490991.854346 5882310.300000, 490972.577454 5882310.300000, 490972.577454 5882303.732256))
3; POLYGON((490972.326480 5882302.654882, 490994.785266 5882302.654882, 490994.785266 5882310.300000, 490972.326480 5882310.300000, 490972.326480 5882302.654882))
3; POLYGON((490948.636228 5882239.673663, 490957.363065 5882239.673663, 490957.363065 5882248.709607, 490948.636228 5882248.709607, 490948.636228 5882239.673663))
3; POLYGON((490972.808176 5882303.930974, 490990.116705 5882303.930974, 490990.116705 5882310.300000, 490972.808176 5882310.300000, 490972.808176 5882303.930974))
3; POLYGON((490972.385895 5882301.105993, 490995.175690 5882301.105993, 490995.175690 5882310.300000, 490972.385895 5882310.300000, 490972.385895 5882301.105993))
