3; POLYGON((489446.629767 5880953.715424, 489470.421057 5880953.715424, 489470.421057 5880972.720065, 489446.629767 5880972.720065, 489446.629767 5880953.715424))
3; POLYGON((489476.580505 5880948.413898, 489489.130719 5880948.413898, 489489.130719 5880962.993195, 489476.580505 5880962.993195, 489476.580505 5880948.413898))
3; POLYGON((489490.495844 5880995.329189, 489502.860754 5880995.329189, 489502.860754 5881008.716931, 489490.495844 5881008.716931, 489490.495844 5880995.329189))
3; POLYGON((489504.319867 5880951.937439, 489515.291937 5880951.937439, 489515.291937 5880963.432108, 489504.319867 5880963.432108, 489504.319867 5880951.937439))
3; POLYGON((489459.543378 5881004.422376, 489477.286697 5881004.422376, 489477.286697 5881010.291652, 489459.543378 5881010.291652, 489459.543378 5881004.422376))
3; POLYGON((489502.755292 5880988.840242, 489535.298334 5880988.840242, 489535.298334 5881010.239713, 489502.755292 5881010.239713, 489502.755292 5880988.840242))
3; POLYGON((489437.200000 5880962.144421, 489448.273893 5880962.144421, 489448.273893 5880976.629797, 489437.200000 5880976.629797, 489437.200000 5880962.144421))
3; POLYGON((489522.859070 5880938.562537, 489537.200000 5880938.562537, 489537.200000 5880955.272528, 489522.859070 5880955.272528, 489522.859070 5880938.562537))
3; POLYGON((489491.183209 5880955.151801, 489501.934052 5880955.151801, 489501.934052 5880967.425421, 489491.183209 5880967.425421, 489491.183209 5880955.151801))
3; POLYGON((489478.911560 5881000.352200, 489490.629822 5881000.352200, 489490.629822 5881010.300000, 489478.911560 5881010.300000, 489478.911560 5881000.352200))
3; POLYGON((489532.616418 5880986.310368, 489537.200000 5880986.310368, 489537.200000 5881000.736871, 489532.616418 5881000.736871, 489532.616418 5880986.310368))
3; POLYGON((489439.456907 5881007.907867, 489458.749988 5881007.907867, 489458.749988 5881010.298977, 489439.456907 5881010.298977, 489439.456907 5881007.907867))
3; POLYGON((489441.220370 5881008.060123, 489458.837653 5881008.060123, 489458.837653 5881010.296839, 489441.220370 5881010.296839, 489441.220370 5881008.060123))
3; POLYGON((489439.420672 5881008.247648, 489458.585019 5881008.247648, 489458.585019 5881010.293844, 489439.420672 5881010.293844, 489439.420672 5881008.247648))
3; POLYGON((489443.927852 5881008.039886, 489458.899045 5881008.039886, 489458.899045 5881010.292925, 489443.927852 5881010.292925, 489443.927852 5881008.039886))
