3; POLYGON((491420.337952 5880656.163812, 491428.575195 5880656.163812, 491428.575195 5880663.684973, 491420.337952 5880663.684973, 491420.337952 5880656.163812))
4; POLYGON((491384.739029 5880704.201883, 491392.620801 5880704.201883, 491392.620801 5880710.280101, 491384.739029 5880710.280101, 491384.739029 5880704.201883))
4; POLYGON((491388.278555 5880638.677576, 491395.274854 5880638.677576, 491395.274854 5880645.612921, 491388.278555 5880645.612921, 491388.278555 5880638.677576))
4; POLYGON((491368.670599 5880645.220245, 491376.082355 5880645.220245, 491376.082355 5880652.504572, 491368.670599 5880652.504572, 491368.670599 5880645.220245))
4; POLYGON((491398.190112 5880628.167187, 491405.779407 5880628.167187, 491405.779407 5880634.719623, 491398.190112 5880634.719623, 491398.190112 5880628.167187))
4; POLYGON((491372.661679 5880695.910396, 491380.963248 5880695.910396, 491380.963248 5880703.553804, 491372.661679 5880703.553804, 491372.661679 5880695.910396))
4; POLYGON((491375.855249 5880632.278955, 491382.878922 5880632.278955, 491382.878922 5880639.106024, 491375.855249 5880639.106024, 491375.855249 5880632.278955))
4; POLYGON((491351.950130 5880686.666840, 491358.633961 5880686.666840, 491358.633961 5880693.471935, 491351.950130 5880693.471935, 491351.950130 5880686.666840))
4; POLYGON((491420.582550 5880639.424933, 491428.159631 5880639.424933, 491428.159631 5880647.367157, 491420.582550 5880647.367157, 491420.582550 5880639.424933))
4; POLYGON((491414.414575 5880619.318738, 491422.364667 5880619.318738, 491422.364667 5880626.272833, 491414.414575 5880626.272833, 491414.414575 5880619.318738))
4; POLYGON((491413.272693 5880669.154898, 491421.633618 5880669.154898, 491421.633618 5880677.023538, 491413.272693 5880677.023538, 491413.272693 5880669.154898))
4; POLYGON((491374.050604 5880664.888947, 491381.226132 5880664.888947, 491381.226132 5880671.943109, 491374.050604 5880671.943109, 491374.050604 5880664.888947))
3; POLYGON((491421.408417 5880610.300000, 491430.231274 5880610.300000, 491430.231274 5880612.606287, 491421.408417 5880612.606287, 491421.408417 5880610.300000))
4; POLYGON((491362.517757 5880702.843992, 491369.539255 5880702.843992, 491369.539255 5880709.885614, 491362.517757 5880709.885614, 491362.517757 5880702.843992))
4; POLYGON((491401.208105 5880680.023239, 491409.251013 5880680.023239, 491409.251013 5880687.543137, 491401.208105 5880687.543137, 491401.208105 5880680.023239))
3; POLYGON((491420.547339 5880610.300000, 491430.105896 5880610.300000, 491430.105896 5880612.487915, 491420.547339 5880612.487915, 491420.547339 5880610.300000))
3; POLYGON((491421.118073 5880610.300000, 491430.315308 5880610.300000, 491430.315308 5880612.764575, 491421.118073 5880612.764575, 491421.118073 5880610.300000))
3; POLYGON((491435.876154 5880613.455597, 491437.200000 5880613.455597, 491437.200000 5880622.154700, 491435.876154 5880622.154700, 491435.876154 5880613.455597))
4; POLYGON((491378.842520 5880617.438806, 491387.508844 5880617.438806, 491387.508844 5880625.134766, 491378.842520 5880625.134766, 491378.842520 5880617.438806))
3; POLYGON((491419.902454 5880610.300000, 491430.127081 5880610.300000, 491430.127081 5880612.741962, 491419.902454 5880612.741962, 491419.902454 5880610.300000))
4; POLYGON((491428.265063 5880626.448956, 491436.092639 5880626.448956, 491436.092639 5880634.300220, 491428.265063 5880634.300220, 491428.265063 5880626.448956))
4; POLYGON((491345.615710 5880671.475253, 491351.469844 5880671.475253, 491351.469844 5880676.915286, 491345.615710 5880676.915286, 491345.615710 5880671.475253))
4; POLYGON((491337.212339 5880659.543091, 491341.389557 5880659.543091, 491341.389557 5880666.788916, 491337.212339 5880666.788916, 491337.212339 5880659.543091))
3; POLYGON((491419.176611 5880610.300000, 491430.059082 5880610.300000, 491430.059082 5880612.505292, 491419.176611 5880612.505292, 491419.176611 5880610.300000))
4; POLYGON((491337.207281 5880658.761206, 491341.850153 5880658.761206, 491341.850153 5880666.765372, 491337.207281 5880666.765372, 491337.207281 5880658.761206))
4; POLYGON((491337.200282 5880657.704565, 491343.148812 5880657.704565, 491343.148812 5880666.821979, 491337.200282 5880666.821979, 491337.200282 5880657.704565))
4; POLYGON((491381.062994 5880651.974902, 491388.403937 5880651.974902, 491388.403937 5880659.131705, 491381.062994 5880659.131705, 491381.062994 5880651.974902))
3; POLYGON((491435.717987 5880613.339221, 491437.200000 5880613.339221, 491437.200000 5880622.479687, 491435.717987 5880622.479687, 491435.717987 5880613.339221))
4; POLYGON((491337.203996 5880658.079199, 491342.615700 5880658.079199, 491342.615700 5880666.848001, 491337.203996 5880666.848001, 491337.203996 5880658.079199))
3; POLYGON((491420.948193 5880610.300000, 491430.317780 5880610.300000, 491430.317780 5880613.137476, 491420.948193 5880613.137476, 491420.948193 5880610.300000))
