3; POLYGON((488299.168475 5880268.671036, 488321.810614 5880268.671036, 488321.810614 5880282.335501, 488299.168475 5880282.335501, 488299.168475 5880268.671036))
4; POLYGON((488268.648178 5880271.613760, 488288.169150 5880271.613760, 488288.169150 5880304.799895, 488268.648178 5880304.799895, 488268.648178 5880271.613760))
3; POLYGON((488268.753635 5880210.300000, 488307.036279 5880210.300000, 488307.036279 5880232.577301, 488268.753635 5880232.577301, 488268.753635 5880210.300000))
3; POLYGON((488307.174487 5880230.629089, 488319.105481 5880230.629089, 488319.105481 5880240.692804, 488307.174487 5880240.692804, 488307.174487 5880230.629089))
3; POLYGON((488237.216494 5880210.300000, 488251.860448 5880210.300000, 488251.860448 5880216.590320, 488237.216494 5880216.590320, 488237.216494 5880210.300000))
3; POLYGON((488237.222750 5880239.155890, 488248.772997 5880239.155890, 488248.772997 5880290.588036, 488237.222750 5880290.588036, 488237.222750 5880239.155890))
3; POLYGON((488246.159126 5880242.637744, 488266.584415 5880242.637744, 488266.584415 5880302.738019, 488246.159126 5880302.738019, 488246.159126 5880242.637744))
4; POLYGON((488318.636853 5880218.401758, 488334.901056 5880218.401758, 488334.901056 5880240.626227, 488318.636853 5880240.626227, 488318.636853 5880218.401758))
3; POLYGON((488329.891107 5880291.452365, 488337.195038 5880291.452365, 488337.195038 5880310.300000, 488329.891107 5880310.300000, 488329.891107 5880291.452365))
2; POLYGON((488293.757031 5880210.300000, 488312.439166 5880210.300000, 488312.439166 5880222.712543, 488293.757031 5880222.712543, 488293.757031 5880210.300000))
3; POLYGON((488244.205970 5880306.130640, 488255.166272 5880306.130640, 488255.166272 5880310.300000, 488244.205970 5880310.300000, 488244.205970 5880306.130640))
4; POLYGON((488248.803539 5880210.300000, 488262.615532 5880210.300000, 488262.615532 5880220.106580, 488248.803539 5880220.106580, 488248.803539 5880210.300000))
3; POLYGON((488237.238629 5880239.250330, 488248.873230 5880239.250330, 488248.873230 5880259.352127, 488237.238629 5880259.352127, 488237.238629 5880239.250330))
