3; POLYGON((491693.467694 5881256.230463, 491718.764178 5881256.230463, 491718.764178 5881277.084915, 491693.467694 5881277.084915, 491693.467694 5881256.230463))
4; POLYGON((491721.055566 5881213.458813, 491737.200000 5881213.458813, 491737.200000 5881255.945312, 491721.055566 5881255.945312, 491721.055566 5881213.458813))
4; POLYGON((491712.866376 5881260.558527, 491734.154889 5881260.558527, 491734.154889 5881282.681348, 491712.866376 5881282.681348, 491712.866376 5881260.558527))
3; POLYGON((491637.200000 5881259.302133, 491671.807965 5881259.302133, 491671.807965 5881310.133286, 491637.200000 5881310.133286, 491637.200000 5881259.302133))
4; POLYGON((491658.027824 5881210.300000, 491695.070453 5881210.300000, 491695.070453 5881241.185474, 491658.027824 5881241.185474, 491658.027824 5881210.300000))
4; POLYGON((491637.206168 5881210.300000, 491647.043837 5881210.300000, 491647.043837 5881233.053473, 491637.206168 5881233.053473, 491637.206168 5881210.300000))
4; POLYGON((491637.200000 5881210.300000, 491648.494118 5881210.300000, 491648.494118 5881231.290759, 491637.200000 5881231.290759, 491637.200000 5881210.300000))
4; POLYGON((491637.200822 5881210.303180, 491647.147540 5881210.303180, 491647.147540 5881235.956158, 491637.200822 5881235.956158, 491637.200822 5881210.303180))
4; POLYGON((491637.202286 5881210.300000, 491646.484106 5881210.300000, 491646.484106 5881227.957129, 491637.202286 5881227.957129, 491637.202286 5881210.300000))
4; POLYGON((491637.202246 5881210.309662, 491648.130661 5881210.309662, 491648.130661 5881234.567236, 491637.202246 5881234.567236, 491637.202246 5881210.309662))
1; POLYGON((491713.135291 5881258.263580, 491722.137537 5881258.263580, 491722.137537 5881267.569992, 491713.135291 5881267.569992, 491713.135291 5881258.263580))
4; POLYGON((491670.037186 5881210.300000, 491692.748047 5881210.300000, 491692.748047 5881218.178406, 491670.037186 5881218.178406, 491670.037186 5881210.300000))
4; POLYGON((491637.203675 5881210.334564, 491647.964906 5881210.334564, 491647.964906 5881237.724469, 491637.203675 5881237.724469, 491637.203675 5881210.334564))
2; POLYGON((491675.294101 5881277.401065, 491687.177551 5881277.401065, 491687.177551 5881288.347501, 491675.294101 5881288.347501, 491675.294101 5881277.401065))
4; POLYGON((491637.200000 5881210.300000, 491647.537277 5881210.300000, 491647.537277 5881225.921069, 491637.200000 5881225.921069, 491637.200000 5881210.300000))
4; POLYGON((491637.200000 5881210.300000, 491650.722318 5881210.300000, 491650.722318 5881228.711212, 491637.200000 5881228.711212, 491637.200000 5881210.300000))
4; POLYGON((491637.200000 5881210.339935, 491647.517291 5881210.339935, 491647.517291 5881242.582574, 491637.200000 5881242.582574, 491637.200000 5881210.339935))
2; POLYGON((491675.756747 5881277.521515, 491686.967401 5881277.521515, 491686.967401 5881287.639893, 491675.756747 5881287.639893, 491675.756747 5881277.521515))
3; POLYGON((491676.484439 5881226.760388, 491718.785474 5881226.760388, 491718.785474 5881277.205939, 491676.484439 5881277.205939, 491676.484439 5881226.760388))
4; POLYGON((491637.200000 5881210.300000, 491652.599480 5881210.300000, 491652.599480 5881233.717456, 491637.200000 5881233.717456, 491637.200000 5881210.300000))
4; POLYGON((491637.200000 5881210.331989, 491652.358398 5881210.331989, 491652.358398 5881239.212372, 491637.200000 5881239.212372, 491637.200000 5881210.331989))
