3; POLYGON((489484.160587 5881819.355133, 489527.632117 5881819.355133, 489527.632117 5881854.734338, 489484.160587 5881854.734338, 489484.160587 5881819.355133))
3; POLYGON((489485.396640 5881869.032587, 489512.331409 5881869.032587, 489512.331409 5881889.707613, 489485.396640 5881889.707613, 489485.396640 5881869.032587))
3; POLYGON((489437.213515 5881854.319250, 489450.943382 5881854.319250, 489450.943382 5881882.465433, 489437.213515 5881882.465433, 489437.213515 5881854.319250))
3; POLYGON((489455.343092 5881818.852063, 489527.727502 5881818.852063, 489527.727502 5881854.583350, 489455.343092 5881854.583350, 489455.343092 5881818.852063))
3; POLYGON((489437.209686 5881810.397589, 489440.207409 5881810.397589, 489440.207409 5881824.498285, 489437.209686 5881824.498285, 489437.209686 5881810.397589))
3; POLYGON((489533.177850 5881883.942358, 489537.200000 5881883.942358, 489537.200000 5881901.237865, 489533.177850 5881901.237865, 489533.177850 5881883.942358))
3; POLYGON((489514.134113 5881810.312341, 489528.802490 5881810.312341, 489528.802490 5881821.295074, 489514.134113 5881821.295074, 489514.134113 5881810.312341))
3; POLYGON((489485.621912 5881896.487712, 489504.959930 5881896.487712, 489504.959930 5881910.299174, 489485.621912 5881910.299174, 489485.621912 5881896.487712))
3; POLYGON((489437.202021 5881810.300000, 489440.515821 5881810.300000, 489440.515821 5881825.702539, 489437.202021 5881825.702539, 489437.202021 5881810.300000))
3; POLYGON((489437.210275 5881810.511877, 489440.013505 5881810.511877, 489440.013505 5881823.889709, 489437.210275 5881823.889709, 489437.210275 5881810.511877))
3; POLYGON((489533.371185 5881885.130585, 489537.200000 5881885.130585, 489537.200000 5881901.308499, 489533.371185 5881901.308499, 489533.371185 5881885.130585))
3; POLYGON((489472.869473 5881864.921164, 489486.369855 5881864.921164, 489486.369855 5881880.039438, 489472.869473 5881880.039438, 489472.869473 5881864.921164))
