3; POLYGON((489181.790225 5882351.261053, 489198.996893 5882351.261053, 489198.996893 5882366.888843, 489181.790225 5882366.888843, 489181.790225 5882351.261053))
4; POLYGON((489202.619366 5882343.307318, 489230.215173 5882343.307318, 489230.215173 5882375.787305, 489202.619366 5882375.787305, 489202.619366 5882343.307318))
3; POLYGON((489212.323779 5882403.117400, 489232.771100 5882403.117400, 489232.771100 5882410.295735, 489212.323779 5882410.295735, 489212.323779 5882403.117400))
3; POLYGON((489145.499797 5882373.605930, 489163.443973 5882373.605930, 489163.443973 5882391.827818, 489145.499797 5882391.827818, 489145.499797 5882373.605930))
4; POLYGON((489137.211952 5882385.094714, 489146.334201 5882385.094714, 489146.334201 5882409.259985, 489137.211952 5882409.259985, 489137.211952 5882385.094714))
3; POLYGON((489225.716968 5882376.426074, 489237.200000 5882376.426074, 489237.200000 5882392.520537, 489225.716968 5882392.520537, 489225.716968 5882376.426074))
3; POLYGON((489137.207027 5882310.300000, 489143.032840 5882310.300000, 489143.032840 5882317.468048, 489137.207027 5882317.468048, 489137.207027 5882310.300000))
2; POLYGON((489161.416125 5882380.390570, 489167.673129 5882380.390570, 489167.673129 5882387.111087, 489161.416125 5882387.111087, 489161.416125 5882380.390570))
4; POLYGON((489193.993066 5882359.879642, 489201.826642 5882359.879642, 489201.826642 5882367.946414, 489193.993066 5882367.946414, 489193.993066 5882359.879642))
3; POLYGON((489137.201611 5882310.300000, 489143.095524 5882310.300000, 489143.095524 5882318.182758, 489137.201611 5882318.182758, 489137.201611 5882310.300000))
4; POLYGON((489137.205321 5882385.151338, 489146.293218 5882385.151338, 489146.293218 5882406.339832, 489137.205321 5882406.339832, 489137.205321 5882385.151338))
2; POLYGON((489161.689870 5882380.372073, 489167.551205 5882380.372073, 489167.551205 5882386.690828, 489161.689870 5882386.690828, 489161.689870 5882380.372073))
