3; POLYGON((489866.590631 5881977.862164, 489936.648364 5881977.862164, 489936.648364 5882010.179923, 489866.590631 5882010.179923, 489866.590631 5881977.862164))
3; POLYGON((489840.735181 5881952.602136, 489849.024014 5881952.602136, 489849.024014 5881961.184680, 489840.735181 5881961.184680, 489840.735181 5881952.602136))
3; POLYGON((489843.778967 5881916.971411, 489872.348468 5881916.971411, 489872.348468 5881941.062177, 489843.778967 5881941.062177, 489843.778967 5881916.971411))
3; POLYGON((489842.203336 5881967.888828, 489864.594479 5881967.888828, 489864.594479 5881989.108968, 489842.203336 5881989.108968, 489842.203336 5881967.888828))
3; POLYGON((489921.840973 5881910.300000, 489937.182324 5881910.300000, 489937.182324 5881933.837439, 489921.840973 5881933.837439, 489921.840973 5881910.300000))
4; POLYGON((489881.225067 5881957.157599, 489891.289227 5881957.157599, 489891.289227 5881970.582733, 489881.225067 5881970.582733, 489881.225067 5881957.157599))
3; POLYGON((489837.210202 5881968.462448, 489843.375943 5881968.462448, 489843.375943 5881980.742279, 489837.210202 5881980.742279, 489837.210202 5881968.462448))
4; POLYGON((489891.608380 5881950.431384, 489900.571991 5881950.431384, 489900.571991 5881960.154330, 489891.608380 5881960.154330, 489891.608380 5881950.431384))
3; POLYGON((489922.259235 5881910.300000, 489937.200000 5881910.300000, 489937.200000 5881927.244043, 489922.259235 5881927.244043, 489922.259235 5881910.300000))
3; POLYGON((489870.673550 5881910.300000, 489911.162421 5881910.300000, 489911.162421 5881924.885284, 489870.673550 5881924.885284, 489870.673550 5881910.300000))
3; POLYGON((489920.401990 5881910.300000, 489937.130505 5881910.300000, 489937.130505 5881933.362970, 489920.401990 5881933.362970, 489920.401990 5881910.300000))
