3; POLYGON((489921.684906 5882185.321671, 489937.200000 5882185.321671, 489937.200000 5882205.075021, 489921.684906 5882205.075021, 489921.684906 5882185.321671))
3; POLYGON((489837.200000 5882200.581288, 489845.373016 5882200.581288, 489845.373016 5882210.300000, 489837.200000 5882210.300000, 489837.200000 5882200.581288))
3; POLYGON((489860.472278 5882110.300000, 489877.639941 5882110.300000, 489877.639941 5882116.686920, 489860.472278 5882116.686920, 489860.472278 5882110.300000))
3; POLYGON((489837.204760 5882142.136639, 489841.986864 5882142.136639, 489841.986864 5882158.683698, 489837.204760 5882158.683698, 489837.204760 5882142.136639))
3; POLYGON((489842.736534 5882187.257535, 489855.978757 5882187.257535, 489855.978757 5882200.356259, 489842.736534 5882200.356259, 489842.736534 5882187.257535))
3; POLYGON((489837.434063 5882133.138953, 489850.602538 5882133.138953, 489850.602538 5882146.289551, 489837.434063 5882146.289551, 489837.434063 5882133.138953))
3; POLYGON((489873.964899 5882151.347504, 489887.486154 5882151.347504, 489887.486154 5882165.485275, 489873.964899 5882165.485275, 489873.964899 5882151.347504))
3; POLYGON((489837.208822 5882142.389185, 489841.850851 5882142.389185, 489841.850851 5882157.333447, 489837.208822 5882157.333447, 489837.208822 5882142.389185))
3; POLYGON((489837.202662 5882142.288995, 489841.659833 5882142.288995, 489841.659833 5882159.430002, 489837.202662 5882159.430002, 489837.202662 5882142.288995))
3; POLYGON((489894.163574 5882127.661578, 489909.201501 5882127.661578, 489909.201501 5882142.160040, 489894.163574 5882142.160040, 489894.163574 5882127.661578))
3; POLYGON((489916.556165 5882145.507501, 489927.428003 5882145.507501, 489927.428003 5882154.836298, 489916.556165 5882154.836298, 489916.556165 5882145.507501))
4; POLYGON((489850.110497 5882193.964520, 489862.008125 5882193.964520, 489862.008125 5882205.613290, 489850.110497 5882205.613290, 489850.110497 5882193.964520))
3; POLYGON((489864.596548 5882160.507004, 489879.017261 5882160.507004, 489879.017261 5882174.896588, 489864.596548 5882174.896588, 489864.596548 5882160.507004))
3; POLYGON((489889.479993 5882127.752924, 489909.114978 5882127.752924, 489909.114978 5882147.701300, 489889.479993 5882147.701300, 489889.479993 5882127.752924))
3; POLYGON((489917.501086 5882110.307861, 489935.623285 5882110.307861, 489935.623285 5882126.653992, 489917.501086 5882126.653992, 489917.501086 5882110.307861))
