3; POLYGON((491445.919953 5882392.206601, 491469.005457 5882392.206601, 491469.005457 5882407.558012, 491445.919953 5882407.558012, 491445.919953 5882392.206601))
3; POLYGON((491457.059221 5882322.292639, 491477.276065 5882322.292639, 491477.276065 5882333.916284, 491457.059221 5882333.916284, 491457.059221 5882322.292639))
4; POLYGON((491446.111030 5882387.678226, 491467.644220 5882387.678226, 491467.644220 5882394.158969, 491446.111030 5882394.158969, 491446.111030 5882387.678226))
3; POLYGON((491493.292798 5882328.353778, 491505.192981 5882328.353778, 491505.192981 5882348.703656, 491493.292798 5882348.703656, 491493.292798 5882328.353778))
3; POLYGON((491441.400606 5882336.588898, 491450.815918 5882336.588898, 491450.815918 5882348.060999, 491441.400606 5882348.060999, 491441.400606 5882336.588898))
3; POLYGON((491515.102319 5882323.143011, 491523.011749 5882323.143011, 491523.011749 5882343.573444, 491515.102319 5882343.573444, 491515.102319 5882323.143011))
3; POLYGON((491437.207785 5882336.737976, 491439.986116 5882336.737976, 491439.986116 5882348.106470, 491437.207785 5882348.106470, 491437.207785 5882336.737976))
4; POLYGON((491489.936017 5882380.278226, 491512.455304 5882380.278226, 491512.455304 5882408.934759, 491489.936017 5882408.934759, 491489.936017 5882380.278226))
3; POLYGON((491523.773547 5882349.256219, 491537.200000 5882349.256219, 491537.200000 5882385.098717, 491523.773547 5882385.098717, 491523.773547 5882349.256219))
3; POLYGON((491529.735266 5882323.217047, 491537.200000 5882323.217047, 491537.200000 5882339.730109, 491529.735266 5882339.730109, 491529.735266 5882323.217047))
3; POLYGON((491437.200000 5882336.824176, 491440.300858 5882336.824176, 491440.300858 5882348.141742, 491437.200000 5882348.141742, 491437.200000 5882336.824176))
4; POLYGON((491498.009595 5882310.300000, 491508.866412 5882310.300000, 491508.866412 5882313.381628, 491498.009595 5882313.381628, 491498.009595 5882310.300000))
3; POLYGON((491437.208070 5882336.873383, 491439.712913 5882336.873383, 491439.712913 5882348.250739, 491437.208070 5882348.250739, 491437.208070 5882336.873383))
3; POLYGON((491437.200000 5882336.456238, 491450.744887 5882336.456238, 491450.744887 5882348.251947, 491437.200000 5882348.251947, 491437.200000 5882336.456238))
4; POLYGON((491446.172328 5882387.432626, 491467.977835 5882387.432626, 491467.977835 5882394.674104, 491446.172328 5882394.674104, 491446.172328 5882387.432626))
