3; POLYGON((491189.919751 5881924.209125, 491201.682013 5881924.209125, 491201.682013 5881934.170111, 491189.919751 5881934.170111, 491189.919751 5881924.209125))
3; POLYGON((491173.193979 5881923.700238, 491184.643124 5881923.700238, 491184.643124 5881933.307886, 491173.193979 5881933.307886, 491173.193979 5881923.700238))
3; POLYGON((491151.803310 5881991.511127, 491168.435233 5881991.511127, 491168.435233 5882004.645527, 491151.803310 5882004.645527, 491151.803310 5881991.511127))
3; POLYGON((491208.125677 5881922.593488, 491218.541766 5881922.593488, 491218.541766 5881933.194043, 491208.125677 5881933.194043, 491208.125677 5881922.593488))
3; POLYGON((491171.430743 5881990.439325, 491175.945496 5881990.439325, 491175.945496 5881996.099814, 491171.430743 5881996.099814, 491171.430743 5881990.439325))
3; POLYGON((491137.200000 5881980.269260, 491147.405173 5881980.269260, 491147.405173 5882003.307776, 491137.200000 5882003.307776, 491137.200000 5881980.269260))
3; POLYGON((491137.207360 5881910.717572, 491146.049203 5881910.717572, 491146.049203 5881933.910431, 491137.207360 5881933.910431, 491137.207360 5881910.717572))
3; POLYGON((491197.151147 5881993.608054, 491209.793433 5881993.608054, 491209.793433 5882004.692263, 491197.151147 5882004.692263, 491197.151147 5881993.608054))
3; POLYGON((491176.517331 5881995.485143, 491189.056012 5881995.485143, 491189.056012 5882004.850108, 491176.517331 5882004.850108, 491176.517331 5881995.485143))
3; POLYGON((491225.479120 5881924.433423, 491236.912579 5881924.433423, 491236.912579 5881934.643695, 491225.479120 5881934.643695, 491225.479120 5881924.433423))
3; POLYGON((491152.956136 5881923.215747, 491164.806570 5881923.215747, 491164.806570 5881932.460144, 491152.956136 5881932.460144, 491152.956136 5881923.215747))
3; POLYGON((491209.164044 5881986.671404, 491214.604376 5881986.671404, 491214.604376 5881993.322060, 491209.164044 5881993.322060, 491209.164044 5881986.671404))
3; POLYGON((491219.443829 5881988.608885, 491230.681024 5881988.608885, 491230.681024 5882004.740747, 491219.443829 5882004.740747, 491219.443829 5881988.608885))
3; POLYGON((491232.371350 5881934.344635, 491237.200000 5881934.344635, 491237.200000 5881940.154840, 491232.371350 5881940.154840, 491232.371350 5881934.344635))
3; POLYGON((491137.201324 5881992.212965, 491146.490726 5881992.212965, 491146.490726 5882003.254168, 491137.201324 5882003.254168, 491137.201324 5881992.212965))
