2; POLYGON((490537.200000 5880162.615204, 490564.053632 5880162.615204, 490564.053632 5880205.802404, 490537.200000 5880205.802404, 490537.200000 5880162.615204))
4; POLYGON((490561.327124 5880157.543884, 490601.912531 5880157.543884, 490601.912531 5880210.300000, 490561.327124 5880210.300000, 490561.327124 5880157.543884))
2; POLYGON((490575.903378 5880178.882480, 490583.954965 5880178.882480, 490583.954965 5880192.553833, 490575.903378 5880192.553833, 490575.903378 5880178.882480))
3; POLYGON((490605.539978 5880110.303027, 490633.868274 5880110.303027, 490633.868274 5880126.056604, 490605.539978 5880126.056604, 490605.539978 5880110.303027))
2; POLYGON((490537.214676 5880171.203668, 490548.241885 5880171.203668, 490548.241885 5880206.045042, 490537.214676 5880206.045042, 490537.214676 5880171.203668))
4; POLYGON((490537.200000 5880157.532538, 490602.249158 5880157.532538, 490602.249158 5880210.241242, 490537.200000 5880210.241242, 490537.200000 5880157.532538))
2; POLYGON((490537.207799 5880171.061871, 490546.833065 5880171.061871, 490546.833065 5880205.780448, 490537.207799 5880205.780448, 490537.207799 5880171.061871))
4; POLYGON((490560.189690 5880162.905042, 490602.158350 5880162.905042, 490602.158350 5880210.300000, 490560.189690 5880210.300000, 490560.189690 5880162.905042))
2; POLYGON((490537.216014 5880170.775546, 490545.899879 5880170.775546, 490545.899879 5880205.943357, 490537.216014 5880205.943357, 490537.216014 5880170.775546))
2; POLYGON((490537.202658 5880175.315115, 490546.388548 5880175.315115, 490546.388548 5880205.144592, 490537.202658 5880205.144592, 490537.202658 5880175.315115))
2; POLYGON((490537.205987 5880174.907422, 490544.289558 5880174.907422, 490544.289558 5880206.107121, 490537.205987 5880206.107121, 490537.205987 5880174.907422))
