3; POLYGON((489438.409608 5880111.222626, 489484.477612 5880111.222626, 489484.477612 5880210.184677, 489438.409608 5880210.184677, 489438.409608 5880111.222626))
3; POLYGON((489480.269598 5880110.459949, 489537.200000 5880110.459949, 489537.200000 5880210.124390, 489480.269598 5880210.124390, 489480.269598 5880110.459949))
3; POLYGON((489496.116376 5880110.753882, 489537.200000 5880110.753882, 489537.200000 5880210.090788, 489496.116376 5880210.090788, 489496.116376 5880110.753882))
3; POLYGON((489437.200000 5880187.182063, 489456.032446 5880187.182063, 489456.032446 5880210.281543, 489437.200000 5880210.281543, 489437.200000 5880187.182063))
3; POLYGON((489470.162820 5880110.398370, 489537.200000 5880110.398370, 489537.200000 5880210.162081, 489470.162820 5880210.162081, 489470.162820 5880110.398370))
3; POLYGON((489521.588165 5880110.340253, 489537.175293 5880110.340253, 489537.175293 5880181.192444, 489521.588165 5880181.192444, 489521.588165 5880110.340253))
3; POLYGON((489438.846167 5880111.012445, 489480.262726 5880111.012445, 489480.262726 5880208.860542, 489438.846167 5880208.860542, 489438.846167 5880111.012445))
3; POLYGON((489437.200000 5880112.426965, 489456.206874 5880112.426965, 489456.206874 5880210.300000, 489437.200000 5880210.300000, 489437.200000 5880112.426965))
3; POLYGON((489467.152829 5880110.575415, 489506.269604 5880110.575415, 489506.269604 5880209.537189, 489467.152829 5880209.537189, 489467.152829 5880110.575415))
3; POLYGON((489437.202459 5880131.484271, 489456.454715 5880131.484271, 489456.454715 5880210.282256, 489437.202459 5880210.282256, 489437.202459 5880131.484271))
3; POLYGON((489443.858739 5880110.908221, 489485.929922 5880110.908221, 489485.929922 5880210.300000, 489443.858739 5880210.300000, 489443.858739 5880110.908221))
