3; POLYGON((490537.243668 5880782.890536, 490545.132014 5880782.890536, 490545.132014 5880791.380023, 490537.243668 5880791.380023, 490537.243668 5880782.890536))
3; POLYGON((490612.704443 5880751.675250, 490618.890021 5880751.675250, 490618.890021 5880758.934088, 490612.704443 5880758.934088, 490612.704443 5880751.675250))
4; POLYGON((490608.348035 5880734.761420, 490614.985382 5880734.761420, 490614.985382 5880742.841162, 490608.348035 5880742.841162, 490608.348035 5880734.761420))
4; POLYGON((490622.497723 5880736.010767, 490628.996680 5880736.010767, 490628.996680 5880743.717505, 490622.497723 5880743.717505, 490622.497723 5880736.010767))
4; POLYGON((490562.993198 5880761.420749, 490569.622626 5880761.420749, 490569.622626 5880768.073056, 490562.993198 5880768.073056, 490562.993198 5880761.420749))
4; POLYGON((490567.069186 5880752.424060, 490573.909271 5880752.424060, 490573.909271 5880758.022797, 490567.069186 5880758.022797, 490567.069186 5880752.424060))
3; POLYGON((490570.759552 5880786.898732, 490576.946729 5880786.898732, 490576.946729 5880793.324164, 490570.759552 5880793.324164, 490570.759552 5880786.898732))
4; POLYGON((490570.780743 5880786.886809, 490576.948340 5880786.886809, 490576.948340 5880793.292256, 490570.780743 5880793.292256, 490570.780743 5880786.886809))
4; POLYGON((490547.141599 5880773.262210, 490555.286960 5880773.262210, 490555.286960 5880781.346066, 490547.141599 5880781.346066, 490547.141599 5880773.262210))
4; POLYGON((490556.851715 5880770.627347, 490561.138649 5880770.627347, 490561.138649 5880775.117984, 490556.851715 5880775.117984, 490556.851715 5880770.627347))
