3; POLYGON((489937.200000 5881636.172400, 489962.642963 5881636.172400, 489962.642963 5881649.149200, 489937.200000 5881649.149200, 489937.200000 5881636.172400))
3; POLYGON((490025.864215 5881676.174045, 490037.200000 5881676.174045, 490037.200000 5881699.621781, 490025.864215 5881699.621781, 490025.864215 5881676.174045))
3; POLYGON((489967.324396 5881626.679254, 489985.551584 5881626.679254, 489985.551584 5881646.541461, 489967.324396 5881646.541461, 489967.324396 5881626.679254))
3; POLYGON((489966.520471 5881626.623181, 489998.912915 5881626.623181, 489998.912915 5881667.008829, 489966.520471 5881667.008829, 489966.520471 5881626.623181))
3; POLYGON((490025.808557 5881669.829355, 490037.200000 5881669.829355, 490037.200000 5881699.671438, 490025.808557 5881699.671438, 490025.808557 5881669.829355))
3; POLYGON((489937.313910 5881610.300000, 489951.927919 5881610.300000, 489951.927919 5881614.291870, 489937.313910 5881614.291870, 489937.313910 5881610.300000))
3; POLYGON((489937.209966 5881673.836581, 489941.306900 5881673.836581, 489941.306900 5881686.133746, 489937.209966 5881686.133746, 489937.209966 5881673.836581))
3; POLYGON((489981.920151 5881610.300000, 490002.034528 5881610.300000, 490002.034528 5881614.418677, 489981.920151 5881614.418677, 489981.920151 5881610.300000))
3; POLYGON((490025.899384 5881666.725436, 490037.200000 5881666.725436, 490037.200000 5881699.672910, 490025.899384 5881699.672910, 490025.899384 5881666.725436))
3; POLYGON((489973.077106 5881618.076361, 489979.498999 5881618.076361, 489979.498999 5881624.024725, 489973.077106 5881624.024725, 489973.077106 5881618.076361))
3; POLYGON((489979.221899 5881610.300000, 490001.389777 5881610.300000, 490001.389777 5881614.416803, 489979.221899 5881614.416803, 489979.221899 5881610.300000))
3; POLYGON((489976.288489 5881610.300000, 490001.901483 5881610.300000, 490001.901483 5881614.365375, 489976.288489 5881614.365375, 489976.288489 5881610.300000))
3; POLYGON((489947.847923 5881664.030704, 489971.763385 5881664.030704, 489971.763385 5881694.526619, 489947.847923 5881694.526619, 489947.847923 5881664.030704))
3; POLYGON((489966.647827 5881643.357764, 489998.945721 5881643.357764, 489998.945721 5881666.955765, 489966.647827 5881666.955765, 489966.647827 5881643.357764))
3; POLYGON((489937.283429 5881610.300000, 489953.826291 5881610.300000, 489953.826291 5881614.317108, 489937.283429 5881614.317108, 489937.283429 5881610.300000))
3; POLYGON((489980.986862 5881610.300000, 490001.197961 5881610.300000, 490001.197961 5881614.054279, 489980.986862 5881614.054279, 489980.986862 5881610.300000))
3; POLYGON((489984.676825 5881610.300000, 490002.199255 5881610.300000, 490002.199255 5881614.233649, 489984.676825 5881614.233649, 489984.676825 5881610.300000))
