3; POLYGON((491637.200000 5881052.151520, 491648.651083 5881052.151520, 491648.651083 5881064.954810, 491637.200000 5881064.954810, 491637.200000 5881052.151520))
4; POLYGON((491726.427637 5881010.300000, 491737.200000 5881010.300000, 491737.200000 5881028.785120, 491726.427637 5881028.785120, 491726.427637 5881010.300000))
4; POLYGON((491719.416510 5881073.810452, 491737.196454 5881073.810452, 491737.196454 5881110.300000, 491719.416510 5881110.300000, 491719.416510 5881073.810452))
1; POLYGON((491657.146747 5881055.859174, 491688.517914 5881055.859174, 491688.517914 5881093.714705, 491657.146747 5881093.714705, 491657.146747 5881055.859174))
4; POLYGON((491643.452789 5881094.111311, 491678.794925 5881094.111311, 491678.794925 5881110.296795, 491643.452789 5881110.296795, 491643.452789 5881094.111311))
4; POLYGON((491677.035907 5881064.197534, 491716.179297 5881064.197534, 491716.179297 5881110.085605, 491677.035907 5881110.085605, 491677.035907 5881064.197534))
4; POLYGON((491643.465321 5881094.122514, 491675.177957 5881094.122514, 491675.177957 5881110.300000, 491643.465321 5881110.300000, 491643.465321 5881094.122514))
4; POLYGON((491643.756934 5881055.637964, 491716.047467 5881055.637964, 491716.047467 5881110.300000, 491643.756934 5881110.300000, 491643.756934 5881055.637964))
4; POLYGON((491726.334210 5881010.300000, 491737.200000 5881010.300000, 491737.200000 5881034.068298, 491726.334210 5881034.068298, 491726.334210 5881010.300000))
4; POLYGON((491653.994434 5881071.239874, 491665.686700 5881071.239874, 491665.686700 5881087.958987, 491653.994434 5881087.958987, 491653.994434 5881071.239874))
1; POLYGON((491665.214139 5881055.896552, 491686.394489 5881055.896552, 491686.394489 5881080.033615, 491665.214139 5881080.033615, 491665.214139 5881055.896552))
4; POLYGON((491653.337384 5881055.865540, 491716.142090 5881055.865540, 491716.142090 5881110.213943, 491653.337384 5881110.213943, 491653.337384 5881055.865540))
4; POLYGON((491719.533032 5881063.342233, 491737.200000 5881063.342233, 491737.200000 5881110.293467, 491719.533032 5881110.293467, 491719.533032 5881063.342233))
