3; POLYGON((488631.756799 5880657.875641, 488637.182941 5880657.875641, 488637.182941 5880680.345645, 488631.756799 5880680.345645, 488631.756799 5880657.875641))
3; POLYGON((488537.326778 5880670.326154, 488552.597081 5880670.326154, 488552.597081 5880687.361853, 488537.326778 5880687.361853, 488537.326778 5880670.326154))
3; POLYGON((488630.598566 5880657.841046, 488637.196582 5880657.841046, 488637.196582 5880680.372028, 488630.598566 5880680.372028, 488630.598566 5880657.841046))
4; POLYGON((488553.505324 5880707.653756, 488567.578101 5880707.653756, 488567.578101 5880710.293499, 488553.505324 5880710.293499, 488553.505324 5880707.653756))
3; POLYGON((488629.721088 5880657.829175, 488637.188525 5880657.829175, 488637.188525 5880680.466797, 488629.721088 5880680.466797, 488629.721088 5880657.829175))
3; POLYGON((488542.774324 5880655.049591, 488554.291237 5880655.049591, 488554.291237 5880670.265738, 488542.774324 5880670.265738, 488542.774324 5880655.049591))
3; POLYGON((488625.857178 5880706.661344, 488637.166516 5880706.661344, 488637.166516 5880710.295442, 488625.857178 5880710.295442, 488625.857178 5880706.661344))
3; POLYGON((488596.516772 5880700.923590, 488608.599518 5880700.923590, 488608.599518 5880710.300000, 488596.516772 5880710.300000, 488596.516772 5880700.923590))
3; POLYGON((488602.363800 5880610.300000, 488613.211438 5880610.300000, 488613.211438 5880612.345972, 488602.363800 5880612.345972, 488602.363800 5880610.300000))
3; POLYGON((488620.240271 5880694.857288, 488636.281189 5880694.857288, 488636.281189 5880706.746276, 488620.240271 5880706.746276, 488620.240271 5880694.857288))
3; POLYGON((488602.445276 5880610.300000, 488614.431714 5880610.300000, 488614.431714 5880612.334467, 488602.445276 5880612.334467, 488602.445276 5880610.300000))
3; POLYGON((488602.147980 5880610.300000, 488614.106079 5880610.300000, 488614.106079 5880612.483374, 488602.147980 5880612.483374, 488602.147980 5880610.300000))
3; POLYGON((488602.525757 5880610.300000, 488615.728925 5880610.300000, 488615.728925 5880612.313977, 488602.525757 5880612.313977, 488602.525757 5880610.300000))
3; POLYGON((488537.284692 5880629.691937, 488576.181900 5880629.691937, 488576.181900 5880648.426892, 488537.284692 5880648.426892, 488537.284692 5880629.691937))
3; POLYGON((488585.582404 5880645.039856, 488605.349939 5880645.039856, 488605.349939 5880694.715938, 488585.582404 5880694.715938, 488585.582404 5880645.039856))
