3; POLYGON((489700.087433 5881364.102222, 489714.204028 5881364.102222, 489714.204028 5881376.046878, 489700.087433 5881376.046878, 489700.087433 5881364.102222))
3; POLYGON((489656.104433 5881368.812256, 489675.307166 5881368.812256, 489675.307166 5881390.167551, 489656.104433 5881390.167551, 489656.104433 5881368.812256))
3; POLYGON((489673.209152 5881328.617493, 489687.173898 5881328.617493, 489687.173898 5881340.961609, 489673.209152 5881340.961609, 489673.209152 5881328.617493))
3; POLYGON((489646.052879 5881394.196527, 489660.233568 5881394.196527, 489660.233568 5881410.300000, 489646.052879 5881410.300000, 489646.052879 5881394.196527))
3; POLYGON((489660.241187 5881393.167690, 489667.215540 5881393.167690, 489667.215540 5881398.804066, 489660.241187 5881398.804066, 489660.241187 5881393.167690))
3; POLYGON((489687.535034 5881390.284875, 489714.628516 5881390.284875, 489714.628516 5881410.298914, 489687.535034 5881410.298914, 489687.535034 5881390.284875))
3; POLYGON((489713.766718 5881339.738574, 489734.058258 5881339.738574, 489734.058258 5881365.244925, 489713.766718 5881365.244925, 489713.766718 5881339.738574))
3; POLYGON((489714.054572 5881406.251942, 489724.084613 5881406.251942, 489724.084613 5881410.297905, 489714.054572 5881410.297905, 489714.054572 5881406.251942))
3; POLYGON((489713.684125 5881406.096682, 489729.926440 5881406.096682, 489729.926440 5881410.292993, 489713.684125 5881410.292993, 489713.684125 5881406.096682))
4; POLYGON((489637.292874 5881338.942383, 489643.659505 5881338.942383, 489643.659505 5881346.342157, 489637.292874 5881346.342157, 489637.292874 5881338.942383))
3; POLYGON((489714.000092 5881406.250671, 489730.898767 5881406.250671, 489730.898767 5881410.297614, 489714.000092 5881410.297614, 489714.000092 5881406.250671))
3; POLYGON((489735.591339 5881351.189789, 489737.200000 5881351.189789, 489737.200000 5881366.246616, 489735.591339 5881366.246616, 489735.591339 5881351.189789))
3; POLYGON((489647.259612 5881327.101733, 489665.342020 5881327.101733, 489665.342020 5881346.838965, 489647.259612 5881346.838965, 489647.259612 5881327.101733))
