4; POLYGON((491137.324273 5882223.165991, 491146.415542 5882223.165991, 491146.415542 5882234.591315, 491137.324273 5882234.591315, 491137.324273 5882223.165991))
3; POLYGON((491203.648663 5882210.305908, 491229.685590 5882210.305908, 491229.685590 5882222.343756, 491203.648663 5882222.343756, 491203.648663 5882210.305908))
3; POLYGON((491175.700534 5882253.257178, 491196.453400 5882253.257178, 491196.453400 5882283.169614, 491175.700534 5882283.169614, 491175.700534 5882253.257178))
3; POLYGON((491137.207257 5882241.498071, 491153.512291 5882241.498071, 491153.512291 5882263.530176, 491137.207257 5882263.530176, 491137.207257 5882241.498071))
3; POLYGON((491209.530804 5882210.329425, 491229.633496 5882210.329425, 491229.633496 5882222.292688, 491209.530804 5882222.292688, 491209.530804 5882210.329425))
3; POLYGON((491228.416211 5882275.221356, 491237.200000 5882275.221356, 491237.200000 5882289.267757, 491228.416211 5882289.267757, 491228.416211 5882275.221356))
3; POLYGON((491228.368622 5882275.374396, 491237.200000 5882275.374396, 491237.200000 5882291.273653, 491228.368622 5882291.273653, 491228.368622 5882275.374396))
1; POLYGON((491137.255217 5882259.444467, 491149.499461 5882259.444467, 491149.499461 5882270.346158, 491137.255217 5882270.346158, 491137.255217 5882259.444467))
4; POLYGON((491137.203193 5882222.897876, 491144.905020 5882222.897876, 491144.905020 5882235.124121, 491137.203193 5882235.124121, 491137.203193 5882222.897876))
4; POLYGON((491137.213210 5882222.917889, 491146.377402 5882222.917889, 491146.377402 5882239.084839, 491137.213210 5882239.084839, 491137.213210 5882222.917889))
4; POLYGON((491137.200000 5882259.561697, 491149.321722 5882259.561697, 491149.321722 5882270.299075, 491137.200000 5882270.299075, 491137.200000 5882259.561697))
4; POLYGON((491137.200000 5882222.882953, 491146.500000 5882222.882953, 491146.500000 5882240.688647, 491137.200000 5882240.688647, 491137.200000 5882222.882953))
3; POLYGON((491228.287012 5882268.476843, 491237.200000 5882268.476843, 491237.200000 5882290.362314, 491228.287012 5882290.362314, 491228.287012 5882268.476843))
