4; POLYGON((491654.033679 5880216.935907, 491693.773242 5880216.935907, 491693.773242 5880229.613721, 491654.033679 5880229.613721, 491654.033679 5880216.935907))
4; POLYGON((491677.105380 5880286.705502, 491711.047778 5880286.705502, 491711.047778 5880310.295932, 491677.105380 5880310.295932, 491677.105380 5880286.705502))
4; POLYGON((491637.204035 5880245.741046, 491669.838376 5880245.741046, 491669.838376 5880258.807672, 491637.204035 5880258.807672, 491637.204035 5880245.741046))
4; POLYGON((491697.538983 5880232.803204, 491737.200000 5880232.803204, 491737.200000 5880268.719910, 491697.538983 5880268.719910, 491697.538983 5880232.803204))
4; POLYGON((491637.207106 5880283.817566, 491641.368004 5880283.817566, 491641.368004 5880294.674492, 491637.207106 5880294.674492, 491637.207106 5880283.817566))
4; POLYGON((491637.200000 5880283.580682, 491641.708980 5880283.580682, 491641.708980 5880294.747569, 491637.200000 5880294.747569, 491637.200000 5880283.580682))
4; POLYGON((491641.650159 5880271.669641, 491659.014894 5880271.669641, 491659.014894 5880281.882672, 491641.650159 5880281.882672, 491641.650159 5880271.669641))
4; POLYGON((491725.409790 5880308.220076, 491737.164874 5880308.220076, 491737.164874 5880310.297322, 491725.409790 5880310.297322, 491725.409790 5880308.220076))
4; POLYGON((491725.829156 5880308.473221, 491736.750525 5880308.473221, 491736.750525 5880310.296844, 491725.829156 5880310.296844, 491725.829156 5880308.473221))
4; POLYGON((491723.969086 5880308.424634, 491736.711688 5880308.424634, 491736.711688 5880310.294884, 491723.969086 5880310.294884, 491723.969086 5880308.424634))
4; POLYGON((491721.803839 5880308.146563, 491737.106689 5880308.146563, 491737.106689 5880310.298788, 491721.803839 5880310.298788, 491721.803839 5880308.146563))
