3; POLYGON((490812.292059 5882453.778601, 490828.599139 5882453.778601, 490828.599139 5882470.549622, 490812.292059 5882470.549622, 490812.292059 5882453.778601))
3; POLYGON((490752.665146 5882477.599182, 490767.811197 5882477.599182, 490767.811197 5882492.768207, 490752.665146 5882492.768207, 490752.665146 5882477.599182))
4; POLYGON((490766.569556 5882487.910487, 490780.733359 5882487.910487, 490780.733359 5882500.896259, 490766.569556 5882500.896259, 490766.569556 5882487.910487))
3; POLYGON((490792.040955 5882410.300000, 490812.005670 5882410.300000, 490812.005670 5882422.943439, 490792.040955 5882422.943439, 490792.040955 5882410.300000))
3; POLYGON((490759.361021 5882442.384064, 490775.348096 5882442.384064, 490775.348096 5882458.008942, 490759.361021 5882458.008942, 490759.361021 5882442.384064))
3; POLYGON((490805.184662 5882495.165900, 490826.385962 5882495.165900, 490826.385962 5882510.295469, 490805.184662 5882510.295469, 490805.184662 5882495.165900))
3; POLYGON((490820.715662 5882484.042722, 490836.892865 5882484.042722, 490836.892865 5882500.369551, 490820.715662 5882500.369551, 490820.715662 5882484.042722))
3; POLYGON((490803.759332 5882429.161456, 490821.282550 5882429.161456, 490821.282550 5882447.335468, 490803.759332 5882447.335468, 490803.759332 5882429.161456))
3; POLYGON((490737.237065 5882456.113782, 490752.708662 5882456.113782, 490752.708662 5882473.523978, 490737.237065 5882473.523978, 490737.237065 5882456.113782))
2; POLYGON((490816.489996 5882479.292722, 490827.303662 5882479.292722, 490827.303662 5882490.541809, 490816.489996 5882490.541809, 490816.489996 5882479.292722))
3; POLYGON((490737.209343 5882440.825177, 490740.964751 5882440.825177, 490740.964751 5882453.942944, 490737.209343 5882453.942944, 490737.209343 5882440.825177))
3; POLYGON((490737.202967 5882440.577814, 490741.240292 5882440.577814, 490741.240292 5882454.374548, 490737.202967 5882454.374548, 490737.202967 5882440.577814))
4; POLYGON((490770.604437 5882497.860266, 490791.476263 5882497.860266, 490791.476263 5882510.300000, 490770.604437 5882510.300000, 490770.604437 5882497.860266))
