3; POLYGON((491837.247517 5880115.670776, 491878.632019 5880115.670776, 491878.632019 5880148.072589, 491837.247517 5880148.072589, 491837.247517 5880115.670776))
3; POLYGON((491864.659555 5880135.085950, 491906.359509 5880135.085950, 491906.359509 5880167.123349, 491864.659555 5880167.123349, 491864.659555 5880135.085950))
3; POLYGON((491925.931976 5880160.414606, 491937.198444 5880160.414606, 491937.198444 5880189.219972, 491925.931976 5880189.219972, 491925.931976 5880160.414606))
3; POLYGON((491925.987634 5880157.352808, 491937.195764 5880157.352808, 491937.195764 5880189.274648, 491925.987634 5880189.274648, 491925.987634 5880157.352808))
3; POLYGON((491925.934503 5880153.140570, 491937.200000 5880153.140570, 491937.200000 5880189.285118, 491925.934503 5880189.285118, 491925.934503 5880153.140570))
3; POLYGON((491837.200000 5880110.300000, 491849.495692 5880110.300000, 491849.495692 5880115.781573, 491837.200000 5880115.781573, 491837.200000 5880110.300000))
3; POLYGON((491837.211954 5880110.300000, 491851.770477 5880110.300000, 491851.770477 5880116.092291, 491837.211954 5880116.092291, 491837.211954 5880110.300000))
3; POLYGON((491837.223261 5880110.300000, 491850.829030 5880110.300000, 491850.829030 5880115.426324, 491837.223261 5880115.426324, 491837.223261 5880110.300000))
3; POLYGON((491837.200000 5880110.300000, 491855.114952 5880110.300000, 491855.114952 5880118.077484, 491837.200000 5880118.077484, 491837.200000 5880110.300000))
3; POLYGON((491837.234775 5880110.300000, 491856.437395 5880110.300000, 491856.437395 5880116.017603, 491837.234775 5880116.017603, 491837.234775 5880110.300000))
3; POLYGON((491837.210027 5880110.300000, 491850.569791 5880110.300000, 491850.569791 5880118.845319, 491837.210027 5880118.845319, 491837.210027 5880110.300000))
3; POLYGON((491837.200000 5880110.300000, 491856.654797 5880110.300000, 491856.654797 5880117.465222, 491837.200000 5880117.465222, 491837.200000 5880110.300000))
3; POLYGON((491837.207752 5880110.300000, 491852.535100 5880110.300000, 491852.535100 5880120.410895, 491837.207752 5880120.410895, 491837.207752 5880110.300000))
3; POLYGON((491837.200000 5880110.300000, 491849.241522 5880110.300000, 491849.241522 5880119.787122, 491837.200000 5880119.787122, 491837.200000 5880110.300000))
3; POLYGON((491837.208240 5880110.300000, 491848.356246 5880110.300000, 491848.356246 5880121.040692, 491837.208240 5880121.040692, 491837.208240 5880110.300000))
3; POLYGON((491837.227105 5880110.300000, 491853.617049 5880110.300000, 491853.617049 5880115.608063, 491837.227105 5880115.608063, 491837.227105 5880110.300000))
3; POLYGON((491837.261879 5880110.300000, 491860.581660 5880110.300000, 491860.581660 5880115.263025, 491837.261879 5880115.263025, 491837.261879 5880110.300000))
3; POLYGON((491837.200000 5880110.300000, 491858.744949 5880110.300000, 491858.744949 5880117.124097, 491837.200000 5880117.124097, 491837.200000 5880110.300000))
3; POLYGON((491837.225237 5880110.300000, 491854.278879 5880110.300000, 491854.278879 5880117.553870, 491837.225237 5880117.553870, 491837.225237 5880110.300000))
3; POLYGON((491837.200000 5880110.300000, 491848.053786 5880110.300000, 491848.053786 5880115.470721, 491837.200000 5880115.470721, 491837.200000 5880110.300000))
3; POLYGON((491837.200000 5880110.300000, 491858.011665 5880110.300000, 491858.011665 5880118.217194, 491837.200000 5880118.217194, 491837.200000 5880110.300000))
3; POLYGON((491925.976740 5880148.973944, 491937.200000 5880148.973944, 491937.200000 5880189.268246, 491925.976740 5880189.268246, 491925.976740 5880148.973944))
