3; POLYGON((489983.233618 5880318.122455, 490023.410126 5880318.122455, 490023.410126 5880344.461554, 489983.233618 5880344.461554, 489983.233618 5880318.122455))
3; POLYGON((489993.183728 5880347.146698, 490037.118146 5880347.146698, 490037.118146 5880375.543539, 489993.183728 5880375.543539, 489993.183728 5880347.146698))
3; POLYGON((489950.694211 5880335.400055, 489977.522598 5880335.400055, 489977.522598 5880355.748047, 489950.694211 5880355.748047, 489950.694211 5880335.400055))
3; POLYGON((489961.709697 5880362.363010, 489996.477386 5880362.363010, 489996.477386 5880410.300000, 489961.709697 5880410.300000, 489961.709697 5880362.363010))
3; POLYGON((490006.980859 5880377.335004, 490037.200000 5880377.335004, 490037.200000 5880404.416295, 490006.980859 5880404.416295, 490006.980859 5880377.335004))
3; POLYGON((489937.200181 5880378.809821, 489949.166644 5880378.809821, 489949.166644 5880400.211920, 489937.200181 5880400.211920, 489937.200181 5880378.809821))
3; POLYGON((489943.110217 5880407.372397, 489960.574362 5880407.372397, 489960.574362 5880410.296161, 489943.110217 5880410.296161, 489943.110217 5880407.372397))
3; POLYGON((489938.731131 5880407.370817, 489960.479298 5880407.370817, 489960.479298 5880410.294233, 489938.731131 5880410.294233, 489938.731131 5880407.370817))
3; POLYGON((489940.516048 5880407.415926, 489960.587601 5880407.415926, 489960.587601 5880410.287021, 489940.516048 5880410.287021, 489940.516048 5880407.415926))
3; POLYGON((489937.335618 5880407.180806, 489960.610495 5880407.180806, 489960.610495 5880410.293517, 489937.335618 5880410.293517, 489937.335618 5880407.180806))
3; POLYGON((489939.951519 5880407.186333, 489960.383276 5880407.186333, 489960.383276 5880410.300000, 489939.951519 5880410.300000, 489939.951519 5880407.186333))
3; POLYGON((489944.449823 5880407.305311, 489960.425816 5880407.305311, 489960.425816 5880410.295929, 489944.449823 5880410.295929, 489944.449823 5880407.305311))
3; POLYGON((489945.420116 5880407.482870, 489960.307576 5880407.482870, 489960.307576 5880410.291864, 489945.420116 5880410.291864, 489945.420116 5880407.482870))
3; POLYGON((489937.200000 5880378.797552, 489949.134277 5880378.797552, 489949.134277 5880407.497581, 489937.200000 5880407.497581, 489937.200000 5880378.797552))
4; POLYGON((489941.707112 5880310.300000, 489968.246103 5880310.300000, 489968.246103 5880324.997485, 489941.707112 5880324.997485, 489941.707112 5880310.300000))
3; POLYGON((489946.662381 5880407.750847, 489960.407849 5880407.750847, 489960.407849 5880410.290278, 489946.662381 5880410.290278, 489946.662381 5880407.750847))
