3; POLYGON((488446.245699 5880164.388171, 488460.115163 5880164.388171, 488460.115163 5880188.941650, 488446.245699 5880188.941650, 488446.245699 5880164.388171))
3; POLYGON((488437.200000 5880203.662581, 488457.904460 5880203.662581, 488457.904460 5880210.273682, 488437.200000 5880210.273682, 488437.200000 5880203.662581))
3; POLYGON((488437.200000 5880115.485327, 488459.430159 5880115.485327, 488459.430159 5880129.277917, 488437.200000 5880129.277917, 488437.200000 5880115.485327))
3; POLYGON((488458.177374 5880138.019574, 488469.978812 5880138.019574, 488469.978812 5880151.972540, 488458.177374 5880151.972540, 488458.177374 5880138.019574))
3; POLYGON((488495.218109 5880139.946606, 488537.200000 5880139.946606, 488537.200000 5880186.315146, 488495.218109 5880186.315146, 488495.218109 5880139.946606))
2; POLYGON((488464.248801 5880110.671869, 488470.252679 5880110.671869, 488470.252679 5880117.855609, 488464.248801 5880117.855609, 488464.248801 5880110.671869))
3; POLYGON((488437.209500 5880165.397571, 488442.510400 5880165.397571, 488442.510400 5880176.873358, 488437.209500 5880176.873358, 488437.209500 5880165.397571))
3; POLYGON((488504.675336 5880113.728253, 488537.088354 5880113.728253, 488537.088354 5880126.650824, 488504.675336 5880126.650824, 488504.675336 5880113.728253))
3; POLYGON((488437.209521 5880146.234430, 488439.156342 5880146.234430, 488439.156342 5880160.094855, 488437.209521 5880160.094855, 488437.209521 5880146.234430))
3; POLYGON((488437.208451 5880165.322501, 488442.535520 5880165.322501, 488442.535520 5880178.988385, 488437.208451 5880178.988385, 488437.208451 5880165.322501))
3; POLYGON((488437.206971 5880145.602557, 488439.278406 5880145.602557, 488439.278406 5880160.175369, 488437.206971 5880160.175369, 488437.206971 5880145.602557))
3; POLYGON((488495.062909 5880139.937128, 488529.019745 5880139.937128, 488529.019745 5880186.439035, 488495.062909 5880186.439035, 488495.062909 5880139.937128))
3; POLYGON((488463.799686 5880138.633942, 488499.290875 5880138.633942, 488499.290875 5880198.093703, 488463.799686 5880198.093703, 488463.799686 5880138.633942))
3; POLYGON((488507.852753 5880162.059885, 488537.200000 5880162.059885, 488537.200000 5880186.409143, 488507.852753 5880186.409143, 488507.852753 5880162.059885))
