3; POLYGON((489870.284189 5880235.406042, 489892.582300 5880235.406042, 489892.582300 5880252.318713, 489870.284189 5880252.318713, 489870.284189 5880235.406042))
3; POLYGON((489843.374141 5880210.300000, 489884.863721 5880210.300000, 489884.863721 5880228.954578, 489843.374141 5880228.954578, 489843.374141 5880210.300000))
3; POLYGON((489901.117853 5880292.178743, 489928.627197 5880292.178743, 489928.627197 5880310.300000, 489901.117853 5880310.300000, 489901.117853 5880292.178743))
3; POLYGON((489895.680865 5880221.452155, 489937.200000 5880221.452155, 489937.200000 5880249.337872, 489895.680865 5880249.337872, 489895.680865 5880221.452155))
3; POLYGON((489837.211128 5880244.697424, 489855.413010 5880244.697424, 489855.413010 5880260.906015, 489837.211128 5880260.906015, 489837.211128 5880244.697424))
4; POLYGON((489893.378711 5880265.889655, 489916.430127 5880265.889655, 489916.430127 5880290.630403, 489893.378711 5880290.630403, 489893.378711 5880265.889655))
4; POLYGON((489837.839162 5880220.753589, 489847.158416 5880220.753589, 489847.158416 5880231.222510, 489837.839162 5880231.222510, 489837.839162 5880220.753589))
4; POLYGON((489839.091972 5880220.788904, 489847.156744 5880220.788904, 489847.156744 5880230.937653, 489839.091972 5880230.937653, 489839.091972 5880220.788904))
3; POLYGON((489860.631752 5880273.253503, 489871.517224 5880273.253503, 489871.517224 5880283.895959, 489860.631752 5880283.895959, 489860.631752 5880273.253503))
4; POLYGON((489876.028918 5880252.943469, 489902.884265 5880252.943469, 489902.884265 5880280.346320, 489876.028918 5880280.346320, 489876.028918 5880252.943469))
4; POLYGON((489837.220999 5880219.710956, 489847.146991 5880219.710956, 489847.146991 5880232.077209, 489837.220999 5880232.077209, 489837.220999 5880219.710956))
4; POLYGON((489837.248432 5880220.650281, 489847.180791 5880220.650281, 489847.180791 5880231.724988, 489837.248432 5880231.724988, 489837.248432 5880220.650281))
