3; POLYGON((490065.251898 5880339.834833, 490094.454395 5880339.834833, 490094.454395 5880386.257866, 490065.251898 5880386.257866, 490065.251898 5880339.834833))
3; POLYGON((490089.827039 5880389.604739, 490111.657153 5880389.604739, 490111.657153 5880410.300000, 490089.827039 5880410.300000, 490089.827039 5880389.604739))
3; POLYGON((490102.781464 5880338.964429, 490121.986340 5880338.964429, 490121.986340 5880376.151071, 490102.781464 5880376.151071, 490102.781464 5880338.964429))
3; POLYGON((490116.137561 5880327.715686, 490137.200000 5880327.715686, 490137.200000 5880373.289801, 490116.137561 5880373.289801, 490116.137561 5880327.715686))
3; POLYGON((490037.205871 5880375.746194, 490052.731488 5880375.746194, 490052.731488 5880395.359937, 490037.205871 5880395.359937, 490037.205871 5880375.746194))
3; POLYGON((490047.859083 5880310.300000, 490071.768799 5880310.300000, 490071.768799 5880335.644916, 490047.859083 5880335.644916, 490047.859083 5880310.300000))
3; POLYGON((490101.629230 5880310.300000, 490137.200000 5880310.300000, 490137.200000 5880327.944098, 490101.629230 5880327.944098, 490101.629230 5880310.300000))
3; POLYGON((490043.001754 5880404.980346, 490066.527225 5880404.980346, 490066.527225 5880410.300000, 490043.001754 5880410.300000, 490043.001754 5880404.980346))
3; POLYGON((490041.293065 5880404.812264, 490066.082217 5880404.812264, 490066.082217 5880410.298435, 490041.293065 5880410.298435, 490041.293065 5880404.812264))
3; POLYGON((490132.955151 5880379.660751, 490137.191351 5880379.660751, 490137.191351 5880407.548745, 490132.955151 5880407.548745, 490132.955151 5880379.660751))
3; POLYGON((490046.070703 5880404.932925, 490066.224896 5880404.932925, 490066.224896 5880410.300000, 490046.070703 5880410.300000, 490046.070703 5880404.932925))
3; POLYGON((490133.173425 5880379.498398, 490137.200000 5880379.498398, 490137.200000 5880409.894131, 490133.173425 5880409.894131, 490133.173425 5880379.498398))
3; POLYGON((490133.105084 5880379.364935, 490137.200000 5880379.364935, 490137.200000 5880404.218014, 490133.105084 5880404.218014, 490133.105084 5880379.364935))
3; POLYGON((490133.000385 5880379.390326, 490137.200000 5880379.390326, 490137.200000 5880401.916529, 490133.000385 5880401.916529, 490133.000385 5880379.390326))
3; POLYGON((490133.540759 5880379.617267, 490137.200000 5880379.617267, 490137.200000 5880410.074268, 490133.540759 5880410.074268, 490133.540759 5880379.617267))
3; POLYGON((490038.727709 5880404.770868, 490066.119052 5880404.770868, 490066.119052 5880410.290833, 490038.727709 5880410.290833, 490038.727709 5880404.770868))
3; POLYGON((490118.159241 5880386.925923, 490130.529541 5880386.925923, 490130.529541 5880399.053498, 490118.159241 5880399.053498, 490118.159241 5880386.925923))
3; POLYGON((490132.988531 5880379.607382, 490137.200000 5880379.607382, 490137.200000 5880399.446133, 490132.988531 5880399.446133, 490132.988531 5880379.607382))
