3; POLYGON((490525.862878 5881054.467389, 490537.200000 5881054.467389, 490537.200000 5881077.268884, 490525.862878 5881077.268884, 490525.862878 5881054.467389))
4; POLYGON((490482.539139 5881010.365942, 490508.857928 5881010.365942, 490508.857928 5881036.347937, 490482.539139 5881036.347937, 490482.539139 5881010.365942))
3; POLYGON((490509.571527 5881069.600909, 490532.165546 5881069.600909, 490532.165546 5881092.488947, 490509.571527 5881092.488947, 490509.571527 5881069.600909))
3; POLYGON((490466.506863 5881025.917365, 490489.558936 5881025.917365, 490489.558936 5881049.382568, 490466.506863 5881049.382568, 490466.506863 5881025.917365))
3; POLYGON((490477.408368 5881100.440030, 490494.717218 5881100.440030, 490494.717218 5881110.296784, 490477.408368 5881110.296784, 490477.408368 5881100.440030))
4; POLYGON((490454.674170 5881038.618335, 490474.076141 5881038.618335, 490474.076141 5881064.173615, 490454.674170 5881064.173615, 490454.674170 5881038.618335))
4; POLYGON((490437.333090 5881054.014520, 490462.141878 5881054.014520, 490462.141878 5881078.662424, 490437.333090 5881078.662424, 490437.333090 5881054.014520))
3; POLYGON((490508.967029 5881010.300000, 490527.692053 5881010.300000, 490527.692053 5881018.871533, 490508.967029 5881018.871533, 490508.967029 5881010.300000))
3; POLYGON((490437.210220 5881074.094537, 490442.227790 5881074.094537, 490442.227790 5881090.927728, 490437.210220 5881090.927728, 490437.210220 5881074.094537))
4; POLYGON((490437.356465 5881038.913165, 490474.167691 5881038.913165, 490474.167691 5881078.909528, 490437.356465 5881078.909528, 490437.356465 5881038.913165))
4; POLYGON((490490.261243 5881084.463397, 490517.634863 5881084.463397, 490517.634863 5881109.897293, 490490.261243 5881109.897293, 490490.261243 5881084.463397))
3; POLYGON((490437.204761 5881075.246570, 490442.462727 5881075.246570, 490442.462727 5881090.761409, 490437.204761 5881090.761409, 490437.204761 5881075.246570))
