3; POLYGON((489594.758667 5880448.216998, 489637.120758 5880448.216998, 489637.120758 5880471.771133, 489594.758667 5880471.771133, 489594.758667 5880448.216998))
3; POLYGON((489537.449544 5880414.059320, 489637.061816 5880414.059320, 489637.061816 5880456.793536, 489537.449544 5880456.793536, 489537.449544 5880414.059320))
3; POLYGON((489606.787469 5880481.546597, 489625.268036 5880481.546597, 489625.268036 5880510.300000, 489606.787469 5880510.300000, 489606.787469 5880481.546597))
3; POLYGON((489627.636157 5880476.829193, 489637.200000 5880476.829193, 489637.200000 5880484.966156, 489627.636157 5880484.966156, 489627.636157 5880476.829193))
3; POLYGON((489569.744736 5880457.768286, 489593.048804 5880457.768286, 489593.048804 5880510.147531, 489569.744736 5880510.147531, 489569.744736 5880457.768286))
3; POLYGON((489553.697617 5880410.300000, 489604.423279 5880410.300000, 489604.423279 5880422.766223, 489553.697617 5880422.766223, 489553.697617 5880410.300000))
3; POLYGON((489537.200000 5880462.386557, 489554.585274 5880462.386557, 489554.585274 5880510.300000, 489537.200000 5880510.300000, 489537.200000 5880462.386557))
3; POLYGON((489537.203552 5880411.798041, 489554.777577 5880411.798041, 489554.777577 5880430.066473, 489537.203552 5880430.066473, 489537.203552 5880411.798041))
3; POLYGON((489537.200000 5880464.382800, 489553.063582 5880464.382800, 489553.063582 5880510.300000, 489537.200000 5880510.300000, 489537.200000 5880464.382800))
3; POLYGON((489537.213123 5880466.651572, 489554.322014 5880466.651572, 489554.322014 5880510.276575, 489537.213123 5880510.276575, 489537.213123 5880466.651572))
4; POLYGON((489545.788027 5880458.955273, 489562.245071 5880458.955273, 489562.245071 5880502.534777, 489545.788027 5880502.534777, 489545.788027 5880458.955273))
3; POLYGON((489537.200000 5880460.272501, 489555.705664 5880460.272501, 489555.705664 5880510.300000, 489537.200000 5880510.300000, 489537.200000 5880460.272501))
3; POLYGON((489537.202751 5880465.741745, 489551.092714 5880465.741745, 489551.092714 5880510.300000, 489537.202751 5880510.300000, 489537.202751 5880465.741745))
3; POLYGON((489555.149162 5880410.300000, 489631.544525 5880410.300000, 489631.544525 5880422.924304, 489555.149162 5880422.924304, 489555.149162 5880410.300000))
3; POLYGON((489537.200000 5880460.306088, 489558.766270 5880460.306088, 489558.766270 5880510.300000, 489537.200000 5880510.300000, 489537.200000 5880460.306088))
4; POLYGON((489612.836084 5880433.167401, 489621.148047 5880433.167401, 489621.148047 5880441.841528, 489612.836084 5880441.841528, 489612.836084 5880433.167401))
