1; POLYGON((488137.204807 5881043.945917, 488152.263458 5881043.945917, 488152.263458 5881072.317044, 488137.204807 5881072.317044, 488137.204807 5881043.945917))
3; POLYGON((488154.961650 5881025.286737, 488187.052921 5881025.286737, 488187.052921 5881058.646368, 488154.961650 5881058.646368, 488154.961650 5881025.286737))
3; POLYGON((488219.093549 5881042.749561, 488237.200000 5881042.749561, 488237.200000 5881065.742288, 488219.093549 5881065.742288, 488219.093549 5881042.749561))
3; POLYGON((488183.842050 5881053.106775, 488213.668616 5881053.106775, 488213.668616 5881079.448877, 488183.842050 5881079.448877, 488183.842050 5881053.106775))
4; POLYGON((488179.861676 5881048.922076, 488194.086017 5881048.922076, 488194.086017 5881062.704126, 488179.861676 5881062.704126, 488179.861676 5881048.922076))
3; POLYGON((488218.912512 5881038.134229, 488237.200000 5881038.134229, 488237.200000 5881065.901126, 488218.912512 5881065.901126, 488218.912512 5881038.134229))
4; POLYGON((488206.083093 5881049.775787, 488224.443561 5881049.775787, 488224.443561 5881070.326678, 488206.083093 5881070.326678, 488206.083093 5881049.775787))
4; POLYGON((488155.388406 5881071.471091, 488166.223227 5881071.471091, 488166.223227 5881079.230649, 488155.388406 5881079.230649, 488155.388406 5881071.471091))
3; POLYGON((488195.971161 5881053.635052, 488213.708453 5881053.635052, 488213.708453 5881074.902991, 488195.971161 5881074.902991, 488195.971161 5881053.635052))
3; POLYGON((488154.812029 5881027.545404, 488176.552759 5881027.545404, 488176.552759 5881058.133264, 488154.812029 5881058.133264, 488154.812029 5881027.545404))
3; POLYGON((488184.067319 5881055.760004, 488202.371021 5881055.760004, 488202.371021 5881079.441193, 488184.067319 5881079.441193, 488184.067319 5881055.760004))
4; POLYGON((488191.838953 5881013.902118, 488210.133691 5881013.902118, 488210.133691 5881037.890314, 488191.838953 5881037.890314, 488191.838953 5881013.902118))
3; POLYGON((488218.930835 5881033.090186, 488237.200000 5881033.090186, 488237.200000 5881065.981198, 488218.930835 5881065.981198, 488218.930835 5881033.090186))
