3; POLYGON((490437.200000 5881752.042010, 490463.936652 5881752.042010, 490463.936652 5881797.288570, 490437.200000 5881797.288570, 490437.200000 5881752.042010))
3; POLYGON((490489.257227 5881766.982178, 490514.739880 5881766.982178, 490514.739880 5881793.926897, 490489.257227 5881793.926897, 490489.257227 5881766.982178))
3; POLYGON((490508.133063 5881798.204188, 490532.714807 5881798.204188, 490532.714807 5881810.292737, 490508.133063 5881810.292737, 490508.133063 5881798.204188))
3; POLYGON((490506.449530 5881748.161139, 490523.255487 5881748.161139, 490523.255487 5881766.404803, 490506.449530 5881766.404803, 490506.449530 5881748.161139))
3; POLYGON((490524.044189 5881710.300000, 490537.106000 5881710.300000, 490537.106000 5881714.891516, 490524.044189 5881714.891516, 490524.044189 5881710.300000))
3; POLYGON((490528.411108 5881786.989403, 490537.200000 5881786.989403, 490537.200000 5881804.005980, 490528.411108 5881804.005980, 490528.411108 5881786.989403))
3; POLYGON((490518.945331 5881716.068829, 490532.924884 5881716.068829, 490532.924884 5881732.697498, 490518.945331 5881732.697498, 490518.945331 5881716.068829))
3; POLYGON((490528.497992 5881784.083752, 490537.200000 5881784.083752, 490537.200000 5881804.121016, 490528.497992 5881804.121016, 490528.497992 5881784.083752))
3; POLYGON((490458.744246 5881787.733223, 490494.451984 5881787.733223, 490494.451984 5881810.300000, 490458.744246 5881810.300000, 490458.744246 5881787.733223))
3; POLYGON((490528.468402 5881781.310477, 490537.200000 5881781.310477, 490537.200000 5881804.025089, 490528.468402 5881804.025089, 490528.468402 5881781.310477))
3; POLYGON((490528.471576 5881778.584497, 490537.200000 5881778.584497, 490537.200000 5881804.118778, 490528.471576 5881804.118778, 490528.471576 5881778.584497))
3; POLYGON((490509.633490 5881731.342102, 490528.318427 5881731.342102, 490528.318427 5881749.119855, 490509.633490 5881749.119855, 490509.633490 5881731.342102))
3; POLYGON((490437.204321 5881757.737292, 490463.952948 5881757.737292, 490463.952948 5881797.264984, 490437.204321 5881797.264984, 490437.204321 5881757.737292))
3; POLYGON((490528.454291 5881774.842618, 490537.200000 5881774.842618, 490537.200000 5881804.222508, 490528.454291 5881804.222508, 490528.454291 5881774.842618))
3; POLYGON((490528.482874 5881771.051437, 490537.200000 5881771.051437, 490537.200000 5881804.358463, 490528.482874 5881804.358463, 490528.482874 5881771.051437))
3; POLYGON((490447.189532 5881710.300000, 490458.361823 5881710.300000, 490458.361823 5881712.451495, 490447.189532 5881712.451495, 490447.189532 5881710.300000))
