3; POLYGON((489883.137201 5881117.360419, 489910.868335 5881117.360419, 489910.868335 5881162.883655, 489883.137201 5881162.883655, 489883.137201 5881117.360419))
3; POLYGON((489916.544470 5881130.240778, 489937.200000 5881130.240778, 489937.200000 5881175.229169, 489916.544470 5881175.229169, 489916.544470 5881130.240778))
3; POLYGON((489837.200000 5881134.105640, 489859.596034 5881134.105640, 489859.596034 5881160.752420, 489837.200000 5881160.752420, 489837.200000 5881134.105640))
3; POLYGON((489894.993506 5881188.832774, 489926.711737 5881188.832774, 489926.711737 5881208.169496, 489894.993506 5881208.169496, 489894.993506 5881188.832774))
3; POLYGON((489857.425421 5881173.953207, 489888.840430 5881173.953207, 489888.840430 5881195.920824, 489857.425421 5881195.920824, 489857.425421 5881173.953207))
3; POLYGON((489933.432983 5881200.740453, 489937.200000 5881200.740453, 489937.200000 5881210.300000, 489933.432983 5881210.300000, 489933.432983 5881200.740453))
3; POLYGON((489876.430411 5881110.300000, 489892.054431 5881110.300000, 489892.054431 5881115.010229, 489876.430411 5881115.010229, 489876.430411 5881110.300000))
3; POLYGON((489875.766473 5881110.300000, 489891.043701 5881110.300000, 489891.043701 5881114.972748, 489875.766473 5881114.972748, 489875.766473 5881110.300000))
3; POLYGON((489877.020578 5881110.300000, 489891.070636 5881110.300000, 489891.070636 5881115.082147, 489877.020578 5881115.082147, 489877.020578 5881110.300000))
3; POLYGON((489933.930798 5881200.841980, 489937.200000 5881200.841980, 489937.200000 5881210.300000, 489933.930798 5881210.300000, 489933.930798 5881200.841980))
3; POLYGON((489868.572015 5881110.300000, 489891.210321 5881110.300000, 489891.210321 5881114.991498, 489868.572015 5881114.991498, 489868.572015 5881110.300000))
3; POLYGON((489868.017584 5881110.300000, 489890.706854 5881110.300000, 489890.706854 5881114.736963, 489868.017584 5881114.736963, 489868.017584 5881110.300000))
3; POLYGON((489871.815884 5881110.300000, 489890.461029 5881110.300000, 489890.461029 5881114.493707, 489871.815884 5881114.493707, 489871.815884 5881110.300000))
3; POLYGON((489932.180090 5881200.453272, 489937.200000 5881200.453272, 489937.200000 5881210.300000, 489932.180090 5881210.300000, 489932.180090 5881200.453272))
