3; POLYGON((490405.295636 5882472.007208, 490429.796625 5882472.007208, 490429.796625 5882510.290362, 490405.295636 5882510.290362, 490405.295636 5882472.007208))
3; POLYGON((490376.220630 5882499.769587, 490398.550745 5882499.769587, 490398.550745 5882510.290939, 490376.220630 5882510.290939, 490376.220630 5882499.769587))
3; POLYGON((490337.207263 5882453.660260, 490348.906647 5882453.660260, 490348.906647 5882476.347385, 490337.207263 5882476.347385, 490337.207263 5882453.660260))
3; POLYGON((490426.670178 5882410.300000, 490437.200000 5882410.300000, 490437.200000 5882414.083032, 490426.670178 5882414.083032, 490426.670178 5882410.300000))
3; POLYGON((490346.674751 5882410.300000, 490367.010684 5882410.300000, 490367.010684 5882424.639716, 490346.674751 5882424.639716, 490346.674751 5882410.300000))
2; POLYGON((490379.818445 5882446.404779, 490418.839771 5882446.404779, 490418.839771 5882486.876355, 490379.818445 5882486.876355, 490379.818445 5882446.404779))
3; POLYGON((490337.200000 5882485.561055, 490351.142783 5882485.561055, 490351.142783 5882505.238920, 490337.200000 5882505.238920, 490337.200000 5882485.561055))
2; POLYGON((490379.988013 5882461.181079, 490404.705737 5882461.181079, 490404.705737 5882485.635689, 490379.988013 5882485.635689, 490379.988013 5882461.181079))
3; POLYGON((490337.212797 5882422.026990, 490350.244768 5882422.026990, 490350.244768 5882443.352698, 490337.212797 5882443.352698, 490337.212797 5882422.026990))
3; POLYGON((490383.771445 5882410.314325, 490410.406610 5882410.314325, 490410.406610 5882425.285986, 490383.771445 5882425.285986, 490383.771445 5882410.314325))
3; POLYGON((490394.910077 5882410.300000, 490410.230627 5882410.300000, 490410.230627 5882425.317181, 490394.910077 5882425.317181, 490394.910077 5882410.300000))
3; POLYGON((490393.264935 5882410.300000, 490410.270667 5882410.300000, 490410.270667 5882425.335468, 490393.264935 5882425.335468, 490393.264935 5882410.300000))
3; POLYGON((490387.608826 5882410.300000, 490410.239801 5882410.300000, 490410.239801 5882425.324976, 490387.608826 5882425.324976, 490387.608826 5882410.300000))
