3; POLYGON((490015.965863 5880230.624225, 490033.135626 5880230.624225, 490033.135626 5880250.263116, 490015.965863 5880250.263116, 490015.965863 5880230.624225))
3; POLYGON((489953.872498 5880217.205066, 489968.958862 5880217.205066, 489968.958862 5880233.225433, 489953.872498 5880233.225433, 489953.872498 5880217.205066))
3; POLYGON((489955.954088 5880236.173926, 489964.901431 5880236.173926, 489964.901431 5880243.457141, 489955.954088 5880243.457141, 489955.954088 5880236.173926))
3; POLYGON((490024.984357 5880252.835382, 490037.200000 5880252.835382, 490037.200000 5880281.150452, 490024.984357 5880281.150452, 490024.984357 5880252.835382))
3; POLYGON((490006.285498 5880210.300000, 490037.110040 5880210.300000, 490037.110040 5880227.366113, 490006.285498 5880227.366113, 490006.285498 5880210.300000))
3; POLYGON((489937.213509 5880222.191968, 489946.504278 5880222.191968, 489946.504278 5880238.496747, 489937.213509 5880238.496747, 489937.213509 5880222.191968))
4; POLYGON((489937.299644 5880244.994617, 489968.209689 5880244.994617, 489968.209689 5880310.284068, 489937.299644 5880310.284068, 489937.299644 5880244.994617))
3; POLYGON((490024.996240 5880252.937518, 490037.200000 5880252.937518, 490037.200000 5880266.476166, 490024.996240 5880266.476166, 490024.996240 5880252.937518))
3; POLYGON((489937.203680 5880224.090552, 489940.761296 5880224.090552, 489940.761296 5880238.325061, 489937.203680 5880238.325061, 489937.203680 5880224.090552))
4; POLYGON((490020.509644 5880214.984125, 490032.261890 5880214.984125, 490032.261890 5880223.458594, 490020.509644 5880223.458594, 490020.509644 5880214.984125))
3; POLYGON((489937.205533 5880222.231500, 489946.515141 5880222.231500, 489946.515141 5880236.851007, 489937.205533 5880236.851007, 489937.205533 5880222.231500))
1; POLYGON((489937.204488 5880282.358484, 489942.856096 5880282.358484, 489942.856096 5880299.997052, 489937.204488 5880299.997052, 489937.204488 5880282.358484))
3; POLYGON((489937.312374 5880222.163190, 489946.524451 5880222.163190, 489946.524451 5880235.020770, 489937.312374 5880235.020770, 489937.312374 5880222.163190))
3; POLYGON((489937.200371 5880222.286163, 489946.517475 5880222.286163, 489946.517475 5880242.460480, 489937.200371 5880242.460480, 489937.200371 5880222.286163))
1; POLYGON((489937.206680 5880275.924603, 489942.986626 5880275.924603, 489942.986626 5880300.148224, 489937.206680 5880300.148224, 489937.206680 5880275.924603))
