3; POLYGON((491809.615094 5880031.871606, 491837.056604 5880031.871606, 491837.056604 5880059.687518, 491809.615094 5880059.687518, 491809.615094 5880031.871606))
3; POLYGON((491779.708261 5880075.264066, 491821.951477 5880075.264066, 491821.951477 5880108.208771, 491779.708261 5880108.208771, 491779.708261 5880075.264066))
3; POLYGON((491753.208455 5880056.121936, 491794.159741 5880056.121936, 491794.159741 5880087.626985, 491753.208455 5880087.626985, 491753.208455 5880056.121936))
3; POLYGON((491804.622577 5880010.300000, 491821.853326 5880010.300000, 491821.853326 5880017.908228, 491804.622577 5880017.908228, 491804.622577 5880010.300000))
3; POLYGON((491814.094122 5880097.634306, 491837.200000 5880097.634306, 491837.200000 5880110.289939, 491814.094122 5880110.289939, 491814.094122 5880097.634306))
3; POLYGON((491815.945264 5880095.954221, 491837.191803 5880095.954221, 491837.191803 5880110.294305, 491815.945264 5880110.294305, 491815.945264 5880095.954221))
3; POLYGON((491834.760791 5880010.376398, 491837.200000 5880010.376398, 491837.200000 5880024.011145, 491834.760791 5880024.011145, 491834.760791 5880010.376398))
3; POLYGON((491811.050653 5880097.590350, 491837.183185 5880097.590350, 491837.183185 5880110.287808, 491811.050653 5880110.287808, 491811.050653 5880097.590350))
3; POLYGON((491834.768268 5880010.300000, 491837.200000 5880010.300000, 491837.200000 5880025.951270, 491834.768268 5880025.951270, 491834.768268 5880010.300000))
3; POLYGON((491813.654706 5880096.356854, 491837.200000 5880096.356854, 491837.200000 5880110.300000, 491813.654706 5880110.300000, 491813.654706 5880096.356854))
3; POLYGON((491832.743787 5880060.305405, 491837.200000 5880060.305405, 491837.200000 5880076.635925, 491832.743787 5880076.635925, 491832.743787 5880060.305405))
3; POLYGON((491832.540521 5880060.499582, 491837.200000 5880060.499582, 491837.200000 5880077.961371, 491832.540521 5880077.961371, 491832.540521 5880060.499582))
3; POLYGON((491834.673315 5880010.324182, 491837.184558 5880010.324182, 491837.184558 5880024.781622, 491834.673315 5880024.781622, 491834.673315 5880010.324182))
3; POLYGON((491815.762543 5880092.843216, 491837.200000 5880092.843216, 491837.200000 5880110.300000, 491815.762543 5880110.300000, 491815.762543 5880092.843216))
3; POLYGON((491832.902905 5880060.481387, 491837.200000 5880060.481387, 491837.200000 5880075.380304, 491832.902905 5880075.380304, 491832.902905 5880060.481387))
3; POLYGON((491834.354919 5880010.357935, 491837.200000 5880010.357935, 491837.200000 5880024.402148, 491834.354919 5880024.402148, 491834.354919 5880010.357935))
3; POLYGON((491804.661688 5880010.300000, 491828.537427 5880010.300000, 491828.537427 5880017.846826, 491804.661688 5880017.846826, 491804.661688 5880010.300000))
3; POLYGON((491834.412927 5880010.321655, 491837.200000 5880010.321655, 491837.200000 5880026.279150, 491834.412927 5880026.279150, 491834.412927 5880010.321655))
3; POLYGON((491833.184680 5880059.882782, 491837.200000 5880059.882782, 491837.200000 5880075.000433, 491833.184680 5880075.000433, 491833.184680 5880059.882782))
3; POLYGON((491832.342499 5880060.164261, 491837.197705 5880060.164261, 491837.197705 5880076.198694, 491832.342499 5880076.198694, 491832.342499 5880060.164261))
3; POLYGON((491834.353931 5880010.300000, 491837.200000 5880010.300000, 491837.200000 5880029.876697, 491834.353931 5880029.876697, 491834.353931 5880010.300000))
3; POLYGON((491834.653900 5880010.327887, 491837.191315 5880010.327887, 491837.191315 5880032.117847, 491834.653900 5880032.117847, 491834.653900 5880010.327887))
3; POLYGON((491834.782501 5880010.300000, 491837.200000 5880010.300000, 491837.200000 5880029.897394, 491834.782501 5880029.897394, 491834.782501 5880010.300000))
