3; POLYGON((490289.569666 5880271.906271, 490309.956403 5880271.906271, 490309.956403 5880310.300000, 490289.569666 5880310.300000, 490289.569666 5880271.906271))
3; POLYGON((490262.700212 5880258.245648, 490295.867529 5880258.245648, 490295.867529 5880275.580643, 490262.700212 5880275.580643, 490262.700212 5880258.245648))
3; POLYGON((490266.954822 5880278.244778, 490284.833545 5880278.244778, 490284.833545 5880310.267492, 490266.954822 5880310.267492, 490266.954822 5880278.244778))
3; POLYGON((490260.420444 5880210.300000, 490275.768863 5880210.300000, 490275.768863 5880233.422839, 490260.420444 5880233.422839, 490260.420444 5880210.300000))
3; POLYGON((490240.565506 5880210.300000, 490256.698778 5880210.300000, 490256.698778 5880238.061548, 490240.565506 5880238.061548, 490240.565506 5880210.300000))
3; POLYGON((490251.423488 5880282.779837, 490268.504089 5880282.779837, 490268.504089 5880310.300000, 490251.423488 5880310.300000, 490251.423488 5880282.779837))
3; POLYGON((490303.873096 5880253.204187, 490330.188995 5880253.204187, 490330.188995 5880310.298456, 490303.873096 5880310.298456, 490303.873096 5880253.204187))
3; POLYGON((490250.300708 5880236.466132, 490278.816092 5880236.466132, 490278.816092 5880252.269568, 490250.300708 5880252.269568, 490250.300708 5880236.466132))
3; POLYGON((490281.152911 5880210.300000, 490295.128656 5880210.300000, 490295.128656 5880219.494739, 490281.152911 5880219.494739, 490281.152911 5880210.300000))
3; POLYGON((490237.200000 5880246.098529, 490245.749561 5880246.098529, 490245.749561 5880257.615277, 490237.200000 5880257.615277, 490237.200000 5880246.098529))
3; POLYGON((490237.204438 5880268.834128, 490260.322954 5880268.834128, 490260.322954 5880284.612155, 490237.204438 5880284.612155, 490237.204438 5880268.834128))
3; POLYGON((490287.607205 5880224.494830, 490311.341437 5880224.494830, 490311.341437 5880241.514648, 490287.607205 5880241.514648, 490287.607205 5880224.494830))
3; POLYGON((490237.208567 5880288.778142, 490244.865340 5880288.778142, 490244.865340 5880310.296959, 490237.208567 5880310.296959, 490237.208567 5880288.778142))
3; POLYGON((490237.200638 5880215.381683, 490241.845321 5880215.381683, 490241.845321 5880242.446100, 490237.200638 5880242.446100, 490237.200638 5880215.381683))
3; POLYGON((490237.200000 5880212.191608, 490241.877380 5880212.191608, 490241.877380 5880242.648529, 490237.200000 5880242.648529, 490237.200000 5880212.191608))
3; POLYGON((490237.204075 5880221.336444, 490241.872818 5880221.336444, 490241.872818 5880242.772284, 490237.204075 5880242.772284, 490237.204075 5880221.336444))
3; POLYGON((490237.209879 5880210.539594, 490241.675356 5880210.539594, 490241.675356 5880242.424976, 490237.209879 5880242.424976, 490237.209879 5880210.539594))
3; POLYGON((490237.206436 5880221.123792, 490241.534844 5880221.123792, 490241.534844 5880242.146741, 490237.206436 5880242.146741, 490237.206436 5880221.123792))
4; POLYGON((490323.540289 5880246.836566, 490337.200000 5880246.836566, 490337.200000 5880263.258929, 490323.540289 5880263.258929, 490323.540289 5880246.836566))
