3; POLYGON((489476.004892 5882336.251178, 489503.112152 5882336.251178, 489503.112152 5882373.279819, 489476.004892 5882373.279819, 489476.004892 5882336.251178))
3; POLYGON((489452.566623 5882310.319690, 489480.069601 5882310.319690, 489480.069601 5882335.365869, 489452.566623 5882335.365869, 489452.566623 5882310.319690))
3; POLYGON((489440.765276 5882357.811493, 489467.996698 5882357.811493, 489467.996698 5882394.223299, 489440.765276 5882394.223299, 489440.765276 5882357.811493))
3; POLYGON((489500.507672 5882321.906989, 489537.200000 5882321.906989, 489537.200000 5882382.130746, 489500.507672 5882382.130746, 489500.507672 5882321.906989))
3; POLYGON((489498.777081 5882372.927841, 489525.880615 5882372.927841, 489525.880615 5882409.891470, 489498.777081 5882409.891470, 489498.777081 5882372.927841))
3; POLYGON((489488.215164 5882310.300000, 489504.804352 5882310.300000, 489504.804352 5882321.502808, 489488.215164 5882321.502808, 489488.215164 5882310.300000))
3; POLYGON((489463.772394 5882394.926917, 489483.417892 5882394.926917, 489483.417892 5882410.290545, 489463.772394 5882410.290545, 489463.772394 5882394.926917))
3; POLYGON((489437.204874 5882338.774463, 489445.166367 5882338.774463, 489445.166367 5882357.364288, 489437.204874 5882357.364288, 489437.204874 5882338.774463))
3; POLYGON((489437.204715 5882388.925662, 489443.575118 5882388.925662, 489443.575118 5882409.232043, 489437.204715 5882409.232043, 489437.204715 5882388.925662))
3; POLYGON((489437.214325 5882385.758781, 489443.575643 5882385.758781, 489443.575643 5882409.244368, 489437.214325 5882409.244368, 489437.214325 5882385.758781))
3; POLYGON((489437.217017 5882382.893567, 489443.552332 5882382.893567, 489443.552332 5882409.236826, 489437.217017 5882409.236826, 489437.217017 5882382.893567))
3; POLYGON((489437.204907 5882390.927734, 489443.582409 5882390.927734, 489443.582409 5882409.216563, 489437.204907 5882409.216563, 489437.204907 5882390.927734))
3; POLYGON((489437.220409 5882378.402344, 489443.524590 5882378.402344, 489443.524590 5882409.262346, 489437.220409 5882409.262346, 489437.220409 5882378.402344))
3; POLYGON((489526.961633 5882364.687900, 489537.200000 5882364.687900, 489537.200000 5882382.062558, 489526.961633 5882382.062558, 489526.961633 5882364.687900))
3; POLYGON((489437.216541 5882331.012762, 489445.203226 5882331.012762, 489445.203226 5882357.389795, 489437.216541 5882357.389795, 489437.216541 5882331.012762))
