4; POLYGON((491440.192523 5880063.777563, 491509.251807 5880063.777563, 491509.251807 5880110.221671, 491440.192523 5880110.221671, 491440.192523 5880063.777563))
4; POLYGON((491481.905301 5880019.793689, 491528.251086 5880019.793689, 491528.251086 5880059.239850, 491481.905301 5880059.239850, 491481.905301 5880019.793689))
4; POLYGON((491437.200018 5880010.319116, 491474.355704 5880010.319116, 491474.355704 5880065.924570, 491437.200018 5880065.924570, 491437.200018 5880010.319116))
4; POLYGON((491509.307031 5880059.025720, 491535.982239 5880059.025720, 491535.982239 5880086.073999, 491509.307031 5880086.073999, 491509.307031 5880059.025720))
4; POLYGON((491528.499493 5880104.640366, 491537.200000 5880104.640366, 491537.200000 5880110.300000, 491528.499493 5880110.300000, 491528.499493 5880104.640366))
4; POLYGON((491529.336914 5880104.611732, 491537.200000 5880104.611732, 491537.200000 5880110.297485, 491529.336914 5880110.297485, 491529.336914 5880104.611732))
1; POLYGON((491500.248553 5880058.703363, 491516.613251 5880058.703363, 491516.613251 5880076.314352, 491500.248553 5880076.314352, 491500.248553 5880058.703363))
4; POLYGON((491500.182733 5880058.472968, 491516.758594 5880058.472968, 491516.758594 5880076.334177, 491500.182733 5880076.334177, 491500.182733 5880058.472968))
4; POLYGON((491518.394098 5880010.300000, 491537.200000 5880010.300000, 491537.200000 5880017.842554, 491518.394098 5880017.842554, 491518.394098 5880010.300000))
4; POLYGON((491522.564703 5880010.300000, 491537.187122 5880010.300000, 491537.187122 5880018.032922, 491522.564703 5880018.032922, 491522.564703 5880010.300000))
