4; POLYGON((489337.200000 5881540.003943, 489367.750500 5881540.003943, 489367.750500 5881594.290337, 489337.200000 5881594.290337, 489337.200000 5881540.003943))
3; POLYGON((489374.374939 5881577.488437, 489394.964313 5881577.488437, 489394.964313 5881607.145088, 489374.374939 5881607.145088, 489374.374939 5881577.488437))
4; POLYGON((489387.064362 5881556.543793, 489408.333203 5881556.543793, 489408.333203 5881576.915213, 489387.064362 5881576.915213, 489387.064362 5881556.543793))
4; POLYGON((489367.845294 5881606.105770, 489383.377484 5881606.105770, 489383.377484 5881610.300000, 489367.845294 5881610.300000, 489367.845294 5881606.105770))
4; POLYGON((489367.497803 5881606.075666, 489384.849637 5881606.075666, 489384.849637 5881610.300000, 489367.497803 5881610.300000, 489367.497803 5881606.075666))
3; POLYGON((489417.696338 5881511.873352, 489437.127332 5881511.873352, 489437.127332 5881530.071271, 489417.696338 5881530.071271, 489417.696338 5881511.873352))
4; POLYGON((489367.718118 5881606.098569, 489387.474844 5881606.098569, 489387.474844 5881610.300000, 489367.718118 5881610.300000, 489367.718118 5881606.098569))
4; POLYGON((489337.200000 5881591.705688, 489351.960725 5881591.705688, 489351.960725 5881610.300000, 489337.200000 5881610.300000, 489337.200000 5881591.705688))
3; POLYGON((489424.669159 5881515.585010, 489437.118243 5881515.585010, 489437.118243 5881530.173663, 489424.669159 5881530.173663, 489424.669159 5881515.585010))
4; POLYGON((489367.466061 5881606.097240, 489391.909088 5881606.097240, 489391.909088 5881610.299036, 489367.466061 5881610.299036, 489367.466061 5881606.097240))
