4; POLYGON((491592.351495 5881777.312613, 491637.008258 5881777.312613, 491637.008258 5881799.931602, 491592.351495 5881799.931602, 491592.351495 5881777.312613))
4; POLYGON((491604.788409 5881733.094891, 491631.630524 5881733.094891, 491631.630524 5881751.819604, 491604.788409 5881751.819604, 491604.788409 5881733.094891))
4; POLYGON((491561.776042 5881728.045514, 491596.945837 5881728.045514, 491596.945837 5881756.186499, 491561.776042 5881756.186499, 491561.776042 5881728.045514))
4; POLYGON((491607.974420 5881733.188226, 491631.629108 5881733.188226, 491631.629108 5881751.130511, 491607.974420 5881751.130511, 491607.974420 5881733.188226))
4; POLYGON((491537.200000 5881766.112253, 491564.768234 5881766.112253, 491564.768234 5881794.135687, 491537.200000 5881794.135687, 491537.200000 5881766.112253))
4; POLYGON((491597.005878 5881710.319781, 491620.694220 5881710.319781, 491620.694220 5881712.023260, 491597.005878 5881712.023260, 491597.005878 5881710.319781))
4; POLYGON((491592.934619 5881710.300000, 491620.701538 5881710.300000, 491620.701538 5881712.281610, 491592.934619 5881712.281610, 491592.934619 5881710.300000))
4; POLYGON((491593.977972 5881710.300000, 491620.291144 5881710.300000, 491620.291144 5881712.166382, 491593.977972 5881712.166382, 491593.977972 5881710.300000))
4; POLYGON((491596.502136 5881710.310712, 491620.665344 5881710.310712, 491620.665344 5881711.883215, 491596.502136 5881711.883215, 491596.502136 5881710.310712))
4; POLYGON((491609.499237 5881733.190216, 491631.705566 5881733.190216, 491631.705566 5881750.464832, 491609.499237 5881750.464832, 491609.499237 5881733.190216))
