3; POLYGON((489888.045654 5882322.467084, 489920.254620 5882322.467084, 489920.254620 5882370.894138, 489888.045654 5882370.894138, 489888.045654 5882322.467084))
3; POLYGON((489837.318911 5882363.682101, 489891.019659 5882363.682101, 489891.019659 5882398.005344, 489837.318911 5882398.005344, 489837.318911 5882363.682101))
3; POLYGON((489858.933705 5882310.333228, 489893.403265 5882310.333228, 489893.403265 5882355.049921, 489858.933705 5882355.049921, 489858.933705 5882310.333228))
3; POLYGON((489922.113843 5882325.953864, 489937.200000 5882325.953864, 489937.200000 5882386.105537, 489922.113843 5882386.105537, 489922.113843 5882325.953864))
3; POLYGON((489837.200000 5882310.300000, 489861.299733 5882310.300000, 489861.299733 5882338.576007, 489837.200000 5882338.576007, 489837.200000 5882310.300000))
3; POLYGON((489904.331219 5882398.638539, 489922.330151 5882398.638539, 489922.330151 5882410.297327, 489904.331219 5882410.297327, 489904.331219 5882398.638539))
3; POLYGON((489911.576251 5882310.300000, 489924.010468 5882310.300000, 489924.010468 5882314.108539, 489911.576251 5882314.108539, 489911.576251 5882310.300000))
3; POLYGON((489911.603851 5882310.300000, 489926.844318 5882310.300000, 489926.844318 5882314.124481, 489911.603851 5882314.124481, 489911.603851 5882310.300000))
3; POLYGON((489911.552258 5882310.302039, 489922.544562 5882310.302039, 489922.544562 5882313.747424, 489911.552258 5882313.747424, 489911.552258 5882310.302039))
3; POLYGON((489911.628650 5882310.300000, 489929.410193 5882310.300000, 489929.410193 5882314.009570, 489911.628650 5882314.009570, 489911.628650 5882310.300000))
