3; POLYGON((491095.277350 5881811.165594, 491120.081140 5881811.165594, 491120.081140 5881850.044391, 491095.277350 5881850.044391, 491095.277350 5881811.165594))
3; POLYGON((491038.575836 5881846.286493, 491100.680353 5881846.286493, 491100.680353 5881877.815881, 491038.575836 5881877.815881, 491038.575836 5881846.286493))
3; POLYGON((491037.200000 5881810.300000, 491050.097174 5881810.300000, 491050.097174 5881817.793622, 491037.200000 5881817.793622, 491037.200000 5881810.300000))
3; POLYGON((491060.894365 5881846.459412, 491100.608710 5881846.459412, 491100.608710 5881872.140234, 491060.894365 5881872.140234, 491060.894365 5881846.459412))
3; POLYGON((491037.208653 5881870.618549, 491040.273826 5881870.618549, 491040.273826 5881887.634354, 491037.208653 5881887.634354, 491037.208653 5881870.618549))
3; POLYGON((491132.010730 5881875.781604, 491137.200000 5881875.781604, 491137.200000 5881889.057500, 491132.010730 5881889.057500, 491132.010730 5881875.781604))
3; POLYGON((491123.371552 5881810.300000, 491137.200000 5881810.300000, 491137.200000 5881826.744293, 491123.371552 5881826.744293, 491123.371552 5881810.300000))
3; POLYGON((491037.204610 5881870.251434, 491040.503192 5881870.251434, 491040.503192 5881887.873116, 491037.204610 5881887.873116, 491037.204610 5881870.251434))
3; POLYGON((491037.209107 5881870.058093, 491039.910682 5881870.058093, 491039.910682 5881887.859399, 491037.209107 5881887.859399, 491037.209107 5881870.058093))
3; POLYGON((491037.212377 5881867.758517, 491040.302420 5881867.758517, 491040.302420 5881888.007942, 491037.212377 5881888.007942, 491037.212377 5881867.758517))
3; POLYGON((491037.209667 5881871.550879, 491040.158885 5881871.550879, 491040.158885 5881887.359592, 491037.209667 5881887.359592, 491037.209667 5881871.550879))
