4; POLYGON((489237.200000 5880610.787103, 489275.091467 5880610.787103, 489275.091467 5880710.092248, 489237.200000 5880710.092248, 489237.200000 5880610.787103))
4; POLYGON((489276.504797 5880654.325153, 489318.229395 5880654.325153, 489318.229395 5880698.897430, 489276.504797 5880698.897430, 489276.504797 5880654.325153))
3; POLYGON((489316.323645 5880610.300000, 489337.137469 5880610.300000, 489337.137469 5880626.938855, 489316.323645 5880626.938855, 489316.323645 5880610.300000))
4; POLYGON((489237.200000 5880610.372083, 489307.397137 5880610.372083, 489307.397137 5880710.033093, 489237.200000 5880710.033093, 489237.200000 5880610.372083))
1; POLYGON((489328.305444 5880690.289780, 489337.200000 5880690.289780, 489337.200000 5880706.400384, 489328.305444 5880706.400384, 489328.305444 5880690.289780))
4; POLYGON((489296.017743 5880700.801817, 489315.988513 5880700.801817, 489315.988513 5880710.300000, 489296.017743 5880710.300000, 489296.017743 5880700.801817))
4; POLYGON((489250.518948 5880610.300000, 489308.356329 5880610.300000, 489308.356329 5880637.762274, 489250.518948 5880637.762274, 489250.518948 5880610.300000))
1; POLYGON((489272.244568 5880677.866217, 489277.904636 5880677.866217, 489277.904636 5880683.527979, 489272.244568 5880683.527979, 489272.244568 5880677.866217))
1; POLYGON((489272.404288 5880677.598300, 489278.165723 5880677.598300, 489278.165723 5880683.405890, 489272.404288 5880683.405890, 489272.404288 5880677.598300))
4; POLYGON((489260.090457 5880610.300000, 489308.249054 5880610.300000, 489308.249054 5880634.369019, 489260.090457 5880634.369019, 489260.090457 5880610.300000))
4; POLYGON((489237.941947 5880610.313800, 489308.348273 5880610.313800, 489308.348273 5880638.241302, 489237.941947 5880638.241302, 489237.941947 5880610.313800))
