3; POLYGON((489823.447382 5881133.133997, 489837.200000 5881133.133997, 489837.200000 5881153.808893, 489823.447382 5881153.808893, 489823.447382 5881133.133997))
3; POLYGON((489810.194427 5881193.545702, 489837.200000 5881193.545702, 489837.200000 5881210.298185, 489810.194427 5881210.298185, 489810.194427 5881193.545702))
3; POLYGON((489806.777032 5881110.307684, 489829.490100 5881110.307684, 489829.490100 5881132.984625, 489806.777032 5881132.984625, 489806.777032 5881110.307684))
3; POLYGON((489737.220406 5881117.169336, 489775.306808 5881117.169336, 489775.306808 5881151.206299, 489737.220406 5881151.206299, 489737.220406 5881117.169336))
3; POLYGON((489744.295240 5881177.938544, 489756.316788 5881177.938544, 489756.316788 5881191.901787, 489744.295240 5881191.901787, 489744.295240 5881177.938544))
3; POLYGON((489737.204204 5881171.421307, 489745.451674 5881171.421307, 489745.451674 5881187.248058, 489737.204204 5881187.248058, 489737.204204 5881171.421307))
3; POLYGON((489768.235791 5881110.300000, 489788.863580 5881110.300000, 489788.863580 5881123.723279, 489768.235791 5881123.723279, 489768.235791 5881110.300000))
3; POLYGON((489755.117432 5881110.300000, 489767.683383 5881110.300000, 489767.683383 5881113.764166, 489755.117432 5881113.764166, 489755.117432 5881110.300000))
3; POLYGON((489755.844690 5881110.304926, 489767.552545 5881110.304926, 489767.552545 5881113.906274, 489755.844690 5881113.906274, 489755.844690 5881110.304926))
3; POLYGON((489751.553316 5881110.300000, 489767.608762 5881110.300000, 489767.608762 5881113.831842, 489751.553316 5881113.831842, 489751.553316 5881110.300000))
3; POLYGON((489737.208015 5881164.693954, 489745.545023 5881164.693954, 489745.545023 5881187.232103, 489737.208015 5881187.232103, 489737.208015 5881164.693954))
3; POLYGON((489747.239383 5881110.300000, 489767.828522 5881110.300000, 489767.828522 5881113.873254, 489747.239383 5881113.873254, 489747.239383 5881110.300000))
3; POLYGON((489748.653619 5881110.300000, 489767.461441 5881110.300000, 489767.461441 5881113.797760, 489748.653619 5881113.797760, 489748.653619 5881110.300000))
3; POLYGON((489737.208904 5881162.317841, 489745.600958 5881162.317841, 489745.600958 5881187.292445, 489737.208904 5881187.292445, 489737.208904 5881162.317841))
3; POLYGON((489737.201475 5881206.281472, 489743.468340 5881206.281472, 489743.468340 5881210.300000, 489737.201475 5881210.300000, 489737.201475 5881206.281472))
3; POLYGON((489737.211342 5881207.120926, 489743.353582 5881207.120926, 489743.353582 5881210.297417, 489737.211342 5881210.297417, 489737.211342 5881207.120926))
