3; POLYGON((490337.203678 5880921.218909, 490341.689034 5880921.218909, 490341.689034 5880961.179004, 490337.203678 5880961.179004, 490337.203678 5880921.218909))
3; POLYGON((490337.215448 5880967.631195, 490341.093588 5880967.631195, 490341.093588 5881009.792711, 490337.215448 5881009.792711, 490337.215448 5880967.631195))
3; POLYGON((490337.216022 5880967.626495, 490340.547057 5880967.626495, 490340.547057 5881009.679063, 490337.216022 5881009.679063, 490337.216022 5880967.626495))
3; POLYGON((490414.179938 5880914.891455, 490432.619397 5880914.891455, 490432.619397 5880933.336084, 490414.179938 5880933.336084, 490414.179938 5880914.891455))
3; POLYGON((490337.218688 5880967.571722, 490342.096904 5880967.571722, 490342.096904 5881009.778567, 490337.218688 5881009.778567, 490337.218688 5880967.571722))
3; POLYGON((490337.228147 5880967.708551, 490343.617380 5880967.708551, 490343.617380 5881009.979804, 490337.228147 5881009.979804, 490337.228147 5880967.708551))
3; POLYGON((490418.935455 5880980.861020, 490437.171747 5880980.861020, 490437.171747 5880999.515520, 490418.935455 5880999.515520, 490418.935455 5880980.861020))
3; POLYGON((490337.210148 5880921.176910, 490342.660319 5880921.176910, 490342.660319 5880961.305615, 490337.210148 5880961.305615, 490337.210148 5880921.176910))
3; POLYGON((490337.212932 5880910.310217, 490341.075641 5880910.310217, 490341.075641 5880917.268115, 490337.212932 5880917.268115, 490337.212932 5880910.310217))
3; POLYGON((490337.214821 5880967.631308, 490341.604265 5880967.631308, 490341.604265 5881009.956415, 490337.214821 5881009.956415, 490337.214821 5880967.631308))
3; POLYGON((490337.207133 5880966.470712, 490339.083060 5880966.470712, 490339.083060 5880997.069162, 490337.207133 5880997.069162, 490337.207133 5880966.470712))
3; POLYGON((490337.222109 5880967.557684, 490341.105801 5880967.557684, 490341.105801 5881005.669229, 490337.222109 5881005.669229, 490337.222109 5880967.557684))
