3; POLYGON((488411.308905 5880162.246219, 488437.200000 5880162.246219, 488437.200000 5880191.360144, 488411.308905 5880191.360144, 488411.308905 5880162.246219))
3; POLYGON((488337.220200 5880110.300000, 488361.663849 5880110.300000, 488361.663849 5880121.816779, 488337.220200 5880121.816779, 488337.220200 5880110.300000))
3; POLYGON((488388.133978 5880118.667365, 488437.200000 5880118.667365, 488437.200000 5880133.371625, 488388.133978 5880133.371625, 488388.133978 5880118.667365))
3; POLYGON((488424.951990 5880205.062511, 488437.200000 5880205.062511, 488437.200000 5880210.298367, 488424.951990 5880210.298367, 488424.951990 5880205.062511))
3; POLYGON((488368.520245 5880110.300000, 488424.615533 5880110.300000, 488424.615533 5880115.363525, 488368.520245 5880115.363525, 488368.520245 5880110.300000))
3; POLYGON((488368.466730 5880110.300000, 488429.149353 5880110.300000, 488429.149353 5880115.212811, 488368.466730 5880115.212811, 488368.466730 5880110.300000))
3; POLYGON((488406.184937 5880191.448662, 488422.618274 5880191.448662, 488422.618274 5880209.001169, 488406.184937 5880209.001169, 488406.184937 5880191.448662))
3; POLYGON((488424.980316 5880205.604327, 488437.200000 5880205.604327, 488437.200000 5880210.292336, 488424.980316 5880210.292336, 488424.980316 5880205.604327))
3; POLYGON((488374.228220 5880129.527521, 488384.348923 5880129.527521, 488384.348923 5880137.489154, 488374.228220 5880137.489154, 488374.228220 5880129.527521))
3; POLYGON((488367.795422 5880110.300000, 488431.290790 5880110.300000, 488431.290790 5880114.885870, 488367.795422 5880114.885870, 488367.795422 5880110.300000))
3; POLYGON((488426.997101 5880119.130103, 488437.200000 5880119.130103, 488437.200000 5880129.444775, 488426.997101 5880129.444775, 488426.997101 5880119.130103))
3; POLYGON((488377.141605 5880198.428684, 488407.170831 5880198.428684, 488407.170831 5880210.292049, 488377.141605 5880210.292049, 488377.141605 5880198.428684))
3; POLYGON((488376.046323 5880144.653699, 488388.000189 5880144.653699, 488388.000189 5880174.027118, 488376.046323 5880174.027118, 488376.046323 5880144.653699))
