3; POLYGON((490763.153238 5882230.929871, 490776.593405 5882230.929871, 490776.593405 5882245.178333, 490763.153238 5882245.178333, 490763.153238 5882230.929871))
3; POLYGON((490737.200000 5882249.736877, 490753.455293 5882249.736877, 490753.455293 5882269.920084, 490737.200000 5882269.920084, 490737.200000 5882249.736877))
3; POLYGON((490750.931297 5882262.050769, 490765.103311 5882262.050769, 490765.103311 5882278.006729, 490750.931297 5882278.006729, 490750.931297 5882262.050769))
3; POLYGON((490775.833536 5882251.955164, 490785.503162 5882251.955164, 490785.503162 5882261.316217, 490775.833536 5882261.316217, 490775.833536 5882251.955164))
3; POLYGON((490816.711316 5882250.362872, 490837.200000 5882250.362872, 490837.200000 5882284.301718, 490816.711316 5882284.301718, 490816.711316 5882250.362872))
3; POLYGON((490737.468057 5882210.300000, 490762.012340 5882210.300000, 490762.012340 5882230.744110, 490737.468057 5882230.744110, 490737.468057 5882210.300000))
3; POLYGON((490772.479980 5882272.070346, 490787.609009 5882272.070346, 490787.609009 5882289.175175, 490772.479980 5882289.175175, 490772.479980 5882272.070346))
3; POLYGON((490796.603772 5882213.282965, 490831.013220 5882213.282965, 490831.013220 5882259.070099, 490796.603772 5882259.070099, 490796.603772 5882213.282965))
3; POLYGON((490739.076285 5882236.662701, 490745.221410 5882236.662701, 490745.221410 5882243.089600, 490739.076285 5882243.089600, 490739.076285 5882236.662701))
3; POLYGON((490800.598462 5882210.300000, 490812.836011 5882210.300000, 490812.836011 5882212.142480, 490800.598462 5882212.142480, 490800.598462 5882210.300000))
