3; POLYGON((489243.389826 5880163.597696, 489280.687607 5880163.597696, 489280.687607 5880210.277225, 489243.389826 5880210.277225, 489243.389826 5880163.597696))
3; POLYGON((489284.235373 5880133.263049, 489337.200000 5880133.263049, 489337.200000 5880164.122498, 489284.235373 5880164.122498, 489284.235373 5880133.263049))
3; POLYGON((489237.518164 5880110.343567, 489337.087585 5880110.343567, 489337.087585 5880149.271497, 489237.518164 5880149.271497, 489237.518164 5880110.343567))
3; POLYGON((489277.695578 5880198.324119, 489309.856512 5880198.324119, 489309.856512 5880210.300000, 489277.695578 5880210.300000, 489277.695578 5880198.324119))
4; POLYGON((489237.641037 5880164.804822, 489262.089793 5880164.804822, 489262.089793 5880193.970558, 489237.641037 5880193.970558, 489237.641037 5880164.804822))
3; POLYGON((489276.667285 5880198.244066, 489322.969519 5880198.244066, 489322.969519 5880210.291933, 489276.667285 5880210.291933, 489276.667285 5880198.244066))
3; POLYGON((489237.200000 5880110.300000, 489261.791313 5880110.300000, 489261.791313 5880116.422797, 489237.200000 5880116.422797, 489237.200000 5880110.300000))
3; POLYGON((489237.200000 5880110.300000, 489261.681206 5880110.300000, 489261.681206 5880117.227460, 489237.200000 5880117.227460, 489237.200000 5880110.300000))
3; POLYGON((489237.200000 5880110.300000, 489266.025333 5880110.300000, 489266.025333 5880116.379620, 489237.200000 5880116.379620, 489237.200000 5880110.300000))
3; POLYGON((489237.206610 5880110.300000, 489269.062848 5880110.300000, 489269.062848 5880116.083215, 489237.206610 5880116.083215, 489237.206610 5880110.300000))
