3; POLYGON((490450.813670 5881592.840871, 490462.761397 5881592.840871, 490462.761397 5881606.699976, 490450.813670 5881606.699976, 490450.813670 5881592.840871))
3; POLYGON((490437.207793 5881591.632581, 490449.604805 5881591.632581, 490449.604805 5881606.847842, 490437.207793 5881606.847842, 490437.207793 5881591.632581))
3; POLYGON((490472.823227 5881567.215106, 490488.891516 5881567.215106, 490488.891516 5881581.820181, 490472.823227 5881581.820181, 490472.823227 5881567.215106))
3; POLYGON((490437.200000 5881561.630096, 490445.606202 5881561.630096, 490445.606202 5881574.573935, 490437.200000 5881574.573935, 490437.200000 5881561.630096))
3; POLYGON((490488.398880 5881604.711403, 490502.383191 5881604.711403, 490502.383191 5881610.294873, 490488.398880 5881610.294873, 490488.398880 5881604.711403))
3; POLYGON((490489.905695 5881572.571161, 490500.379364 5881572.571161, 490500.379364 5881584.558047, 490489.905695 5881584.558047, 490489.905695 5881572.571161))
3; POLYGON((490465.352774 5881595.129163, 490476.447604 5881595.129163, 490476.447604 5881607.984954, 490465.352774 5881607.984954, 490465.352774 5881595.129163))
3; POLYGON((490502.561078 5881578.089450, 490507.803070 5881578.089450, 490507.803070 5881585.851303, 490502.561078 5881585.851303, 490502.561078 5881578.089450))
3; POLYGON((490485.174005 5881510.300000, 490501.265363 5881510.300000, 490501.265363 5881513.892426, 490485.174005 5881513.892426, 490485.174005 5881510.300000))
3; POLYGON((490531.014453 5881582.513141, 490537.200000 5881582.513141, 490537.200000 5881596.375841, 490531.014453 5881596.375841, 490531.014453 5881582.513141))
3; POLYGON((490510.092175 5881573.764890, 490524.287933 5881573.764890, 490524.287933 5881588.513104, 490510.092175 5881588.513104, 490510.092175 5881573.764890))
3; POLYGON((490476.018112 5881597.980540, 490488.235968 5881597.980540, 490488.235968 5881610.300000, 490476.018112 5881610.300000, 490476.018112 5881597.980540))
3; POLYGON((490444.503813 5881510.300000, 490455.109088 5881510.300000, 490455.109088 5881512.995746, 490444.503813 5881512.995746, 490444.503813 5881510.300000))
3; POLYGON((490503.333447 5881606.307541, 490523.831244 5881606.307541, 490523.831244 5881610.293516, 490503.333447 5881610.293516, 490503.333447 5881606.307541))
3; POLYGON((490510.125348 5881573.738336, 490528.963184 5881573.738336, 490528.963184 5881588.714040, 490510.125348 5881588.714040, 490510.125348 5881573.738336))
