3; POLYGON((488837.207665 5881785.043047, 488857.640114 5881785.043047, 488857.640114 5881807.621355, 488837.207665 5881807.621355, 488837.207665 5881785.043047))
3; POLYGON((488919.566187 5881745.427002, 488937.200000 5881745.427002, 488937.200000 5881795.421214, 488919.566187 5881795.421214, 488919.566187 5881745.427002))
3; POLYGON((488879.218472 5881710.554175, 488937.019977 5881710.554175, 488937.019977 5881782.471918, 488879.218472 5881782.471918, 488879.218472 5881710.554175))
3; POLYGON((488919.796631 5881731.135236, 488937.185760 5881731.135236, 488937.185760 5881795.413043, 488919.796631 5881795.413043, 488919.796631 5881731.135236))
3; POLYGON((488919.691260 5881723.147314, 488937.192450 5881723.147314, 488937.192450 5881795.282486, 488919.691260 5881795.282486, 488919.691260 5881723.147314))
3; POLYGON((488919.530676 5881738.710626, 488937.197278 5881738.710626, 488937.197278 5881795.556071, 488919.530676 5881795.556071, 488919.530676 5881738.710626))
3; POLYGON((488861.206020 5881789.547377, 488886.983490 5881789.547377, 488886.983490 5881810.300000, 488861.206020 5881810.300000, 488861.206020 5881789.547377))
3; POLYGON((488859.660727 5881781.871005, 488891.700751 5881781.871005, 488891.700751 5881810.282929, 488859.660727 5881810.282929, 488859.660727 5881781.871005))
3; POLYGON((488919.548553 5881751.586353, 488937.200000 5881751.586353, 488937.200000 5881795.426031, 488919.548553 5881795.426031, 488919.548553 5881751.586353))
3; POLYGON((488859.392172 5881789.095584, 488887.445621 5881789.095584, 488887.445621 5881810.300000, 488859.392172 5881810.300000, 488859.392172 5881789.095584))
