3; POLYGON((489664.213010 5882048.571729, 489737.200000 5882048.571729, 489737.200000 5882108.008505, 489664.213010 5882108.008505, 489664.213010 5882048.571729))
3; POLYGON((489694.318378 5882089.742236, 489732.268127 5882089.742236, 489732.268127 5882110.300000, 489694.318378 5882110.300000, 489694.318378 5882089.742236))
3; POLYGON((489719.744623 5882025.164032, 489729.706512 5882025.164032, 489729.706512 5882035.249969, 489719.744623 5882035.249969, 489719.744623 5882025.164032))
3; POLYGON((489642.879670 5882103.812632, 489664.083289 5882103.812632, 489664.083289 5882110.300000, 489642.879670 5882110.300000, 489642.879670 5882103.812632))
3; POLYGON((489641.474223 5882069.778409, 489649.378893 5882069.778409, 489649.378893 5882078.426398, 489641.474223 5882078.426398, 489641.474223 5882069.778409))
3; POLYGON((489671.319556 5882017.318311, 489709.628363 5882017.318311, 489709.628363 5882048.478711, 489671.319556 5882048.478711, 489671.319556 5882017.318311))
3; POLYGON((489645.692187 5882103.795905, 489664.271674 5882103.795905, 489664.271674 5882110.289334, 489645.692187 5882110.289334, 489645.692187 5882103.795905))
3; POLYGON((489640.716619 5882103.777100, 489664.394659 5882103.777100, 489664.394659 5882110.298379, 489640.716619 5882110.298379, 489640.716619 5882103.777100))
3; POLYGON((489637.208016 5882061.248730, 489640.004274 5882061.248730, 489640.004274 5882076.778659, 489637.208016 5882076.778659, 489637.208016 5882061.248730))
3; POLYGON((489637.537547 5882103.826183, 489664.471735 5882103.826183, 489664.471735 5882110.300000, 489637.537547 5882110.300000, 489637.537547 5882103.826183))
3; POLYGON((489637.201349 5882060.191220, 489640.236044 5882060.191220, 489640.236044 5882076.883081, 489637.201349 5882076.883081, 489637.201349 5882060.191220))
3; POLYGON((489637.208201 5882059.369980, 489639.960205 5882059.369980, 489639.960205 5882076.679340, 489637.208201 5882076.679340, 489637.208201 5882059.369980))
3; POLYGON((489637.204523 5882061.607782, 489640.235423 5882061.607782, 489640.235423 5882077.920703, 489637.204523 5882077.920703, 489637.204523 5882061.607782))
3; POLYGON((489713.010297 5882010.300000, 489733.622321 5882010.300000, 489733.622321 5882022.357880, 489713.010297 5882022.357880, 489713.010297 5882010.300000))
3; POLYGON((489637.209490 5882062.671118, 489639.823064 5882062.671118, 489639.823064 5882077.469113, 489637.209490 5882077.469113, 489637.209490 5882062.671118))
3; POLYGON((489637.208378 5882057.934473, 489639.904029 5882057.934473, 489639.904029 5882076.221042, 489637.208378 5882076.221042, 489637.208378 5882057.934473))
3; POLYGON((489637.203804 5882057.658136, 489640.340431 5882057.658136, 489640.340431 5882077.142499, 489637.203804 5882077.142499, 489637.203804 5882057.658136))
3; POLYGON((489717.598285 5882037.949921, 489726.169519 5882037.949921, 489726.169519 5882046.945544, 489717.598285 5882046.945544, 489717.598285 5882037.949921))
4; POLYGON((489722.578198 5882010.334424, 489737.164862 5882010.334424, 489737.164862 5882021.845795, 489722.578198 5882021.845795, 489722.578198 5882010.334424))
3; POLYGON((489643.011509 5882044.270917, 489666.474924 5882044.270917, 489666.474924 5882066.429358, 489643.011509 5882066.429358, 489643.011509 5882044.270917))
