3; POLYGON((490339.474287 5880549.445258, 490421.308643 5880549.445258, 490421.308643 5880589.301588, 490339.474287 5880589.301588, 490339.474287 5880549.445258))
3; POLYGON((490357.832455 5880511.133246, 490382.825732 5880511.133246, 490382.825732 5880534.066650, 490357.832455 5880534.066650, 490357.832455 5880511.133246))
3; POLYGON((490420.567377 5880538.856842, 490437.200000 5880538.856842, 490437.200000 5880559.901941, 490420.567377 5880559.901941, 490420.567377 5880538.856842))
3; POLYGON((490396.003510 5880580.098456, 490437.200000 5880580.098456, 490437.200000 5880610.255669, 490396.003510 5880610.255669, 490396.003510 5880580.098456))
3; POLYGON((490380.547711 5880510.300000, 490399.696063 5880510.300000, 490399.696063 5880519.195465, 490380.547711 5880519.195465, 490380.547711 5880510.300000))
3; POLYGON((490337.200000 5880525.439252, 490357.690121 5880525.439252, 490357.690121 5880548.806604, 490337.200000 5880548.806604, 490337.200000 5880525.439252))
3; POLYGON((490402.474365 5880510.300000, 490430.151758 5880510.300000, 490430.151758 5880514.277136, 490402.474365 5880514.277136, 490402.474365 5880510.300000))
3; POLYGON((490402.417456 5880510.300000, 490416.494092 5880510.300000, 490416.494092 5880514.196600, 490402.417456 5880514.196600, 490402.417456 5880510.300000))
3; POLYGON((490402.637836 5880510.300000, 490433.563123 5880510.300000, 490433.563123 5880514.419391, 490402.637836 5880514.419391, 490402.637836 5880510.300000))
3; POLYGON((490402.383215 5880510.300000, 490420.253717 5880510.300000, 490420.253717 5880513.993433, 490402.383215 5880513.993433, 490402.383215 5880510.300000))
