4; POLYGON((490563.991833 5880491.527829, 490583.999384 5880491.527829, 490583.999384 5880505.324069, 490563.991833 5880505.324069, 490563.991833 5880491.527829))
4; POLYGON((490551.458560 5880460.531323, 490572.338092 5880460.531323, 490572.338092 5880474.686966, 490551.458560 5880474.686966, 490551.458560 5880460.531323))
4; POLYGON((490597.786475 5880501.673898, 490623.201105 5880501.673898, 490623.201105 5880510.300000, 490597.786475 5880510.300000, 490597.786475 5880501.673898))
1; POLYGON((490555.896664 5880410.300000, 490580.272037 5880410.300000, 490580.272037 5880440.591467, 490555.896664 5880440.591467, 490555.896664 5880410.300000))
4; POLYGON((490583.077783 5880466.932486, 490600.988959 5880466.932486, 490600.988959 5880494.258223, 490583.077783 5880494.258223, 490583.077783 5880466.932486))
4; POLYGON((490568.495615 5880476.794351, 490576.277405 5880476.794351, 490576.277405 5880486.238098, 490568.495615 5880486.238098, 490568.495615 5880476.794351))
1; POLYGON((490547.247375 5880410.300000, 490580.253381 5880410.300000, 490580.253381 5880440.567767, 490547.247375 5880440.567767, 490547.247375 5880410.300000))
4; POLYGON((490586.287930 5880501.640411, 490623.581885 5880501.640411, 490623.581885 5880510.295884, 490586.287930 5880510.295884, 490586.287930 5880501.640411))
4; POLYGON((490623.882794 5880492.549742, 490637.200000 5880492.549742, 490637.200000 5880505.474049, 490623.882794 5880505.474049, 490623.882794 5880492.549742))
4; POLYGON((490597.829028 5880501.531403, 490637.200000 5880501.531403, 490637.200000 5880510.300000, 490597.829028 5880510.300000, 490597.829028 5880501.531403))
4; POLYGON((490587.934732 5880487.695062, 490595.706726 5880487.695062, 490595.706726 5880494.747234, 490587.934732 5880494.747234, 490587.934732 5880487.695062))
4; POLYGON((490580.825577 5880501.570631, 490623.545605 5880501.570631, 490623.545605 5880510.287327, 490580.825577 5880510.287327, 490580.825577 5880501.570631))
