1; POLYGON((490085.362189 5881041.978503, 490109.531348 5881041.978503, 490109.531348 5881066.373062, 490085.362189 5881066.373062, 490085.362189 5881041.978503))
4; POLYGON((490037.200000 5881027.433887, 490090.710114 5881027.433887, 490090.710114 5881110.244532, 490037.200000 5881110.244532, 490037.200000 5881027.433887))
1; POLYGON((490042.702501 5881035.372412, 490062.729378 5881035.372412, 490062.729378 5881057.190643, 490042.702501 5881057.190643, 490042.702501 5881035.372412))
1; POLYGON((490108.843408 5881050.846478, 490132.808575 5881050.846478, 490132.808575 5881075.019189, 490108.843408 5881075.019189, 490108.843408 5881050.846478))
3; POLYGON((490107.217584 5881093.126785, 490137.145636 5881093.126785, 490137.145636 5881110.290964, 490107.217584 5881110.290964, 490107.217584 5881093.126785))
1; POLYGON((490077.351913 5881072.847495, 490102.715289 5881072.847495, 490102.715289 5881090.475539, 490077.351913 5881090.475539, 490077.351913 5881072.847495))
4; POLYGON((490037.200045 5881016.296411, 490045.361562 5881016.296411, 490045.361562 5881033.986951, 490037.200045 5881033.986951, 490037.200045 5881016.296411))
4; POLYGON((490102.629254 5881051.868896, 490114.910455 5881051.868896, 490114.910455 5881065.805261, 490102.629254 5881065.805261, 490102.629254 5881051.868896))
1; POLYGON((490037.202068 5881016.411365, 490045.389610 5881016.411365, 490045.389610 5881034.037604, 490037.202068 5881034.037604, 490037.202068 5881016.411365))
3; POLYGON((490122.372345 5881010.300000, 490137.196948 5881010.300000, 490137.196948 5881019.923590, 490122.372345 5881019.923590, 490122.372345 5881010.300000))
4; POLYGON((490037.206823 5881010.647272, 490045.568758 5881010.647272, 490045.568758 5881034.185468, 490037.206823 5881034.185468, 490037.206823 5881010.647272))
