3; POLYGON((489642.886661 5881694.158041, 489659.191910 5881694.158041, 489659.191910 5881710.235117, 489642.886661 5881710.235117, 489642.886661 5881694.158041))
4; POLYGON((489685.092358 5881636.099841, 489707.557764 5881636.099841, 489707.557764 5881662.155280, 489685.092358 5881662.155280, 489685.092358 5881636.099841))
3; POLYGON((489637.224194 5881615.203229, 489646.029331 5881615.203229, 489646.029331 5881629.454663, 489637.224194 5881629.454663, 489637.224194 5881615.203229))
4; POLYGON((489652.072386 5881698.914991, 489668.584644 5881698.914991, 489668.584644 5881710.300000, 489652.072386 5881710.300000, 489652.072386 5881698.914991))
4; POLYGON((489730.099207 5881610.304083, 489737.200000 5881610.304083, 489737.200000 5881633.821918, 489730.099207 5881633.821918, 489730.099207 5881610.304083))
3; POLYGON((489637.206963 5881685.004518, 489644.861434 5881685.004518, 489644.861434 5881702.506223, 489637.206963 5881702.506223, 489637.206963 5881685.004518))
3; POLYGON((489645.737620 5881617.865100, 489662.171892 5881617.865100, 489662.171892 5881637.028040, 489645.737620 5881637.028040, 489645.737620 5881617.865100))
4; POLYGON((489708.170172 5881653.273596, 489737.200000 5881653.273596, 489737.200000 5881684.579913, 489708.170172 5881684.579913, 489708.170172 5881653.273596))
4; POLYGON((489708.231897 5881653.773157, 489732.984430 5881653.773157, 489732.984430 5881676.260959, 489708.231897 5881676.260959, 489708.231897 5881653.773157))
3; POLYGON((489662.859970 5881625.351062, 489683.412289 5881625.351062, 489683.412289 5881643.649304, 489662.859970 5881643.649304, 489662.859970 5881625.351062))
4; POLYGON((489644.260141 5881698.598331, 489668.538873 5881698.598331, 489668.538873 5881710.285763, 489644.260141 5881710.285763, 489644.260141 5881698.598331))
4; POLYGON((489668.995517 5881706.259991, 489681.986969 5881706.259991, 489681.986969 5881710.300000, 489668.995517 5881710.300000, 489668.995517 5881706.259991))
4; POLYGON((489668.911530 5881706.140554, 489685.555933 5881706.140554, 489685.555933 5881710.300000, 489668.911530 5881710.300000, 489668.911530 5881706.140554))
4; POLYGON((489669.208621 5881706.036749, 489689.182196 5881706.036749, 489689.182196 5881710.296309, 489669.208621 5881710.296309, 489669.208621 5881706.036749))
