3; POLYGON((489741.310917 5881265.015552, 489764.038736 5881265.015552, 489764.038736 5881283.702145, 489741.310917 5881283.702145, 489741.310917 5881265.015552))
3; POLYGON((489760.614330 5881223.782971, 489777.814871 5881223.782971, 489777.814871 5881239.177356, 489760.614330 5881239.177356, 489760.614330 5881223.782971))
3; POLYGON((489804.684338 5881266.614691, 489837.200000 5881266.614691, 489837.200000 5881291.571042, 489804.684338 5881291.571042, 489804.684338 5881266.614691))
3; POLYGON((489806.407233 5881210.300000, 489837.200000 5881210.300000, 489837.200000 5881217.890704, 489806.407233 5881217.890704, 489806.407233 5881210.300000))
3; POLYGON((489737.208724 5881210.300000, 489742.135078 5881210.300000, 489742.135078 5881221.324133, 489737.208724 5881221.324133, 489737.208724 5881210.300000))
3; POLYGON((489754.845865 5881238.328864, 489768.884344 5881238.328864, 489768.884344 5881251.155432, 489754.845865 5881251.155432, 489754.845865 5881238.328864))
3; POLYGON((489809.891125 5881210.300000, 489837.200000 5881210.300000, 489837.200000 5881217.933777, 489809.891125 5881217.933777, 489809.891125 5881210.300000))
3; POLYGON((489801.839050 5881210.300000, 489837.200000 5881210.300000, 489837.200000 5881217.757678, 489801.839050 5881217.757678, 489801.839050 5881210.300000))
3; POLYGON((489815.437256 5881210.300000, 489837.200000 5881210.300000, 489837.200000 5881217.939496, 489815.437256 5881217.939496, 489815.437256 5881210.300000))
3; POLYGON((489767.831329 5881210.300000, 489787.162430 5881210.300000, 489787.162430 5881223.338989, 489767.831329 5881223.338989, 489767.831329 5881210.300000))
