3; POLYGON((489793.765649 5880229.405316, 489806.576001 5880229.405316, 489806.576001 5880238.420587, 489793.765649 5880238.420587, 489793.765649 5880229.405316))
4; POLYGON((489787.581110 5880228.747382, 489795.493994 5880228.747382, 489795.493994 5880239.476550, 489787.581110 5880239.476550, 489787.581110 5880228.747382))
3; POLYGON((489820.032281 5880246.867596, 489837.200000 5880246.867596, 489837.200000 5880267.912149, 489820.032281 5880267.912149, 489820.032281 5880246.867596))
4; POLYGON((489748.284789 5880210.300000, 489780.677234 5880210.300000, 489780.677234 5880234.336542, 489748.284789 5880234.336542, 489748.284789 5880210.300000))
3; POLYGON((489821.063049 5880223.558258, 489834.069293 5880223.558258, 489834.069293 5880233.594299, 489821.063049 5880233.594299, 489821.063049 5880223.558258))
4; POLYGON((489813.397156 5880290.124826, 489835.838275 5880290.124826, 489835.838275 5880310.300000, 489813.397156 5880310.300000, 489813.397156 5880290.124826))
4; POLYGON((489803.363824 5880210.307001, 489823.425348 5880210.307001, 489823.425348 5880236.816321, 489803.363824 5880236.816321, 489803.363824 5880210.307001))
3; POLYGON((489763.111771 5880297.827818, 489785.634302 5880297.827818, 489785.634302 5880310.227928, 489763.111771 5880310.227928, 489763.111771 5880297.827818))
4; POLYGON((489791.025983 5880210.300000, 489800.071808 5880210.300000, 489800.071808 5880226.461127, 489791.025983 5880226.461127, 489791.025983 5880210.300000))
3; POLYGON((489820.842780 5880219.746094, 489834.146991 5880219.746094, 489834.146991 5880233.620636, 489820.842780 5880233.620636, 489820.842780 5880219.746094))
3; POLYGON((489745.555685 5880284.149686, 489757.955785 5880284.149686, 489757.955785 5880310.295720, 489745.555685 5880310.295720, 489745.555685 5880284.149686))
3; POLYGON((489820.000934 5880250.543701, 489833.944171 5880250.543701, 489833.944171 5880267.859662, 489820.000934 5880267.859662, 489820.000934 5880250.543701))
