3; POLYGON((490359.574416 5881572.438626, 490375.217032 5881572.438626, 490375.217032 5881587.799313, 490359.574416 5881587.799313, 490359.574416 5881572.438626))
3; POLYGON((490371.322311 5881562.033740, 490385.049127 5881562.033740, 490385.049127 5881575.051120, 490371.322311 5881575.051120, 490371.322311 5881562.033740))
3; POLYGON((490392.906934 5881582.829828, 490406.991473 5881582.829828, 490406.991473 5881595.565289, 490392.906934 5881595.565289, 490392.906934 5881582.829828))
3; POLYGON((490406.410602 5881556.881311, 490418.114954 5881556.881311, 490418.114954 5881570.346973, 490406.410602 5881570.346973, 490406.410602 5881556.881311))
3; POLYGON((490434.004968 5881561.737006, 490437.200000 5881561.737006, 490437.200000 5881574.770096, 490434.004968 5881574.770096, 490434.004968 5881561.737006))
3; POLYGON((490337.210079 5881599.800624, 490348.814688 5881599.800624, 490348.814688 5881610.300000, 490337.210079 5881610.300000, 490337.210079 5881599.800624))
3; POLYGON((490346.012090 5881588.825911, 490359.756516 5881588.825911, 490359.756516 5881602.727071, 490346.012090 5881602.727071, 490346.012090 5881588.825911))
3; POLYGON((490418.958282 5881559.123074, 490430.179999 5881559.123074, 490430.179999 5881571.373221, 490418.958282 5881571.373221, 490418.958282 5881559.123074))
3; POLYGON((490406.394171 5881554.346716, 490418.891595 5881554.346716, 490418.891595 5881570.394849, 490406.394171 5881570.394849, 490406.394171 5881554.346716))
3; POLYGON((490375.375180 5881600.570763, 490391.548883 5881600.570763, 490391.548883 5881610.300000, 490375.375180 5881610.300000, 490375.375180 5881600.570763))
3; POLYGON((490379.166418 5881549.655963, 490394.696967 5881549.655963, 490394.696967 5881565.119214, 490379.166418 5881565.119214, 490379.166418 5881549.655963))
3; POLYGON((490427.855048 5881591.576123, 490437.200000 5881591.576123, 490437.200000 5881607.556811, 490427.855048 5881607.556811, 490427.855048 5881591.576123))
3; POLYGON((490398.385120 5881552.893744, 490407.015454 5881552.893744, 490407.015454 5881562.184128, 490398.385120 5881562.184128, 490398.385120 5881552.893744))
3; POLYGON((490413.241016 5881587.604535, 490426.024304 5881587.604535, 490426.024304 5881602.407544, 490413.241016 5881602.407544, 490413.241016 5881587.604535))
