3; POLYGON((491469.844644 5880681.400452, 491477.427573 5880681.400452, 491477.427573 5880689.365810, 491469.844644 5880689.365810, 491469.844644 5880681.400452))
3; POLYGON((491476.958298 5880665.561459, 491485.300827 5880665.561459, 491485.300827 5880673.577200, 491476.958298 5880673.577200, 491476.958298 5880665.561459))
3; POLYGON((491475.512027 5880651.205103, 491483.572839 5880651.205103, 491483.572839 5880659.434692, 491475.512027 5880659.434692, 491475.512027 5880651.205103))
3; POLYGON((491494.204474 5880658.793048, 491501.753589 5880658.793048, 491501.753589 5880666.404752, 491494.204474 5880666.404752, 491494.204474 5880658.793048))
3; POLYGON((491484.685843 5880686.959311, 491492.675116 5880686.959311, 491492.675116 5880695.162704, 491484.685843 5880695.162704, 491484.685843 5880686.959311))
4; POLYGON((491489.933215 5880677.908347, 491498.281226 5880677.908347, 491498.281226 5880685.285268, 491489.933215 5880685.285268, 491489.933215 5880677.908347))
4; POLYGON((491513.334552 5880621.999725, 491521.114899 5880621.999725, 491521.114899 5880629.642529, 491513.334552 5880629.642529, 491513.334552 5880621.999725))
4; POLYGON((491492.601361 5880638.014630, 491499.880078 5880638.014630, 491499.880078 5880645.358807, 491492.601361 5880645.358807, 491492.601361 5880638.014630))
3; POLYGON((491497.746118 5880630.172144, 491504.818268 5880630.172144, 491504.818268 5880637.134967, 491497.746118 5880637.134967, 491497.746118 5880630.172144))
4; POLYGON((491531.650494 5880615.260278, 491537.200000 5880615.260278, 491537.200000 5880622.554938, 491531.650494 5880622.554938, 491531.650494 5880615.260278))
4; POLYGON((491473.375833 5880698.550105, 491481.366937 5880698.550105, 491481.366937 5880706.335458, 491473.375833 5880706.335458, 491473.375833 5880698.550105))
4; POLYGON((491497.657251 5880630.280054, 491504.750061 5880630.280054, 491504.750061 5880637.214172, 491497.657251 5880637.214172, 491497.657251 5880630.280054))
4; POLYGON((491505.808911 5880613.471234, 491513.760956 5880613.471234, 491513.760956 5880621.604144, 491505.808911 5880621.604144, 491505.808911 5880613.471234))
4; POLYGON((491522.362305 5880610.300000, 491530.058136 5880610.300000, 491530.058136 5880617.281012, 491522.362305 5880617.281012, 491522.362305 5880610.300000))
4; POLYGON((491499.602325 5880648.818311, 491506.602271 5880648.818311, 491506.602271 5880656.135773, 491499.602325 5880656.135773, 491499.602325 5880648.818311))
4; POLYGON((491437.302339 5880613.977515, 491445.047161 5880613.977515, 491445.047161 5880621.544183, 491437.302339 5880621.544183, 491437.302339 5880613.977515))
4; POLYGON((491453.499118 5880706.300248, 491461.724303 5880706.300248, 491461.724303 5880710.300000, 491453.499118 5880710.300000, 491453.499118 5880706.300248))
4; POLYGON((491507.913000 5880635.113763, 491516.296063 5880635.113763, 491516.296063 5880642.812286, 491507.913000 5880642.812286, 491507.913000 5880635.113763))
3; POLYGON((491499.594257 5880648.797296, 491506.623553 5880648.797296, 491506.623553 5880656.085107, 491499.594257 5880656.085107, 491499.594257 5880648.797296))
