3; POLYGON((489139.580115 5882127.897858, 489150.478293 5882127.897858, 489150.478293 5882142.992114, 489139.580115 5882142.992114, 489139.580115 5882127.897858))
3; POLYGON((489152.164639 5882126.479254, 489162.980157 5882126.479254, 489162.980157 5882140.899005, 489152.164639 5882140.899005, 489152.164639 5882126.479254))
3; POLYGON((489169.964764 5882202.457573, 489185.359283 5882202.457573, 489185.359283 5882210.300000, 489169.964764 5882210.300000, 489169.964764 5882202.457573))
3; POLYGON((489211.920648 5882164.762683, 489225.102429 5882164.762683, 489225.102429 5882176.444061, 489211.920648 5882176.444061, 489211.920648 5882164.762683))
3; POLYGON((489137.207595 5882164.194736, 489141.967065 5882164.194736, 489141.967065 5882178.809747, 489137.207595 5882178.809747, 489137.207595 5882164.194736))
3; POLYGON((489212.746442 5882110.300000, 489228.102289 5882110.300000, 489228.102289 5882141.537225, 489212.746442 5882141.537225, 489212.746442 5882110.300000))
3; POLYGON((489167.792755 5882125.401508, 489183.270401 5882125.401508, 489183.270401 5882137.449969, 489167.792755 5882137.449969, 489167.792755 5882125.401508))
4; POLYGON((489177.385568 5882119.108691, 489184.938382 5882119.108691, 489184.938382 5882126.652942, 489177.385568 5882126.652942, 489177.385568 5882119.108691))
3; POLYGON((489146.010159 5882160.422723, 489165.197440 5882160.422723, 489165.197440 5882176.375500, 489146.010159 5882176.375500, 489146.010159 5882160.422723))
3; POLYGON((489169.114124 5882156.730640, 489186.781464 5882156.730640, 489186.781464 5882169.904666, 489169.114124 5882169.904666, 489169.114124 5882156.730640))
3; POLYGON((489210.730493 5882149.965662, 489222.143756 5882149.965662, 489222.143756 5882159.265796, 489210.730493 5882159.265796, 489210.730493 5882149.965662))
3; POLYGON((489169.073254 5882156.710388, 489186.961978 5882156.710388, 489186.961978 5882171.733353, 489169.073254 5882171.733353, 489169.073254 5882156.710388))
3; POLYGON((489211.881476 5882160.955576, 489232.858588 5882160.955576, 489232.858588 5882178.499905, 489211.881476 5882178.499905, 489211.881476 5882160.955576))
