3; POLYGON((491775.905145 5882588.570305, 491793.869556 5882588.570305, 491793.869556 5882601.013293, 491775.905145 5882601.013293, 491775.905145 5882588.570305))
3; POLYGON((491737.206794 5882589.405920, 491746.067542 5882589.405920, 491746.067542 5882603.987657, 491737.206794 5882603.987657, 491737.206794 5882589.405920))
3; POLYGON((491825.470459 5882522.372766, 491837.200000 5882522.372766, 491837.200000 5882551.802484, 491825.470459 5882551.802484, 491825.470459 5882522.372766))
4; POLYGON((491807.990643 5882591.936269, 491816.774866 5882591.936269, 491816.774866 5882604.345639, 491807.990643 5882604.345639, 491807.990643 5882591.936269))
3; POLYGON((491765.995438 5882510.300000, 491777.949042 5882510.300000, 491777.949042 5882523.135565, 491765.995438 5882523.135565, 491765.995438 5882510.300000))
3; POLYGON((491803.366028 5882510.300000, 491820.549762 5882510.300000, 491820.549762 5882512.715710, 491803.366028 5882512.715710, 491803.366028 5882510.300000))
3; POLYGON((491826.581012 5882510.300000, 491837.200000 5882510.300000, 491837.200000 5882518.035297, 491826.581012 5882518.035297, 491826.581012 5882510.300000))
3; POLYGON((491737.200000 5882510.300000, 491745.467658 5882510.300000, 491745.467658 5882513.173322, 491737.200000 5882513.173322, 491737.200000 5882510.300000))
1; POLYGON((491784.748172 5882510.368323, 491793.491425 5882510.368323, 491793.491425 5882520.383429, 491784.748172 5882520.383429, 491784.748172 5882510.368323))
3; POLYGON((491737.200000 5882510.300000, 491745.425640 5882510.300000, 491745.425640 5882512.788837, 491737.200000 5882512.788837, 491737.200000 5882510.300000))
3; POLYGON((491737.200000 5882510.300000, 491745.561281 5882510.300000, 491745.561281 5882513.479785, 491737.200000 5882513.479785, 491737.200000 5882510.300000))
4; POLYGON((491803.485797 5882510.300000, 491820.419525 5882510.300000, 491820.419525 5882512.390997, 491803.485797 5882512.390997, 491803.485797 5882510.300000))
4; POLYGON((491803.479919 5882510.300000, 491820.268781 5882510.300000, 491820.268781 5882512.175110, 491803.479919 5882512.175110, 491803.479919 5882510.300000))
3; POLYGON((491804.839917 5882510.300000, 491820.491620 5882510.300000, 491820.491620 5882512.603156, 491804.839917 5882512.603156, 491804.839917 5882510.300000))
3; POLYGON((491775.802237 5882583.334274, 491794.109100 5882583.334274, 491794.109100 5882601.046723, 491775.802237 5882601.046723, 491775.802237 5882583.334274))
4; POLYGON((491817.467078 5882514.401819, 491823.630365 5882514.401819, 491823.630365 5882526.794470, 491817.467078 5882526.794470, 491817.467078 5882514.401819))
4; POLYGON((491833.836334 5882591.680769, 491837.200000 5882591.680769, 491837.200000 5882604.742149, 491833.836334 5882604.742149, 491833.836334 5882591.680769))
4; POLYGON((491769.688495 5882591.761555, 491776.826611 5882591.761555, 491776.826611 5882604.088302, 491769.688495 5882604.088302, 491769.688495 5882591.761555))
