4; POLYGON((491723.941656 5880810.313403, 491737.200000 5880810.313403, 491737.200000 5880827.813422, 491723.941656 5880827.813422, 491723.941656 5880810.313403))
4; POLYGON((491686.331497 5880873.528854, 491717.221747 5880873.528854, 491717.221747 5880894.386162, 491686.331497 5880894.386162, 491686.331497 5880873.528854))
4; POLYGON((491656.815932 5880871.334924, 491664.559424 5880871.334924, 491664.559424 5880878.309430, 491656.815932 5880878.309430, 491656.815932 5880871.334924))
4; POLYGON((491641.930241 5880895.383664, 491649.957137 5880895.383664, 491649.957137 5880903.651938, 491641.930241 5880903.651938, 491641.930241 5880895.383664))
4; POLYGON((491658.696342 5880814.950281, 491666.666370 5880814.950281, 491666.666370 5880822.236737, 491658.696342 5880822.236737, 491658.696342 5880814.950281))
4; POLYGON((491638.419160 5880878.111694, 491646.158759 5880878.111694, 491646.158759 5880885.676465, 491638.419160 5880885.676465, 491638.419160 5880878.111694))
3; POLYGON((491637.205451 5880857.737720, 491639.826184 5880857.737720, 491639.826184 5880870.428232, 491637.205451 5880870.428232, 491637.205451 5880857.737720))
3; POLYGON((491637.208518 5880858.148743, 491639.882728 5880858.148743, 491639.882728 5880869.582346, 491637.208518 5880869.582346, 491637.208518 5880858.148743))
4; POLYGON((491656.719325 5880870.080618, 491664.547324 5880870.080618, 491664.547324 5880878.114658, 491656.719325 5880878.114658, 491656.719325 5880870.080618))
3; POLYGON((491637.206445 5880858.242548, 491639.748752 5880858.242548, 491639.748752 5880871.452890, 491637.206445 5880871.452890, 491637.206445 5880858.242548))
3; POLYGON((491637.203961 5880858.101959, 491640.150438 5880858.101959, 491640.150438 5880871.331564, 491637.203961 5880871.331564, 491637.203961 5880858.101959))
3; POLYGON((491637.204422 5880857.902625, 491640.137681 5880857.902625, 491640.137681 5880869.709424, 491637.204422 5880869.709424, 491637.204422 5880857.902625))
3; POLYGON((491637.204252 5880858.014008, 491639.845070 5880858.014008, 491639.845070 5880874.119690, 491637.204252 5880874.119690, 491637.204252 5880858.014008))
4; POLYGON((491637.205127 5880857.664886, 491640.253858 5880857.664886, 491640.253858 5880869.690076, 491637.205127 5880869.690076, 491637.205127 5880857.664886))
3; POLYGON((491637.205501 5880856.331854, 491639.868745 5880856.331854, 491639.868745 5880870.646506, 491637.205501 5880870.646506, 491637.205501 5880856.331854))
