3; POLYGON((491622.451221 5882503.394824, 491635.287689 5882503.394824, 491635.287689 5882510.300000, 491622.451221 5882510.300000, 491622.451221 5882503.394824))
3; POLYGON((491614.362659 5882454.971423, 491626.327289 5882454.971423, 491626.327289 5882468.780032, 491614.362659 5882468.780032, 491614.362659 5882454.971423))
3; POLYGON((491594.105145 5882457.980505, 491606.476306 5882457.980505, 491606.476306 5882476.613364, 491594.105145 5882476.613364, 491594.105145 5882457.980505))
3; POLYGON((491592.229401 5882506.451693, 491607.324469 5882506.451693, 491607.324469 5882510.300000, 491592.229401 5882510.300000, 491592.229401 5882506.451693))
3; POLYGON((491557.071114 5882465.250128, 491573.576392 5882465.250128, 491573.576392 5882486.121747, 491557.071114 5882486.121747, 491557.071114 5882465.250128))
4; POLYGON((491608.656354 5882462.831616, 491615.111108 5882462.831616, 491615.111108 5882487.436127, 491608.656354 5882487.436127, 491608.656354 5882462.831616))
3; POLYGON((491556.905186 5882497.019406, 491573.392932 5882497.019406, 491573.392932 5882510.300000, 491556.905186 5882510.300000, 491556.905186 5882497.019406))
3; POLYGON((491573.913562 5882486.244279, 491581.909851 5882486.244279, 491581.909851 5882495.708363, 491573.913562 5882495.708363, 491573.913562 5882486.244279))
4; POLYGON((491609.417029 5882462.804480, 491615.195319 5882462.804480, 491615.195319 5882487.597125, 491609.417029 5882487.597125, 491609.417029 5882462.804480))
4; POLYGON((491537.214121 5882482.962897, 491540.207509 5882482.962897, 491540.207509 5882487.170592, 491537.214121 5882487.170592, 491537.214121 5882482.962897))
