4; POLYGON((490281.961691 5881995.279208, 490312.472614 5881995.279208, 490312.472614 5882010.300000, 490281.961691 5882010.300000, 490281.961691 5881995.279208))
4; POLYGON((490313.206598 5881972.720126, 490337.200000 5881972.720126, 490337.200000 5881996.151056, 490313.206598 5881996.151056, 490313.206598 5881972.720126))
4; POLYGON((490259.029407 5881910.300000, 490297.351355 5881910.300000, 490297.351355 5881938.102734, 490259.029407 5881938.102734, 490259.029407 5881910.300000))
1; POLYGON((490237.200000 5881910.300000, 490249.953173 5881910.300000, 490249.953173 5881917.782751, 490237.200000 5881917.782751, 490237.200000 5881910.300000))
4; POLYGON((490246.829195 5881926.750018, 490260.722560 5881926.750018, 490260.722560 5881942.835162, 490246.829195 5881942.835162, 490246.829195 5881926.750018))
4; POLYGON((490237.209855 5881937.489191, 490243.779455 5881937.489191, 490243.779455 5881975.017307, 490237.209855 5881975.017307, 490237.209855 5881937.489191))
4; POLYGON((490293.114075 5881940.894037, 490314.910919 5881940.894037, 490314.910919 5881969.012158, 490293.114075 5881969.012158, 490293.114075 5881940.894037))
4; POLYGON((490237.206591 5881944.356647, 490243.848941 5881944.356647, 490243.848941 5881975.016504, 490237.206591 5881975.016504, 490237.206591 5881944.356647))
4; POLYGON((490264.137488 5881960.710159, 490287.337051 5881960.710159, 490287.337051 5881989.218840, 490264.137488 5881989.218840, 490264.137488 5881960.710159))
4; POLYGON((490237.214062 5881984.710124, 490252.014603 5881984.710124, 490252.014603 5882009.782244, 490237.214062 5882009.782244, 490237.214062 5881984.710124))
4; POLYGON((490237.215221 5881932.158282, 490243.780027 5881932.158282, 490243.780027 5881975.118848, 490237.215221 5881975.118848, 490237.215221 5881932.158282))
4; POLYGON((490237.205399 5881993.393195, 490244.065106 5881993.393195, 490244.065106 5882010.300000, 490237.205399 5882010.300000, 490237.205399 5881993.393195))
4; POLYGON((490237.200000 5881984.691016, 490251.838026 5881984.691016, 490251.838026 5882006.590816, 490237.200000 5882006.590816, 490237.200000 5881984.691016))
4; POLYGON((490237.207847 5881951.396240, 490243.805435 5881951.396240, 490243.805435 5881974.646912, 490237.207847 5881974.646912, 490237.207847 5881951.396240))
4; POLYGON((490237.206294 5881995.660866, 490244.040083 5881995.660866, 490244.040083 5882010.284403, 490237.206294 5882010.284403, 490237.206294 5881995.660866))
4; POLYGON((490237.205537 5881921.918640, 490244.332221 5881921.918640, 490244.332221 5881934.093634, 490237.205537 5881934.093634, 490237.205537 5881921.918640))
4; POLYGON((490237.204797 5881921.881927, 490244.060373 5881921.881927, 490244.060373 5881934.937061, 490237.204797 5881934.937061, 490237.204797 5881921.881927))
4; POLYGON((490237.200000 5881953.150842, 490243.719132 5881953.150842, 490243.719132 5881975.277911, 490237.200000 5881975.277911, 490237.200000 5881953.150842))
4; POLYGON((490269.734674 5881960.824911, 490287.403683 5881960.824911, 490287.403683 5881982.203952, 490269.734674 5881982.203952, 490269.734674 5881960.824911))
