1; POLYGON((490719.245630 5880285.930074, 490726.459552 5880285.930074, 490726.459552 5880293.278014, 490719.245630 5880293.278014, 490719.245630 5880285.930074))
1; POLYGON((490671.818829 5880210.300000, 490715.460986 5880210.300000, 490715.460986 5880250.961053, 490671.818829 5880250.961053, 490671.818829 5880210.300000))
1; POLYGON((490731.119763 5880210.300000, 490737.200000 5880210.300000, 490737.200000 5880222.353748, 490731.119763 5880222.353748, 490731.119763 5880210.300000))
4; POLYGON((490681.926776 5880304.737689, 490719.837781 5880304.737689, 490719.837781 5880310.300000, 490681.926776 5880310.300000, 490681.926776 5880304.737689))
4; POLYGON((490688.046704 5880304.959407, 490719.723151 5880304.959407, 490719.723151 5880310.300000, 490688.046704 5880310.300000, 490688.046704 5880304.959407))
4; POLYGON((490694.749164 5880305.129790, 490720.026300 5880305.129790, 490720.026300 5880310.300000, 490694.749164 5880310.300000, 490694.749164 5880305.129790))
4; POLYGON((490671.202774 5880210.314191, 490715.425946 5880210.314191, 490715.425946 5880250.888525, 490671.202774 5880250.888525, 490671.202774 5880210.314191))
4; POLYGON((490676.000119 5880304.630045, 490719.493958 5880304.630045, 490719.493958 5880310.300000, 490676.000119 5880310.300000, 490676.000119 5880304.630045))
1; POLYGON((490730.275940 5880210.300000, 490737.200000 5880210.300000, 490737.200000 5880222.483710, 490730.275940 5880222.483710, 490730.275940 5880210.300000))
4; POLYGON((490691.298016 5880304.999614, 490719.729993 5880304.999614, 490719.729993 5880310.300000, 490691.298016 5880310.300000, 490691.298016 5880304.999614))
4; POLYGON((490670.596924 5880304.571870, 490719.628583 5880304.571870, 490719.628583 5880310.300000, 490670.596924 5880310.300000, 490670.596924 5880304.571870))
4; POLYGON((490684.248862 5880303.889269, 490719.701392 5880303.889269, 490719.701392 5880310.300000, 490684.248862 5880310.300000, 490684.248862 5880303.889269))
4; POLYGON((490679.086392 5880303.830286, 490719.374957 5880303.830286, 490719.374957 5880310.300000, 490679.086392 5880310.300000, 490679.086392 5880303.830286))
4; POLYGON((490689.029883 5880304.112078, 490719.676300 5880304.112078, 490719.676300 5880310.300000, 490689.029883 5880310.300000, 490689.029883 5880304.112078))
4; POLYGON((490672.958386 5880303.717659, 490719.624170 5880303.717659, 490719.624170 5880310.300000, 490672.958386 5880310.300000, 490672.958386 5880303.717659))
4; POLYGON((490665.058029 5880304.386727, 490719.884692 5880304.386727, 490719.884692 5880310.300000, 490665.058029 5880310.300000, 490665.058029 5880304.386727))
2; POLYGON((490687.404340 5880211.146204, 490701.745087 5880211.146204, 490701.745087 5880241.275537, 490687.404340 5880241.275537, 490687.404340 5880211.146204))
