4; POLYGON((491815.046484 5880494.781360, 491829.250488 5880494.781360, 491829.250488 5880510.300000, 491815.046484 5880510.300000, 491815.046484 5880494.781360))
4; POLYGON((491737.200000 5880410.300000, 491757.283670 5880410.300000, 491757.283670 5880429.301752, 491737.200000 5880429.301752, 491737.200000 5880410.300000))
4; POLYGON((491799.841925 5880410.300000, 491818.436359 5880410.300000, 491818.436359 5880415.998175, 491799.841925 5880415.998175, 491799.841925 5880410.300000))
4; POLYGON((491800.208197 5880410.300000, 491816.809161 5880410.300000, 491816.809161 5880415.903546, 491800.208197 5880415.903546, 491800.208197 5880410.300000))
4; POLYGON((491800.328815 5880410.300000, 491821.340686 5880410.300000, 491821.340686 5880416.036414, 491800.328815 5880416.036414, 491800.328815 5880410.300000))
4; POLYGON((491796.727277 5880410.300000, 491815.634131 5880410.300000, 491815.634131 5880415.752295, 491796.727277 5880415.752295, 491796.727277 5880410.300000))
4; POLYGON((491737.200000 5880410.300000, 491765.283209 5880410.300000, 491765.283209 5880429.207684, 491737.200000 5880429.207684, 491737.200000 5880410.300000))
4; POLYGON((491799.669843 5880410.300000, 491824.587634 5880410.300000, 491824.587634 5880416.036786, 491799.669843 5880416.036786, 491799.669843 5880410.300000))
4; POLYGON((491792.094733 5880410.300000, 491818.918616 5880410.300000, 491818.918616 5880416.029193, 491792.094733 5880416.029193, 491792.094733 5880410.300000))
4; POLYGON((491800.003717 5880410.300000, 491828.536053 5880410.300000, 491828.536053 5880415.981793, 491800.003717 5880415.981793, 491800.003717 5880410.300000))
4; POLYGON((491787.398300 5880410.300000, 491817.475195 5880410.300000, 491817.475195 5880415.964630, 491787.398300 5880415.964630, 491787.398300 5880410.300000))
