4; POLYGON((491058.742316 5880225.142712, 491117.438464 5880225.142712, 491117.438464 5880274.257224, 491058.742316 5880274.257224, 491058.742316 5880225.142712))
3; POLYGON((491109.154950 5880220.808374, 491123.560461 5880220.808374, 491123.560461 5880237.278595, 491109.154950 5880237.278595, 491109.154950 5880220.808374))
4; POLYGON((491037.208917 5880210.932220, 491052.236681 5880210.932220, 491052.236681 5880262.654553, 491037.208917 5880262.654553, 491037.208917 5880210.932220))
4; POLYGON((491106.434729 5880283.419354, 491126.442340 5880283.419354, 491126.442340 5880299.675357, 491106.434729 5880299.675357, 491106.434729 5880283.419354))
4; POLYGON((491037.207169 5880220.353473, 491052.217992 5880220.353473, 491052.217992 5880262.657034, 491037.207169 5880262.657034, 491037.207169 5880220.353473))
4; POLYGON((491127.867865 5880275.403717, 491137.200000 5880275.403717, 491137.200000 5880298.759391, 491127.867865 5880298.759391, 491127.867865 5880275.403717))
4; POLYGON((491076.169336 5880225.229297, 491117.388367 5880225.229297, 491117.388367 5880259.598672, 491076.169336 5880259.598672, 491076.169336 5880225.229297))
4; POLYGON((491127.326331 5880274.336914, 491137.200000 5880274.336914, 491137.200000 5880308.982580, 491127.326331 5880308.982580, 491127.326331 5880274.336914))
4; POLYGON((491058.916463 5880251.555347, 491084.524368 5880251.555347, 491084.524368 5880274.331998, 491058.916463 5880274.331998, 491058.916463 5880251.555347))
4; POLYGON((491127.818561 5880269.414502, 491137.190106 5880269.414502, 491137.190106 5880302.391808, 491127.818561 5880302.391808, 491127.818561 5880269.414502))
4; POLYGON((491127.706104 5880272.898959, 491137.188196 5880272.898959, 491137.188196 5880305.809851, 491127.706104 5880305.809851, 491127.706104 5880272.898959))
2; POLYGON((491126.243829 5880286.094328, 491136.457294 5880286.094328, 491136.457294 5880297.956133, 491126.243829 5880297.956133, 491126.243829 5880286.094328))
4; POLYGON((491127.600928 5880271.554993, 491137.200000 5880271.554993, 491137.200000 5880300.782012, 491127.600928 5880300.782012, 491127.600928 5880271.554993))
