3; POLYGON((488937.232121 5880676.083508, 489037.103485 5880676.083508, 489037.103485 5880710.007168, 488937.232121 5880710.007168, 488937.232121 5880676.083508))
3; POLYGON((488980.792786 5880697.830196, 489037.200000 5880697.830196, 489037.200000 5880710.294991, 488980.792786 5880710.294991, 488980.792786 5880697.830196))
3; POLYGON((488982.433218 5880624.195209, 488999.128754 5880624.195209, 488999.128754 5880648.191772, 488982.433218 5880648.191772, 488982.433218 5880624.195209))
3; POLYGON((488952.730794 5880610.303210, 488978.792715 5880610.303210, 488978.792715 5880646.422528, 488952.730794 5880646.422528, 488952.730794 5880610.303210))
3; POLYGON((488986.779535 5880633.883954, 488999.193378 5880633.883954, 488999.193378 5880648.178687, 488986.779535 5880648.178687, 488986.779535 5880633.883954))
4; POLYGON((488937.226107 5880611.317767, 488958.831920 5880611.317767, 488958.831920 5880646.553027, 488937.226107 5880646.553027, 488937.226107 5880611.317767))
3; POLYGON((488937.204716 5880639.580396, 488948.709695 5880639.580396, 488948.709695 5880659.006036, 488937.204716 5880659.006036, 488937.204716 5880639.580396))
3; POLYGON((489003.311621 5880649.600018, 489029.263409 5880649.600018, 489029.263409 5880665.307568, 489003.311621 5880665.307568, 489003.311621 5880649.600018))
3; POLYGON((488980.257748 5880699.309895, 489037.200000 5880699.309895, 489037.200000 5880710.289679, 488980.257748 5880710.289679, 488980.257748 5880699.309895))
3; POLYGON((489013.666913 5880675.633929, 489037.200000 5880675.633929, 489037.200000 5880693.134590, 489013.666913 5880693.134590, 489013.666913 5880675.633929))
3; POLYGON((488988.694788 5880697.949673, 489037.200000 5880697.949673, 489037.200000 5880710.292555, 488988.694788 5880710.292555, 488988.694788 5880697.949673))
3; POLYGON((488975.883792 5880610.303546, 488986.450229 5880610.303546, 488986.450229 5880618.460419, 488975.883792 5880618.460419, 488975.883792 5880610.303546))
3; POLYGON((488955.672772 5880656.035364, 488984.661252 5880656.035364, 488984.661252 5880675.285492, 488955.672772 5880675.285492, 488955.672772 5880656.035364))
3; POLYGON((488937.254291 5880655.828656, 488984.395728 5880655.828656, 488984.395728 5880680.680905, 488937.254291 5880680.680905, 488937.254291 5880655.828656))
3; POLYGON((488937.208099 5880649.157080, 488948.615865 5880649.157080, 488948.615865 5880658.998523, 488937.208099 5880658.998523, 488937.208099 5880649.157080))
3; POLYGON((488997.036230 5880697.943065, 489037.200000 5880697.943065, 489037.200000 5880710.298205, 488997.036230 5880710.298205, 488997.036230 5880697.943065))
3; POLYGON((488937.207429 5880639.731696, 488941.378266 5880639.731696, 488941.378266 5880649.640344, 488937.207429 5880649.640344, 488937.207429 5880639.731696))
3; POLYGON((488962.098178 5880629.447748, 488978.604431 5880629.447748, 488978.604431 5880646.546259, 488962.098178 5880646.546259, 488962.098178 5880629.447748))
