3; POLYGON((491530.987341 5880885.411000, 491537.200000 5880885.411000, 491537.200000 5880892.960855, 491530.987341 5880892.960855, 491530.987341 5880885.411000))
3; POLYGON((491517.662579 5880875.734244, 491524.853754 5880875.734244, 491524.853754 5880882.767615, 491517.662579 5880882.767615, 491517.662579 5880875.734244))
4; POLYGON((491456.838657 5880848.019250, 491464.664584 5880848.019250, 491464.664584 5880856.238293, 491456.838657 5880856.238293, 491456.838657 5880848.019250))
3; POLYGON((491532.673901 5880856.057117, 491537.200000 5880856.057117, 491537.200000 5880863.458203, 491532.673901 5880863.458203, 491532.673901 5880856.057117))
3; POLYGON((491523.031317 5880900.779516, 491531.347498 5880900.779516, 491531.347498 5880908.284124, 491523.031317 5880908.284124, 491523.031317 5880900.779516))
4; POLYGON((491507.552203 5880900.034528, 491515.354785 5880900.034528, 491515.354785 5880907.618997, 491507.552203 5880907.618997, 491507.552203 5880900.034528))
4; POLYGON((491473.584933 5880870.532697, 491481.347327 5880870.532697, 491481.347327 5880878.536609, 491473.584933 5880878.536609, 491473.584933 5880870.532697))
4; POLYGON((491468.779211 5880851.284729, 491476.798624 5880851.284729, 491476.798624 5880859.060583, 491468.779211 5880859.060583, 491468.779211 5880851.284729))
3; POLYGON((491481.043256 5880842.407153, 491488.694965 5880842.407153, 491488.694965 5880850.199652, 491481.043256 5880850.199652, 491481.043256 5880842.407153))
4; POLYGON((491491.558783 5880813.053314, 491500.266327 5880813.053314, 491500.266327 5880821.322833, 491491.558783 5880821.322833, 491491.558783 5880813.053314))
4; POLYGON((491472.279846 5880823.963751, 491479.039133 5880823.963751, 491479.039133 5880830.703058, 491472.279846 5880830.703058, 491472.279846 5880823.963751))
4; POLYGON((491462.405861 5880830.990778, 491469.867767 5880830.990778, 491469.867767 5880839.203558, 491462.405861 5880839.203558, 491462.405861 5880830.990778))
3; POLYGON((491532.506708 5880855.609045, 491537.186102 5880855.609045, 491537.186102 5880863.343680, 491532.506708 5880863.343680, 491532.506708 5880855.609045))
3; POLYGON((491480.357077 5880810.425555, 491486.119666 5880810.425555, 491486.119666 5880815.694824, 491480.357077 5880815.694824, 491480.357077 5880810.425555))
4; POLYGON((491494.277692 5880891.688432, 491502.314520 5880891.688432, 491502.314520 5880899.151720, 491494.277692 5880899.151720, 491494.277692 5880891.688432))
3; POLYGON((491524.137592 5880869.967422, 491530.661926 5880869.967422, 491530.661926 5880875.683853, 491524.137592 5880875.683853, 491524.137592 5880869.967422))
4; POLYGON((491529.694354 5880854.942102, 491534.949103 5880854.942102, 491534.949103 5880860.249060, 491529.694354 5880860.249060, 491529.694354 5880854.942102))
4; POLYGON((491524.120966 5880868.285254, 491531.628906 5880868.285254, 491531.628906 5880875.632291, 491524.120966 5880875.632291, 491524.120966 5880868.285254))
