3; POLYGON((489283.970566 5880783.235083, 489317.958588 5880783.235083, 489317.958588 5880804.473351, 489283.970566 5880804.473351, 489283.970566 5880783.235083))
3; POLYGON((489298.786804 5880730.699689, 489317.488428 5880730.699689, 489317.488428 5880744.688196, 489298.786804 5880744.688196, 489298.786804 5880730.699689))
3; POLYGON((489249.785550 5880795.344722, 489283.893460 5880795.344722, 489283.893460 5880810.299468, 489249.785550 5880810.299468, 489249.785550 5880795.344722))
3; POLYGON((489318.232843 5880770.927762, 489337.200000 5880770.927762, 489337.200000 5880794.203600, 489318.232843 5880794.203600, 489318.232843 5880770.927762))
3; POLYGON((489237.200000 5880807.913829, 489248.386155 5880807.913829, 489248.386155 5880810.293317, 489237.200000 5880810.293317, 489237.200000 5880807.913829))
3; POLYGON((489319.097589 5880722.884021, 489334.095215 5880722.884021, 489334.095215 5880737.560901, 489319.097589 5880737.560901, 489319.097589 5880722.884021))
3; POLYGON((489237.200000 5880807.581107, 489248.712771 5880807.581107, 489248.712771 5880810.300000, 489237.200000 5880810.300000, 489237.200000 5880807.581107))
3; POLYGON((489237.343095 5880808.095857, 489248.808378 5880808.095857, 489248.808378 5880810.295106, 489237.343095 5880810.295106, 489237.343095 5880808.095857))
4; POLYGON((489237.200000 5880710.300000, 489285.193097 5880710.300000, 489285.193097 5880758.532330, 489237.200000 5880758.532330, 489237.200000 5880710.300000))
3; POLYGON((489237.207826 5880807.138093, 489248.598831 5880807.138093, 489248.598831 5880810.300000, 489237.207826 5880810.300000, 489237.207826 5880807.138093))
