3; POLYGON((489621.598730 5881962.222391, 489637.069342 5881962.222391, 489637.069342 5881975.966492, 489621.598730 5881975.966492, 489621.598730 5881962.222391))
3; POLYGON((489583.833075 5881940.227069, 489622.019000 5881940.227069, 489622.019000 5881981.288226, 489583.833075 5881981.288226, 489583.833075 5881940.227069))
3; POLYGON((489570.259052 5882002.559351, 489581.023233 5882002.559351, 489581.023233 5882010.300000, 489570.259052 5882010.300000, 489570.259052 5882002.559351))
3; POLYGON((489575.259213 5881940.382825, 489621.956378 5881940.382825, 489621.956378 5882006.222876, 489575.259213 5882006.222876, 489575.259213 5881940.382825))
3; POLYGON((489561.708983 5881938.204443, 489579.054874 5881938.204443, 489579.054874 5881962.546979, 489561.708983 5881962.546979, 489561.708983 5881938.204443))
3; POLYGON((489582.362711 5881930.175995, 489592.972394 5881930.175995, 489592.972394 5881943.081476, 489582.362711 5881943.081476, 489582.362711 5881930.175995))
3; POLYGON((489549.990715 5881910.300000, 489610.064313 5881910.300000, 489610.064313 5881924.664734, 489549.990715 5881924.664734, 489549.990715 5881910.300000))
3; POLYGON((489626.113806 5881916.108276, 489637.200000 5881916.108276, 489637.200000 5881935.516333, 489626.113806 5881935.516333, 489626.113806 5881916.108276))
3; POLYGON((489541.472401 5881998.461364, 489556.201465 5881998.461364, 489556.201465 5882010.296448, 489541.472401 5882010.296448, 489541.472401 5881998.461364))
3; POLYGON((489598.595856 5882007.362675, 489613.039752 5882007.362675, 489613.039752 5882010.297125, 489598.595856 5882010.297125, 489598.595856 5882007.362675))
3; POLYGON((489543.730982 5881982.763211, 489561.995256 5881982.763211, 489561.995256 5881999.883553, 489543.730982 5881999.883553, 489543.730982 5881982.763211))
3; POLYGON((489543.341841 5881998.462115, 489556.233762 5881998.462115, 489556.233762 5882010.275123, 489543.341841 5882010.275123, 489543.341841 5881998.462115))
3; POLYGON((489600.047778 5882007.392967, 489612.959442 5882007.392967, 489612.959442 5882010.295123, 489600.047778 5882010.295123, 489600.047778 5882007.392967))
3; POLYGON((489613.863361 5881995.727269, 489637.200000 5881995.727269, 489637.200000 5882010.298696, 489613.863361 5882010.298696, 489613.863361 5881995.727269))
3; POLYGON((489557.061476 5881910.300000, 489610.162482 5881910.300000, 489610.162482 5881924.925970, 489557.061476 5881924.925970, 489557.061476 5881910.300000))
