3; POLYGON((490159.520238 5880673.841888, 490166.844064 5880673.841888, 490166.844064 5880683.857040, 490159.520238 5880683.857040, 490159.520238 5880673.841888))
4; POLYGON((490215.395282 5880663.592761, 490221.595343 5880663.592761, 490221.595343 5880670.909360, 490215.395282 5880670.909360, 490215.395282 5880663.592761))
4; POLYGON((490141.445816 5880673.861197, 490148.460024 5880673.861197, 490148.460024 5880682.409326, 490141.445816 5880682.409326, 490141.445816 5880673.861197))
4; POLYGON((490168.346729 5880670.791577, 490174.665402 5880670.791577, 490174.665402 5880677.485266, 490168.346729 5880677.485266, 490168.346729 5880670.791577))
3; POLYGON((490168.382352 5880670.825357, 490174.654425 5880670.825357, 490174.654425 5880677.435559, 490168.382352 5880677.435559, 490168.382352 5880670.825357))
3; POLYGON((490159.001738 5880610.300000, 490205.117029 5880610.300000, 490205.117029 5880629.588593, 490159.001738 5880629.588593, 490159.001738 5880610.300000))
3; POLYGON((490137.200000 5880676.171759, 490139.700748 5880676.171759, 490139.700748 5880684.822449, 490137.200000 5880684.822449, 490137.200000 5880676.171759))
3; POLYGON((490141.411033 5880673.874997, 490148.536152 5880673.874997, 490148.536152 5880682.295737, 490141.411033 5880682.295737, 490141.411033 5880673.874997))
4; POLYGON((490151.939929 5880677.230713, 490157.899924 5880677.230713, 490157.899924 5880684.705600, 490151.939929 5880684.705600, 490151.939929 5880677.230713))
4; POLYGON((490170.204211 5880677.275519, 490175.037634 5880677.275519, 490175.037634 5880681.966727, 490170.204211 5880681.966727, 490170.204211 5880677.275519))
4; POLYGON((490222.582117 5880662.676877, 490229.314807 5880662.676877, 490229.314807 5880669.031699, 490222.582117 5880669.031699, 490222.582117 5880662.676877))
3; POLYGON((490137.207702 5880676.183560, 490140.054443 5880676.183560, 490140.054443 5880684.864250, 490137.207702 5880684.864250, 490137.207702 5880676.183560))
4; POLYGON((490182.422870 5880674.544891, 490188.852686 5880674.544891, 490188.852686 5880680.713757, 490182.422870 5880680.713757, 490182.422870 5880674.544891))
