4; POLYGON((491361.732930 5881210.300000, 491392.718854 5881210.300000, 491392.718854 5881227.523389, 491361.732930 5881227.523389, 491361.732930 5881210.300000))
4; POLYGON((491409.939075 5881210.315125, 491437.200000 5881210.315125, 491437.200000 5881237.088525, 491409.939075 5881237.088525, 491409.939075 5881210.315125))
4; POLYGON((491362.445230 5881231.228851, 491393.259821 5881231.228851, 491393.259821 5881249.195599, 491362.445230 5881249.195599, 491362.445230 5881231.228851))
4; POLYGON((491337.235760 5881210.300256, 491356.141455 5881210.300256, 491356.141455 5881232.957196, 491337.235760 5881232.957196, 491337.235760 5881210.300256))
4; POLYGON((491345.021848 5881244.880640, 491357.767645 5881244.880640, 491357.767645 5881251.585474, 491345.021848 5881251.585474, 491345.021848 5881244.880640))
4; POLYGON((491338.546576 5881210.300000, 491355.753116 5881210.300000, 491355.753116 5881215.024127, 491338.546576 5881215.024127, 491338.546576 5881210.300000))
4; POLYGON((491337.223311 5881232.439154, 491357.397792 5881232.439154, 491357.397792 5881250.325818, 491337.223311 5881250.325818, 491337.223311 5881232.439154))
4; POLYGON((491391.128656 5881275.570862, 491410.943768 5881275.570862, 491410.943768 5881293.092909, 491391.128656 5881293.092909, 491391.128656 5881275.570862))
4; POLYGON((491380.332660 5881276.108969, 491388.603577 5881276.108969, 491388.603577 5881287.871014, 491380.332660 5881287.871014, 491380.332660 5881276.108969))
4; POLYGON((491337.231525 5881274.442270, 491411.185187 5881274.442270, 491411.185187 5881310.109039, 491337.231525 5881310.109039, 491337.231525 5881274.442270))
4; POLYGON((491391.191003 5881275.883249, 491399.425433 5881275.883249, 491399.425433 5881287.429346, 491391.191003 5881287.429346, 491391.191003 5881275.883249))
4; POLYGON((491339.019760 5881232.689545, 491357.441858 5881232.689545, 491357.441858 5881238.569073, 491339.019760 5881238.569073, 491339.019760 5881232.689545))
4; POLYGON((491337.205748 5881236.419763, 491339.824479 5881236.419763, 491339.824479 5881250.301312, 491337.205748 5881250.301312, 491337.205748 5881236.419763))
4; POLYGON((491369.690997 5881276.429474, 491377.652679 5881276.429474, 491377.652679 5881288.304829, 491369.690997 5881288.304829, 491369.690997 5881276.429474))
4; POLYGON((491337.243738 5881274.195764, 491399.038330 5881274.195764, 491399.038330 5881310.205005, 491337.243738 5881310.205005, 491337.243738 5881274.195764))
4; POLYGON((491337.686116 5881216.016132, 491356.112531 5881216.016132, 491356.112531 5881233.003577, 491337.686116 5881233.003577, 491337.686116 5881216.016132))
4; POLYGON((491370.562042 5881276.452884, 491377.677774 5881276.452884, 491377.677774 5881288.309549, 491370.562042 5881288.309549, 491370.562042 5881276.452884))
