4; POLYGON((491537.200000 5879974.402396, 491569.175235 5879974.402396, 491569.175235 5880010.300000, 491537.200000 5880010.300000, 491537.200000 5879974.402396))
1; POLYGON((491610.709845 5879910.300000, 491637.200000 5879910.300000, 491637.200000 5879960.004089, 491610.709845 5879960.004089, 491610.709845 5879910.300000))
4; POLYGON((491555.104543 5879998.096458, 491588.056003 5879998.096458, 491588.056003 5880010.300000, 491555.104543 5880010.300000, 491555.104543 5879998.096458))
4; POLYGON((491554.290759 5879996.976666, 491588.002823 5879996.976666, 491588.002823 5880010.300000, 491554.290759 5880010.300000, 491554.290759 5879996.976666))
1; POLYGON((491620.323761 5879987.288644, 491637.200000 5879987.288644, 491637.200000 5880009.295146, 491620.323761 5880009.295146, 491620.323761 5879987.288644))
1; POLYGON((491537.200000 5879934.439325, 491550.609123 5879934.439325, 491550.609123 5879969.754141, 491537.200000 5879969.754141, 491537.200000 5879934.439325))
4; POLYGON((491549.283566 5879996.202193, 491588.122034 5879996.202193, 491588.122034 5880010.296711, 491549.283566 5880010.296711, 491549.283566 5879996.202193))
1; POLYGON((491537.205984 5879933.608582, 491550.539560 5879933.608582, 491550.539560 5879978.724753, 491537.205984 5879978.724753, 491537.205984 5879933.608582))
4; POLYGON((491537.201490 5879930.112946, 491550.551314 5879930.112946, 491550.551314 5879970.217584, 491537.201490 5879970.217584, 491537.201490 5879930.112946))
1; POLYGON((491537.207884 5879932.898987, 491550.555469 5879932.898987, 491550.555469 5879983.301312, 491537.207884 5879983.301312, 491537.207884 5879932.898987))
4; POLYGON((491561.302544 5879998.125951, 491587.963419 5879998.125951, 491587.963419 5880010.299050, 491561.302544 5880010.299050, 491561.302544 5879998.125951))
2; POLYGON((491627.454791 5879919.120312, 491637.200000 5879919.120312, 491637.200000 5879937.595740, 491627.454791 5879937.595740, 491627.454791 5879919.120312))
4; POLYGON((491543.156435 5879995.891371, 491587.785184 5879995.891371, 491587.785184 5880010.299154, 491543.156435 5880010.299154, 491543.156435 5879995.891371))
4; POLYGON((491537.213261 5879921.340955, 491550.570734 5879921.340955, 491550.570734 5879972.393570, 491537.213261 5879972.393570, 491537.213261 5879921.340955))
2; POLYGON((491627.467285 5879918.918549, 491637.200000 5879918.918549, 491637.200000 5879940.134515, 491627.467285 5879940.134515, 491627.467285 5879918.918549))
1; POLYGON((491537.224918 5879934.582104, 491550.656702 5879934.582104, 491550.656702 5879990.256354, 491537.224918 5879990.256354, 491537.224918 5879934.582104))
