1; POLYGON((491596.203717 5881318.686652, 491635.208612 5881318.686652, 491635.208612 5881353.337762, 491596.203717 5881353.337762, 491596.203717 5881318.686652))
4; POLYGON((491596.289862 5881318.787598, 491635.013110 5881318.787598, 491635.013110 5881353.499030, 491596.289862 5881353.499030, 491596.289862 5881318.787598))
4; POLYGON((491615.743286 5881310.300000, 491637.200000 5881310.300000, 491637.200000 5881319.218671, 491615.743286 5881319.218671, 491615.743286 5881310.300000))
4; POLYGON((491616.777405 5881310.300000, 491637.200000 5881310.300000, 491637.200000 5881320.195496, 491616.777405 5881320.195496, 491616.777405 5881310.300000))
4; POLYGON((491540.119823 5881310.300000, 491571.633966 5881310.300000, 491571.633966 5881314.841949, 491540.119823 5881314.841949, 491540.119823 5881310.300000))
4; POLYGON((491610.646570 5881317.226483, 491621.470135 5881317.226483, 491621.470135 5881326.126672, 491610.646570 5881326.126672, 491610.646570 5881317.226483))
4; POLYGON((491617.430231 5881310.300000, 491637.198755 5881310.300000, 491637.198755 5881318.498315, 491617.430231 5881318.498315, 491617.430231 5881310.300000))
4; POLYGON((491616.418207 5881310.300000, 491637.198505 5881310.300000, 491637.198505 5881324.042950, 491616.418207 5881324.042950, 491616.418207 5881310.300000))
1; POLYGON((491541.667105 5881310.300000, 491572.515558 5881310.300000, 491572.515558 5881314.802222, 491541.667105 5881314.802222, 491541.667105 5881310.300000))
4; POLYGON((491545.787959 5881310.300000, 491571.471481 5881310.300000, 491571.471481 5881314.777063, 491545.787959 5881314.777063, 491545.787959 5881310.300000))
