3; POLYGON((490110.178912 5880241.275128, 490129.203400 5880241.275128, 490129.203400 5880278.408698, 490110.178912 5880278.408698, 490110.178912 5880241.275128))
3; POLYGON((490076.182001 5880252.490417, 490095.392957 5880252.490417, 490095.392957 5880289.295724, 490076.182001 5880289.295724, 490076.182001 5880252.490417))
3; POLYGON((490101.329431 5880281.118100, 490133.338171 5880281.118100, 490133.338171 5880298.374727, 490101.329431 5880298.374727, 490101.329431 5880281.118100))
3; POLYGON((490071.106250 5880292.842802, 490099.648932 5880292.842802, 490099.648932 5880309.500770, 490071.106250 5880309.500770, 490071.106250 5880292.842802))
3; POLYGON((490040.307705 5880284.695731, 490064.823282 5880284.695731, 490064.823282 5880310.270829, 490040.307705 5880310.270829, 490040.307705 5880284.695731))
3; POLYGON((490118.889661 5880214.821588, 490137.200000 5880214.821588, 490137.200000 5880273.129572, 490118.889661 5880273.129572, 490118.889661 5880214.821588))
3; POLYGON((490091.565778 5880247.385297, 490111.014795 5880247.385297, 490111.014795 5880284.180127, 490091.565778 5880284.180127, 490091.565778 5880247.385297))
3; POLYGON((490037.216000 5880251.111951, 490046.932915 5880251.111951, 490046.932915 5880280.318472, 490037.216000 5880280.318472, 490037.216000 5880251.111951))
3; POLYGON((490115.631531 5880210.300531, 490126.976178 5880210.300531, 490126.976178 5880214.558948, 490115.631531 5880214.558948, 490115.631531 5880210.300531))
3; POLYGON((490062.683940 5880282.415305, 490072.784448 5880282.415305, 490072.784448 5880294.258571, 490062.683940 5880294.258571, 490062.683940 5880282.415305))
3; POLYGON((490087.194394 5880210.300000, 490110.319183 5880210.300000, 490110.319183 5880218.745697, 490087.194394 5880218.745697, 490087.194394 5880210.300000))
3; POLYGON((490118.522223 5880305.548147, 490137.172852 5880305.548147, 490137.172852 5880310.279823, 490118.522223 5880310.279823, 490118.522223 5880305.548147))
3; POLYGON((490115.221307 5880305.497174, 490137.200000 5880305.497174, 490137.200000 5880310.294514, 490115.221307 5880310.294514, 490115.221307 5880305.497174))
3; POLYGON((490037.200000 5880261.558939, 490046.987770 5880261.558939, 490046.987770 5880280.233102, 490037.200000 5880280.233102, 490037.200000 5880261.558939))
