3; POLYGON((490647.294093 5882151.117834, 490687.277698 5882151.117834, 490687.277698 5882189.106097, 490647.294093 5882189.106097, 490647.294093 5882151.117834))
3; POLYGON((490684.485223 5882138.118182, 490715.858289 5882138.118182, 490715.858289 5882170.051108, 490684.485223 5882170.051108, 490684.485223 5882138.118182))
3; POLYGON((490639.932706 5882123.057458, 490670.448477 5882123.057458, 490670.448477 5882150.951758, 490639.932706 5882150.951758, 490639.932706 5882123.057458))
3; POLYGON((490657.340616 5882110.300000, 490682.739429 5882110.300000, 490682.739429 5882130.318713, 490657.340616 5882130.318713, 490657.340616 5882110.300000))
3; POLYGON((490637.204064 5882144.431616, 490644.801695 5882144.431616, 490644.801695 5882163.303235, 490637.204064 5882163.303235, 490637.204064 5882144.431616))
3; POLYGON((490638.411166 5882180.064536, 490653.507719 5882180.064536, 490653.507719 5882196.639975, 490638.411166 5882196.639975, 490638.411166 5882180.064536))
3; POLYGON((490726.472662 5882188.160271, 490737.200000 5882188.160271, 490737.200000 5882203.326130, 490726.472662 5882203.326130, 490726.472662 5882188.160271))
3; POLYGON((490725.762189 5882203.760260, 490734.366406 5882203.760260, 490734.366406 5882210.293458, 490725.762189 5882210.293458, 490725.762189 5882203.760260))
3; POLYGON((490637.926730 5882151.171582, 490687.264154 5882151.171582, 490687.264154 5882197.018266, 490637.926730 5882197.018266, 490637.926730 5882151.171582))
3; POLYGON((490734.855280 5882203.257527, 490737.200000 5882203.257527, 490737.200000 5882210.259214, 490734.855280 5882210.259214, 490734.855280 5882203.257527))
3; POLYGON((490637.213341 5882144.502106, 490644.863540 5882144.502106, 490644.863540 5882170.427884, 490637.213341 5882170.427884, 490637.213341 5882144.502106))
3; POLYGON((490734.648462 5882203.487252, 490737.200000 5882203.487252, 490737.200000 5882210.282842, 490734.648462 5882210.282842, 490734.648462 5882203.487252))
