1; POLYGON((491212.933014 5880217.328979, 491237.200000 5880217.328979, 491237.200000 5880244.815161, 491212.933014 5880244.815161, 491212.933014 5880217.328979))
4; POLYGON((491153.070761 5880263.539206, 491191.669025 5880263.539206, 491191.669025 5880291.421857, 491153.070761 5880291.421857, 491153.070761 5880263.539206))
4; POLYGON((491198.392389 5880218.953839, 491226.527222 5880218.953839, 491226.527222 5880249.863849, 491198.392389 5880249.863849, 491198.392389 5880218.953839))
4; POLYGON((491188.778485 5880254.661877, 491200.926984 5880254.661877, 491200.926984 5880267.805515, 491188.778485 5880267.805515, 491188.778485 5880254.661877))
4; POLYGON((491137.207088 5880275.511734, 491153.417177 5880275.511734, 491153.417177 5880300.268331, 491137.207088 5880300.268331, 491137.207088 5880275.511734))
1; POLYGON((491153.089989 5880263.556146, 491191.769983 5880263.556146, 491191.769983 5880291.346135, 491153.089989 5880291.346135, 491153.089989 5880263.556146))
1; POLYGON((491175.582776 5880278.529440, 491229.800092 5880278.529440, 491229.800092 5880310.256772, 491175.582776 5880310.256772, 491175.582776 5880278.529440))
4; POLYGON((491175.564862 5880278.507135, 491229.755792 5880278.507135, 491229.755792 5880310.288335, 491175.564862 5880310.288335, 491175.564862 5880278.507135))
4; POLYGON((491141.097628 5880210.300000, 491156.275372 5880210.300000, 491156.275372 5880215.246252, 491141.097628 5880215.246252, 491141.097628 5880210.300000))
1; POLYGON((491168.065204 5880278.458450, 491229.703711 5880278.458450, 491229.703711 5880310.299440, 491168.065204 5880310.299440, 491168.065204 5880278.458450))
4; POLYGON((491199.781451 5880217.002753, 491209.416376 5880217.002753, 491209.416376 5880225.058960, 491199.781451 5880225.058960, 491199.781451 5880217.002753))
4; POLYGON((491142.099421 5880210.300000, 491157.189290 5880210.300000, 491157.189290 5880215.215912, 491142.099421 5880215.215912, 491142.099421 5880210.300000))
4; POLYGON((491141.734292 5880210.300000, 491159.643832 5880210.300000, 491159.643832 5880215.194025, 491141.734292 5880215.194025, 491141.734292 5880210.300000))
1; POLYGON((491168.892819 5880245.193732, 491181.423257 5880245.193732, 491181.423257 5880258.920990, 491168.892819 5880258.920990, 491168.892819 5880245.193732))
4; POLYGON((491137.701998 5880210.300000, 491157.155859 5880210.300000, 491157.155859 5880215.225745, 491137.701998 5880215.225745, 491137.701998 5880210.300000))
4; POLYGON((491139.984845 5880210.300000, 491162.406543 5880210.300000, 491162.406543 5880215.130402, 491139.984845 5880215.130402, 491139.984845 5880210.300000))
4; POLYGON((491141.235908 5880210.300000, 491165.885889 5880210.300000, 491165.885889 5880215.178290, 491141.235908 5880215.178290, 491141.235908 5880210.300000))
