3; POLYGON((488337.207436 5880917.283655, 488343.745361 5880917.283655, 488343.745361 5880948.222424, 488337.207436 5880948.222424, 488337.207436 5880917.283655))
3; POLYGON((488339.119359 5880997.367615, 488387.292050 5880997.367615, 488387.292050 5881010.300000, 488339.119359 5881010.300000, 488339.119359 5880997.367615))
3; POLYGON((488345.176984 5880997.434547, 488387.150995 5880997.434547, 488387.150995 5881010.300000, 488345.176984 5881010.300000, 488345.176984 5880997.434547))
3; POLYGON((488352.225758 5880910.376703, 488383.350015 5880910.376703, 488383.350015 5880995.942445, 488352.225758 5880995.942445, 488352.225758 5880910.376703))
3; POLYGON((488395.704950 5880910.814050, 488435.475140 5880910.814050, 488435.475140 5881005.743166, 488395.704950 5881005.743166, 488395.704950 5880910.814050))
3; POLYGON((488401.318903 5880910.927643, 488435.069220 5880910.927643, 488435.069220 5881006.189008, 488401.318903 5881006.189008, 488401.318903 5880910.927643))
3; POLYGON((488372.217047 5880997.446719, 488387.299930 5880997.446719, 488387.299930 5881010.299878, 488372.217047 5881010.299878, 488372.217047 5880997.446719))
3; POLYGON((488391.472675 5880910.381403, 488435.557697 5880910.381403, 488435.557697 5881005.780597, 488391.472675 5881005.780597, 488391.472675 5880910.381403))
3; POLYGON((488337.206998 5880911.382843, 488343.714787 5880911.382843, 488343.714787 5880948.357080, 488337.206998 5880948.357080, 488337.206998 5880911.382843))
3; POLYGON((488337.249195 5880994.953365, 488349.450964 5880994.953365, 488349.450964 5881007.780495, 488337.249195 5881007.780495, 488337.249195 5880994.953365))
