3; POLYGON((489354.487227 5882076.946579, 489432.214612 5882076.946579, 489432.214612 5882110.294543, 489354.487227 5882110.294543, 489354.487227 5882076.946579))
3; POLYGON((489370.220773 5882024.190808, 489387.604410 5882024.190808, 489387.604410 5882051.697919, 489370.220773 5882051.697919, 489370.220773 5882024.190808))
3; POLYGON((489337.215949 5882033.589648, 489351.670221 5882033.589648, 489351.670221 5882048.515747, 489337.215949 5882048.515747, 489337.215949 5882033.589648))
3; POLYGON((489426.505444 5882040.077521, 489437.200000 5882040.077521, 489437.200000 5882094.896385, 489426.505444 5882094.896385, 489426.505444 5882040.077521))
3; POLYGON((489361.728909 5882050.587000, 489377.764011 5882050.587000, 489377.764011 5882074.637054, 489361.728909 5882074.637054, 489361.728909 5882050.587000))
3; POLYGON((489348.000522 5882010.307544, 489362.268263 5882010.307544, 489362.268263 5882019.185742, 489348.000522 5882019.185742, 489348.000522 5882010.307544))
3; POLYGON((489337.210845 5882059.418939, 489342.018479 5882059.418939, 489342.018479 5882070.068417, 489337.210845 5882070.068417, 489337.210845 5882059.418939))
3; POLYGON((489340.179208 5882020.628796, 489355.213637 5882020.628796, 489355.213637 5882035.308899, 489340.179208 5882035.308899, 489340.179208 5882020.628796))
3; POLYGON((489426.177570 5882043.853387, 489437.200000 5882043.853387, 489437.200000 5882094.174339, 489426.177570 5882094.174339, 489426.177570 5882043.853387))
3; POLYGON((489384.039502 5882010.300000, 489399.009149 5882010.300000, 489399.009149 5882012.022601, 489384.039502 5882012.022601, 489384.039502 5882010.300000))
3; POLYGON((489384.793594 5882010.300000, 489400.286890 5882010.300000, 489400.286890 5882012.090027, 489384.793594 5882012.090027, 489384.793594 5882010.300000))
3; POLYGON((489383.592560 5882010.300000, 489399.496887 5882010.300000, 489399.496887 5882012.428717, 489383.592560 5882012.428717, 489383.592560 5882010.300000))
