4; POLYGON((491437.215023 5881110.356464, 491466.324609 5881110.356464, 491466.324609 5881125.829449, 491437.215023 5881125.829449, 491437.215023 5881110.356464))
4; POLYGON((491496.926392 5881181.679080, 491517.112384 5881181.679080, 491517.112384 5881188.642938, 491496.926392 5881188.642938, 491496.926392 5881181.679080))
4; POLYGON((491437.200000 5881121.009851, 491491.545801 5881121.009851, 491491.545801 5881149.584076, 491437.200000 5881149.584076, 491437.200000 5881121.009851))
4; POLYGON((491437.200000 5881164.725433, 491468.236511 5881164.725433, 491468.236511 5881209.512527, 491437.200000 5881209.512527, 491437.200000 5881164.725433))
4; POLYGON((491519.578516 5881142.385553, 491537.200000 5881142.385553, 491537.200000 5881149.332544, 491519.578516 5881149.332544, 491519.578516 5881142.385553))
4; POLYGON((491524.729865 5881128.733545, 491537.186420 5881128.733545, 491537.186420 5881135.507599, 491524.729865 5881135.507599, 491524.729865 5881128.733545))
4; POLYGON((491473.254700 5881110.300000, 491500.542163 5881110.300000, 491500.542163 5881115.219855, 491473.254700 5881115.219855, 491473.254700 5881110.300000))
4; POLYGON((491461.250771 5881165.899585, 491468.111606 5881165.899585, 491468.111606 5881178.801486, 491461.250771 5881178.801486, 491461.250771 5881165.899585))
4; POLYGON((491502.319653 5881168.080835, 491516.961249 5881168.080835, 491516.961249 5881174.614099, 491502.319653 5881174.614099, 491502.319653 5881168.080835))
3; POLYGON((491516.551288 5881168.456802, 491537.200000 5881168.456802, 491537.200000 5881181.074081, 491516.551288 5881181.074081, 491516.551288 5881168.456802))
4; POLYGON((491492.689227 5881206.064698, 491537.146625 5881206.064698, 491537.146625 5881210.300000, 491492.689227 5881210.300000, 491492.689227 5881206.064698))
4; POLYGON((491478.826950 5881206.174278, 491537.200000 5881206.174278, 491537.200000 5881210.297304, 491478.826950 5881210.297304, 491478.826950 5881206.174278))
4; POLYGON((491519.685352 5881128.757776, 491537.181030 5881128.757776, 491537.181030 5881149.316730, 491519.685352 5881149.316730, 491519.685352 5881128.757776))
3; POLYGON((491479.196561 5881206.402088, 491537.200000 5881206.402088, 491537.200000 5881210.299999, 491479.196561 5881210.299999, 491479.196561 5881206.402088))
4; POLYGON((491479.470670 5881206.627168, 491537.200000 5881206.627168, 491537.200000 5881210.300000, 491479.470670 5881210.300000, 491479.470670 5881206.627168))
4; POLYGON((491479.371298 5881207.018645, 491494.140326 5881207.018645, 491494.140326 5881210.295860, 491479.371298 5881210.295860, 491479.371298 5881207.018645))
4; POLYGON((491437.200000 5881207.804021, 491445.133003 5881207.804021, 491445.133003 5881210.289924, 491437.200000 5881210.289924, 491437.200000 5881207.804021))
