3; POLYGON((489137.245282 5881714.697137, 489213.497797 5881714.697137, 489213.497797 5881751.361536, 489137.245282 5881751.361536, 489137.245282 5881714.697137))
3; POLYGON((489230.732117 5881710.300000, 489237.200000 5881710.300000, 489237.200000 5881716.156006, 489230.732117 5881716.156006, 489230.732117 5881710.300000))
3; POLYGON((489214.825543 5881742.740326, 489237.200000 5881742.740326, 489237.200000 5881764.113968, 489214.825543 5881764.113968, 489214.825543 5881742.740326))
3; POLYGON((489183.684134 5881781.766727, 489214.433154 5881781.766727, 489214.433154 5881806.322305, 489183.684134 5881806.322305, 489183.684134 5881781.766727))
3; POLYGON((489214.484210 5881791.974831, 489237.200000 5881791.974831, 489237.200000 5881810.300000, 489214.484210 5881810.300000, 489214.484210 5881791.974831))
3; POLYGON((489167.469705 5881777.401892, 489181.077014 5881777.401892, 489181.077014 5881793.583133, 489167.469705 5881793.583133, 489167.469705 5881777.401892))
3; POLYGON((489152.697487 5881773.042499, 489165.651877 5881773.042499, 489165.651877 5881788.309673, 489152.697487 5881788.309673, 489152.697487 5881773.042499))
3; POLYGON((489137.205150 5881772.057300, 489139.621060 5881772.057300, 489139.621060 5881795.184744, 489137.205150 5881795.184744, 489137.205150 5881772.057300))
3; POLYGON((489137.207264 5881772.431076, 489139.533838 5881772.431076, 489139.533838 5881793.133890, 489137.207264 5881793.133890, 489137.207264 5881772.431076))
3; POLYGON((489230.717737 5881710.318250, 489237.200000 5881710.318250, 489237.200000 5881717.928760, 489230.717737 5881717.928760, 489230.717737 5881710.318250))
