4; POLYGON((489005.403632 5880141.616907, 489028.608026 5880141.616907, 489028.608026 5880164.861557, 489005.403632 5880164.861557, 489005.403632 5880141.616907))
4; POLYGON((488974.535730 5880110.314594, 489008.170007 5880110.314594, 489008.170007 5880149.299304, 488974.535730 5880149.299304, 488974.535730 5880110.314594))
3; POLYGON((489010.184052 5880113.614276, 489032.096948 5880113.614276, 489032.096948 5880146.658923, 489010.184052 5880146.658923, 489010.184052 5880113.614276))
3; POLYGON((488940.651151 5880145.781488, 488995.083002 5880145.781488, 488995.083002 5880210.272659, 488940.651151 5880210.272659, 488940.651151 5880145.781488))
3; POLYGON((488994.455206 5880158.626550, 489014.631708 5880158.626550, 489014.631708 5880194.165746, 488994.455206 5880194.165746, 488994.455206 5880158.626550))
4; POLYGON((488977.684042 5880110.300000, 489008.071704 5880110.300000, 489008.071704 5880149.103973, 488977.684042 5880149.103973, 488977.684042 5880110.300000))
3; POLYGON((488937.362509 5880115.245331, 488978.028094 5880115.245331, 488978.028094 5880148.103906, 488937.362509 5880148.103906, 488937.362509 5880115.245331))
3; POLYGON((489013.342566 5880117.857269, 489037.200000 5880117.857269, 489037.200000 5880209.960659, 489013.342566 5880209.960659, 489013.342566 5880117.857269))
3; POLYGON((488937.205531 5880147.379553, 488939.384461 5880147.379553, 488939.384461 5880176.229724, 488937.205531 5880176.229724, 488937.205531 5880147.379553))
3; POLYGON((488937.233715 5880115.109143, 488977.893182 5880115.109143, 488977.893182 5880174.621646, 488937.233715 5880174.621646, 488937.233715 5880115.109143))
3; POLYGON((488940.720277 5880189.063342, 488978.557516 5880189.063342, 488978.557516 5880210.300000, 488940.720277 5880210.300000, 488940.720277 5880189.063342))
