3; POLYGON((491732.592065 5879956.289691, 491737.200000 5879956.289691, 491737.200000 5879963.709634, 491732.592065 5879963.709634, 491732.592065 5879956.289691))
1; POLYGON((491637.200000 5879910.300000, 491664.571521 5879910.300000, 491664.571521 5879959.221518, 491637.200000 5879959.221518, 491637.200000 5879910.300000))
3; POLYGON((491724.254724 5879941.915771, 491732.035583 5879941.915771, 491732.035583 5879949.323462, 491724.254724 5879949.323462, 491724.254724 5879941.915771))
4; POLYGON((491690.027472 5879997.804986, 491696.755768 5879997.804986, 491696.755768 5880004.351780, 491690.027472 5880004.351780, 491690.027472 5879997.804986))
1; POLYGON((491637.205250 5879965.786151, 491652.640718 5879965.786151, 491652.640718 5879987.249435, 491637.205250 5879987.249435, 491637.205250 5879965.786151))
4; POLYGON((491696.569019 5879986.489072, 491702.613611 5879986.489072, 491702.613611 5879992.385963, 491696.569019 5879992.385963, 491696.569019 5879986.489072))
4; POLYGON((491716.133972 5879959.759467, 491722.406195 5879959.759467, 491722.406195 5879966.192822, 491716.133972 5879966.192822, 491716.133972 5879959.759467))
3; POLYGON((491696.541907 5879986.487744, 491702.607678 5879986.487744, 491702.607678 5879992.437325, 491696.541907 5879992.437325, 491696.541907 5879986.487744))
3; POLYGON((491706.359656 5879963.528571, 491718.922290 5879963.528571, 491718.922290 5879972.956662, 491706.359656 5879972.956662, 491706.359656 5879963.528571))
2; POLYGON((491637.200000 5879923.936572, 491652.703731 5879923.936572, 491652.703731 5879944.770374, 491637.200000 5879944.770374, 491637.200000 5879923.936572))
2; POLYGON((491637.218601 5879922.464954, 491653.006052 5879922.464954, 491653.006052 5879944.067133, 491637.218601 5879944.067133, 491637.218601 5879922.464954))
3; POLYGON((491706.244623 5879963.480841, 491721.459790 5879963.480841, 491721.459790 5879974.465012, 491706.244623 5879974.465012, 491706.244623 5879963.480841))
2; POLYGON((491637.200000 5879926.117883, 491652.948676 5879926.117883, 491652.948676 5879945.253644, 491637.200000 5879945.253644, 491637.200000 5879926.117883))
