3; POLYGON((490719.416437 5880851.697681, 490727.696222 5880851.697681, 490727.696222 5880859.610425, 490719.416437 5880859.610425, 490719.416437 5880851.697681))
4; POLYGON((490706.826111 5880831.594458, 490714.406915 5880831.594458, 490714.406915 5880839.524219, 490706.826111 5880839.524219, 490706.826111 5880831.594458))
4; POLYGON((490696.596588 5880820.921326, 490703.736865 5880820.921326, 490703.736865 5880827.921942, 490696.596588 5880827.921942, 490696.596588 5880820.921326))
4; POLYGON((490705.999335 5880817.007495, 490714.494714 5880817.007495, 490714.494714 5880825.261285, 490705.999335 5880825.261285, 490705.999335 5880817.007495))
4; POLYGON((490713.904401 5880902.096123, 490722.979687 5880902.096123, 490722.979687 5880909.990666, 490713.904401 5880909.990666, 490713.904401 5880902.096123))
4; POLYGON((490733.182843 5880882.299854, 490737.200000 5880882.299854, 490737.200000 5880889.646548, 490733.182843 5880889.646548, 490733.182843 5880882.299854))
4; POLYGON((490712.587946 5880869.326929, 490719.495227 5880869.326929, 490719.495227 5880876.726227, 490712.587946 5880876.726227, 490712.587946 5880869.326929))
4; POLYGON((490707.165070 5880831.525836, 490714.370868 5880831.525836, 490714.370868 5880839.144312, 490707.165070 5880839.144312, 490707.165070 5880831.525836))
4; POLYGON((490690.070935 5880815.200153, 490695.794366 5880815.200153, 490695.794366 5880821.087396, 490690.070935 5880821.087396, 490690.070935 5880815.200153))
4; POLYGON((490733.202063 5880881.548618, 490737.200000 5880881.548618, 490737.200000 5880889.646622, 490733.202063 5880889.646622, 490733.202063 5880881.548618))
4; POLYGON((490728.125830 5880811.376154, 490735.276599 5880811.376154, 490735.276599 5880818.268243, 490728.125830 5880818.268243, 490728.125830 5880811.376154))
4; POLYGON((490642.320958 5880812.669928, 490650.176691 5880812.669928, 490650.176691 5880820.694598, 490642.320958 5880820.694598, 490642.320958 5880812.669928))
4; POLYGON((490733.293756 5880882.755048, 490737.200000 5880882.755048, 490737.200000 5880889.809209, 490733.293756 5880889.809209, 490733.293756 5880882.755048))
