3; POLYGON((490591.165021 5881589.330061, 490607.341376 5881589.330061, 490607.341376 5881610.300000, 490591.165021 5881610.300000, 490591.165021 5881589.330061))
3; POLYGON((490544.972481 5881586.132848, 490556.873573 5881586.132848, 490556.873573 5881599.649950, 490544.972481 5881599.649950, 490544.972481 5881586.132848))
3; POLYGON((490601.651447 5881543.172015, 490614.913361 5881543.172015, 490614.913361 5881563.799774, 490601.651447 5881563.799774, 490601.651447 5881543.172015))
3; POLYGON((490558.815495 5881528.563074, 490570.824979 5881528.563074, 490570.824979 5881538.373437, 490558.815495 5881538.373437, 490558.815495 5881528.563074))
3; POLYGON((490557.029317 5881558.231067, 490573.722043 5881558.231067, 490573.722043 5881576.073788, 490557.029317 5881576.073788, 490557.029317 5881558.231067))
3; POLYGON((490562.731105 5881510.376062, 490574.499905 5881510.376062, 490574.499905 5881524.402014, 490562.731105 5881524.402014, 490562.731105 5881510.376062))
3; POLYGON((490558.234088 5881587.841647, 490570.230637 5881587.841647, 490570.230637 5881603.001797, 490558.234088 5881603.001797, 490558.234088 5881587.841647))
3; POLYGON((490558.914760 5881541.715155, 490571.806201 5881541.715155, 490571.806201 5881554.387030, 490558.914760 5881554.387030, 490558.914760 5881541.715155))
3; POLYGON((490537.212618 5881582.352673, 490544.310944 5881582.352673, 490544.310944 5881595.855013, 490537.212618 5881595.855013, 490537.212618 5881582.352673))
3; POLYGON((490604.017615 5881520.292114, 490617.064996 5881520.292114, 490617.064996 5881535.415961, 490604.017615 5881535.415961, 490604.017615 5881520.292114))
