3; POLYGON((488537.217437 5880274.504926, 488562.801688 5880274.504926, 488562.801688 5880300.611134, 488537.217437 5880300.611134, 488537.217437 5880274.504926))
3; POLYGON((488571.017987 5880224.039435, 488587.321042 5880224.039435, 488587.321042 5880252.303278, 488571.017987 5880252.303278, 488571.017987 5880224.039435))
3; POLYGON((488615.501434 5880263.988660, 488631.182501 5880263.988660, 488631.182501 5880279.440228, 488615.501434 5880279.440228, 488615.501434 5880263.988660))
3; POLYGON((488575.844913 5880253.069196, 488597.951355 5880253.069196, 488597.951355 5880272.321103, 488575.844913 5880272.321103, 488575.844913 5880253.069196))
3; POLYGON((488537.206032 5880225.928296, 488545.452348 5880225.928296, 488545.452348 5880273.766171, 488537.206032 5880273.766171, 488537.206032 5880225.928296))
3; POLYGON((488629.790790 5880274.271582, 488637.200000 5880274.271582, 488637.200000 5880291.031165, 488629.790790 5880291.031165, 488629.790790 5880274.271582))
3; POLYGON((488545.633675 5880224.185303, 488573.736060 5880224.185303, 488573.736060 5880281.624445, 488545.633675 5880281.624445, 488545.633675 5880224.185303))
3; POLYGON((488588.571643 5880220.204968, 488601.739240 5880220.204968, 488601.739240 5880234.142950, 488588.571643 5880234.142950, 488588.571643 5880220.204968))
3; POLYGON((488575.943375 5880240.287231, 488612.729413 5880240.287231, 488612.729413 5880272.454764, 488575.943375 5880272.454764, 488575.943375 5880240.287231))
3; POLYGON((488588.602399 5880220.145355, 488599.950073 5880220.145355, 488599.950073 5880229.409967, 488588.602399 5880229.409967, 488588.602399 5880220.145355))
3; POLYGON((488607.086090 5880210.300000, 488624.287976 5880210.300000, 488624.287976 5880218.784845, 488607.086090 5880218.784845, 488607.086090 5880210.300000))
3; POLYGON((488615.527582 5880253.745868, 488637.200000 5880253.745868, 488637.200000 5880279.523270, 488615.527582 5880279.523270, 488615.527582 5880253.745868))
3; POLYGON((488537.200000 5880233.216083, 488545.414675 5880233.216083, 488545.414675 5880273.801953, 488537.200000 5880273.801953, 488537.200000 5880233.216083))
3; POLYGON((488607.099188 5880210.300000, 488622.450909 5880210.300000, 488622.450909 5880218.764545, 488607.099188 5880218.764545, 488607.099188 5880210.300000))
3; POLYGON((488614.365155 5880300.715156, 488634.449133 5880300.715156, 488634.449133 5880310.300000, 488614.365155 5880310.300000, 488614.365155 5880300.715156))
3; POLYGON((488545.681931 5880224.094305, 488561.825246 5880224.094305, 488561.825246 5880248.943842, 488545.681931 5880248.943842, 488545.681931 5880224.094305))
3; POLYGON((488537.201613 5880237.361267, 488545.413474 5880237.361267, 488545.413474 5880274.052975, 488537.201613 5880274.052975, 488537.201613 5880237.361267))
3; POLYGON((488607.007751 5880210.300000, 488629.460126 5880210.300000, 488629.460126 5880218.908118, 488607.007751 5880218.908118, 488607.007751 5880210.300000))
4; POLYGON((488602.823822 5880210.827875, 488620.145276 5880210.827875, 488620.145276 5880233.603241, 488602.823822 5880233.603241, 488602.823822 5880210.827875))
