3; POLYGON((489596.923004 5882220.326270, 489627.204962 5882220.326270, 489627.204962 5882252.848792, 489596.923004 5882252.848792, 489596.923004 5882220.326270))
3; POLYGON((489577.323474 5882270.000635, 489614.986884 5882270.000635, 489614.986884 5882310.261305, 489577.323474 5882310.261305, 489577.323474 5882270.000635))
3; POLYGON((489538.595160 5882218.021155, 489583.349268 5882218.021155, 489583.349268 5882269.013263, 489538.595160 5882269.013263, 489538.595160 5882218.021155))
3; POLYGON((489578.166217 5882210.300000, 489601.039270 5882210.300000, 489601.039270 5882223.246967, 489578.166217 5882223.246967, 489578.166217 5882210.300000))
3; POLYGON((489622.562427 5882250.483868, 489637.200000 5882250.483868, 489637.200000 5882279.781207, 489622.562427 5882279.781207, 489622.562427 5882250.483868))
3; POLYGON((489541.781233 5882301.240445, 489561.518994 5882301.240445, 489561.518994 5882310.300000, 489541.781233 5882310.300000, 489541.781233 5882301.240445))
3; POLYGON((489541.763567 5882301.213819, 489559.414471 5882301.213819, 489559.414471 5882310.300000, 489541.763567 5882310.300000, 489541.763567 5882301.213819))
3; POLYGON((489541.855960 5882301.228886, 489563.809796 5882301.228886, 489563.809796 5882310.291367, 489541.855960 5882310.291367, 489541.855960 5882301.228886))
3; POLYGON((489537.207764 5882284.939816, 489543.478960 5882284.939816, 489543.478960 5882302.913897, 489537.207764 5882302.913897, 489537.207764 5882284.939816))
3; POLYGON((489537.201860 5882280.837784, 489543.528860 5882280.837784, 489543.528860 5882302.288970, 489537.201860 5882302.288970, 489537.201860 5882280.837784))
3; POLYGON((489537.216706 5882277.902051, 489543.552518 5882277.902051, 489543.552518 5882302.686826, 489537.216706 5882302.686826, 489537.216706 5882277.902051))
3; POLYGON((489541.811865 5882301.282983, 489566.253766 5882301.282983, 489566.253766 5882310.299439, 489541.811865 5882310.299439, 489541.811865 5882301.282983))
3; POLYGON((489537.216602 5882274.715540, 489543.554387 5882274.715540, 489543.554387 5882302.496686, 489537.216602 5882302.496686, 489537.216602 5882274.715540))
3; POLYGON((489537.218249 5882271.143585, 489543.524783 5882271.143585, 489543.524783 5882302.237587, 489537.218249 5882302.237587, 489537.218249 5882271.143585))
3; POLYGON((489541.821952 5882301.263926, 489569.042331 5882301.263926, 489569.042331 5882310.298222, 489541.821952 5882310.298222, 489541.821952 5882301.263926))
