3; POLYGON((489890.701923 5881426.800391, 489928.809210 5881426.800391, 489928.809210 5881488.832048, 489890.701923 5881488.832048, 489890.701923 5881426.800391))
3; POLYGON((489848.567955 5881452.699628, 489867.118716 5881452.699628, 489867.118716 5881469.237994, 489848.567955 5881469.237994, 489848.567955 5881452.699628))
3; POLYGON((489919.954248 5881410.302570, 489937.200000 5881410.302570, 489937.200000 5881428.435254, 489919.954248 5881428.435254, 489919.954248 5881410.302570))
3; POLYGON((489867.416306 5881462.207965, 489885.885858 5881462.207965, 489885.885858 5881478.809634, 489867.416306 5881478.809634, 489867.416306 5881462.207965))
3; POLYGON((489837.212673 5881476.032434, 489851.519699 5881476.032434, 489851.519699 5881496.919321, 489837.212673 5881496.919321, 489837.212673 5881476.032434))
4; POLYGON((489848.794509 5881410.300000, 489871.045691 5881410.300000, 489871.045691 5881421.339655, 489848.794509 5881421.339655, 489848.794509 5881410.300000))
3; POLYGON((489890.805609 5881445.476343, 489919.451099 5881445.476343, 489919.451099 5881488.845387, 489890.805609 5881488.845387, 489890.805609 5881445.476343))
3; POLYGON((489935.014447 5881458.020435, 489937.200000 5881458.020435, 489937.200000 5881472.617792, 489935.014447 5881472.617792, 489935.014447 5881458.020435))
3; POLYGON((489934.937030 5881456.253766, 489937.200000 5881456.253766, 489937.200000 5881472.864279, 489934.937030 5881472.864279, 489934.937030 5881456.253766))
3; POLYGON((489934.860724 5881454.689691, 489937.198529 5881454.689691, 489937.198529 5881472.926447, 489934.860724 5881472.926447, 489934.860724 5881454.689691))
3; POLYGON((489935.081000 5881454.017877, 489937.200000 5881454.017877, 489937.200000 5881472.626111, 489935.081000 5881472.626111, 489935.081000 5881454.017877))
3; POLYGON((489934.874054 5881450.586749, 489937.195154 5881450.586749, 489937.195154 5881472.804062, 489934.874054 5881472.804062, 489934.874054 5881450.586749))
