3; POLYGON((489414.038214 5882372.858237, 489437.200000 5882372.858237, 489437.200000 5882409.157135, 489414.038214 5882409.157135, 489414.038214 5882372.858237))
3; POLYGON((489392.309686 5882335.949103, 489419.341370 5882335.949103, 489419.341370 5882373.053781, 489392.309686 5882373.053781, 489392.309686 5882335.949103))
3; POLYGON((489357.176602 5882357.683826, 489384.205429 5882357.683826, 489384.205429 5882393.994290, 489357.176602 5882393.994290, 489357.176602 5882357.683826))
3; POLYGON((489337.201019 5882311.492706, 489360.073790 5882311.492706, 489360.073790 5882335.365173, 489337.201019 5882335.365173, 489337.201019 5882311.492706))
3; POLYGON((489379.947864 5882394.467647, 489398.971594 5882394.467647, 489398.971594 5882410.300000, 489379.947864 5882410.300000, 489379.947864 5882394.467647))
3; POLYGON((489344.038375 5882390.790964, 489365.414377 5882390.790964, 489365.414377 5882410.299979, 489344.038375 5882410.299979, 489344.038375 5882390.790964))
3; POLYGON((489416.528088 5882320.899902, 489437.200000 5882320.899902, 489437.200000 5882357.152594, 489416.528088 5882357.152594, 489416.528088 5882320.899902))
3; POLYGON((489337.205680 5882374.628857, 489345.937103 5882374.628857, 489345.937103 5882390.080016, 489337.205680 5882390.080016, 489337.205680 5882374.628857))
3; POLYGON((489360.046138 5882310.300000, 489381.614066 5882310.300000, 489381.614066 5882315.881018, 489360.046138 5882315.881018, 489360.046138 5882310.300000))
3; POLYGON((489360.312440 5882310.300000, 489384.907971 5882310.300000, 489384.907971 5882315.876520, 489360.312440 5882315.876520, 489360.312440 5882310.300000))
3; POLYGON((489360.295148 5882310.300000, 489388.305997 5882310.300000, 489388.305997 5882315.894293, 489360.295148 5882315.894293, 489360.295148 5882310.300000))
3; POLYGON((489360.278250 5882310.300000, 489391.921991 5882310.300000, 489391.921991 5882315.884021, 489360.278250 5882315.884021, 489360.278250 5882310.300000))
3; POLYGON((489359.976917 5882310.300000, 489377.424771 5882310.300000, 489377.424771 5882315.791071, 489359.976917 5882315.791071, 489359.976917 5882310.300000))
3; POLYGON((489360.309531 5882310.300000, 489397.539484 5882310.300000, 489397.539484 5882315.856610, 489360.309531 5882315.856610, 489360.309531 5882310.300000))
3; POLYGON((489337.225641 5882374.690814, 489345.932073 5882374.690814, 489345.932073 5882395.785564, 489337.225641 5882395.785564, 489337.225641 5882374.690814))
