4; POLYGON((488937.200000 5881510.303186, 489037.200000 5881510.303186, 489037.200000 5881610.102214, 488937.200000 5881610.102214, 488937.200000 5881510.303186))
2; POLYGON((488985.397238 5881542.755243, 489002.004602 5881542.755243, 489002.004602 5881556.620691, 488985.397238 5881556.620691, 488985.397238 5881542.755243))
4; POLYGON((488937.200000 5881582.370062, 488970.938150 5881582.370062, 488970.938150 5881610.291319, 488937.200000 5881610.291319, 488937.200000 5881582.370062))
3; POLYGON((489026.146613 5881585.759979, 489037.200000 5881585.759979, 489037.200000 5881610.300000, 489026.146613 5881610.300000, 489026.146613 5881585.759979))
4; POLYGON((488957.044370 5881510.300000, 489005.240210 5881510.300000, 489005.240210 5881550.455988, 488957.044370 5881550.455988, 488957.044370 5881510.300000))
3; POLYGON((489026.605371 5881583.565488, 489037.198651 5881583.565488, 489037.198651 5881610.287563, 489026.605371 5881610.287563, 489026.605371 5881583.565488))
3; POLYGON((489026.743298 5881577.783200, 489037.191449 5881577.783200, 489037.191449 5881610.300000, 489026.743298 5881610.300000, 489026.743298 5881577.783200))
3; POLYGON((489026.685754 5881573.968460, 489037.189929 5881573.968460, 489037.189929 5881610.300000, 489026.685754 5881610.300000, 489026.685754 5881573.968460))
2; POLYGON((488937.200000 5881556.480023, 488945.352472 5881556.480023, 488945.352472 5881576.663754, 488937.200000 5881576.663754, 488937.200000 5881556.480023))
3; POLYGON((489024.793036 5881589.384311, 489037.200000 5881589.384311, 489037.200000 5881610.288624, 489024.793036 5881610.288624, 489024.793036 5881589.384311))
3; POLYGON((489025.501245 5881578.570273, 489037.200000 5881578.570273, 489037.200000 5881610.289367, 489025.501245 5881610.289367, 489025.501245 5881578.570273))
3; POLYGON((489026.315747 5881589.036089, 489037.200000 5881589.036089, 489037.200000 5881610.284221, 489026.315747 5881610.284221, 489026.315747 5881589.036089))
3; POLYGON((489025.623474 5881563.841293, 489037.200000 5881563.841293, 489037.200000 5881610.300000, 489025.623474 5881610.300000, 489025.623474 5881563.841293))
2; POLYGON((488937.200495 5881556.044727, 488945.037230 5881556.044727, 488945.037230 5881575.556281, 488937.200495 5881575.556281, 488937.200495 5881556.044727))
3; POLYGON((489026.588635 5881569.606818, 489037.188055 5881569.606818, 489037.188055 5881610.300000, 489026.588635 5881610.300000, 489026.588635 5881569.606818))
3; POLYGON((489025.112732 5881574.222046, 489037.200000 5881574.222046, 489037.200000 5881610.277607, 489025.112732 5881610.277607, 489025.112732 5881574.222046))
3; POLYGON((489025.304626 5881570.222113, 489037.200000 5881570.222113, 489037.200000 5881610.300000, 489025.304626 5881610.300000, 489025.304626 5881570.222113))
3; POLYGON((489025.591718 5881591.455530, 489037.200000 5881591.455530, 489037.200000 5881610.299014, 489025.591718 5881610.299014, 489025.591718 5881591.455530))
3; POLYGON((489020.241290 5881570.501462, 489037.200000 5881570.501462, 489037.200000 5881610.280539, 489020.241290 5881610.280539, 489020.241290 5881570.501462))
