3; POLYGON((489867.817480 5879910.300000, 489884.816629 5879910.300000, 489884.816629 5879923.519281, 489867.817480 5879923.519281, 489867.817480 5879910.300000))
3; POLYGON((489879.909479 5879946.507678, 489917.890131 5879946.507678, 489917.890131 5880010.280891, 489879.909479 5880010.280891, 489879.909479 5879946.507678))
3; POLYGON((489855.516191 5879954.673132, 489882.332510 5879954.673132, 489882.332510 5880010.111304, 489855.516191 5880010.111304, 489855.516191 5879954.673132))
3; POLYGON((489837.216643 5879948.782062, 489859.295399 5879948.782062, 489859.295399 5880010.208561, 489837.216643 5880010.208561, 489837.216643 5879948.782062))
3; POLYGON((489930.158575 5879981.090479, 489937.193542 5879981.090479, 489937.193542 5880010.194953, 489930.158575 5880010.194953, 489930.158575 5879981.090479))
3; POLYGON((489837.200000 5879913.972247, 489863.760452 5879913.972247, 489863.760452 5879933.072711, 489837.200000 5879933.072711, 489837.200000 5879913.972247))
3; POLYGON((489933.113275 5879910.300000, 489937.191064 5879910.300000, 489937.191064 5879961.590347, 489933.113275 5879961.590347, 489933.113275 5879910.300000))
3; POLYGON((489933.323425 5879910.311011, 489937.194489 5879910.311011, 489937.194489 5879937.572742, 489933.323425 5879937.572742, 489933.323425 5879910.311011))
3; POLYGON((489933.430585 5879910.300000, 489937.200000 5879910.300000, 489937.200000 5879933.549310, 489933.430585 5879933.549310, 489933.430585 5879910.300000))
3; POLYGON((489933.090082 5879910.300000, 489937.182428 5879910.300000, 489937.182428 5879936.125885, 489933.090082 5879936.125885, 489933.090082 5879910.300000))
3; POLYGON((489890.026617 5879961.986768, 489917.959375 5879961.986768, 489917.959375 5880010.300000, 489890.026617 5880010.300000, 489890.026617 5879961.986768))
3; POLYGON((489933.342920 5879910.305920, 489937.186652 5879910.305920, 489937.186652 5879948.788605, 489933.342920 5879948.788605, 489933.342920 5879910.305920))
3; POLYGON((489879.477744 5879946.349847, 489899.238684 5879946.349847, 489899.238684 5879965.980600, 489879.477744 5879965.980600, 489879.477744 5879946.349847))
