3; POLYGON((489846.943535 5881082.293961, 489891.731256 5881082.293961, 489891.731256 5881110.288306, 489846.943535 5881110.288306, 489846.943535 5881082.293961))
3; POLYGON((489911.905334 5881028.183685, 489930.422339 5881028.183685, 489930.422339 5881049.900507, 489911.905334 5881049.900507, 489911.905334 5881028.183685))
3; POLYGON((489881.029883 5881010.300000, 489907.068164 5881010.300000, 489907.068164 5881038.148010, 489881.029883 5881038.148010, 489881.029883 5881010.300000))
3; POLYGON((489929.043835 5881010.463025, 489937.200000 5881010.463025, 489937.200000 5881027.219800, 489929.043835 5881027.219800, 489929.043835 5881010.463025))
3; POLYGON((489837.208947 5881078.846030, 489841.908038 5881078.846030, 489841.908038 5881093.973532, 489837.208947 5881093.973532, 489837.208947 5881078.846030))
3; POLYGON((489837.206332 5881078.813110, 489841.922093 5881078.813110, 489841.922093 5881097.408035, 489837.206332 5881097.408035, 489837.206332 5881078.813110))
3; POLYGON((489837.210023 5881078.886404, 489841.854375 5881078.886404, 489841.854375 5881101.416089, 489837.210023 5881101.416089, 489837.210023 5881078.886404))
3; POLYGON((489837.205253 5881078.833670, 489841.853036 5881078.833670, 489841.853036 5881103.951459, 489837.205253 5881103.951459, 489837.205253 5881078.833670))
3; POLYGON((489837.207863 5881024.766101, 489844.661586 5881024.766101, 489844.661586 5881041.898407, 489837.207863 5881041.898407, 489837.207863 5881024.766101))
3; POLYGON((489916.776605 5881073.094656, 489936.060614 5881073.094656, 489936.060614 5881090.479686, 489916.776605 5881090.479686, 489916.776605 5881073.094656))
3; POLYGON((489837.204928 5881022.790875, 489844.763548 5881022.790875, 489844.763548 5881041.895996, 489837.204928 5881041.895996, 489837.204928 5881022.790875))
3; POLYGON((489837.204071 5881078.904120, 489841.443281 5881078.904120, 489841.443281 5881098.288520, 489837.204071 5881098.288520, 489837.204071 5881078.904120))
3; POLYGON((489837.203235 5881078.897379, 489841.823466 5881078.897379, 489841.823466 5881106.653156, 489837.203235 5881106.653156, 489837.203235 5881078.897379))
3; POLYGON((489847.923676 5881036.198663, 489867.056244 5881036.198663, 489867.056244 5881053.129102, 489847.923676 5881053.129102, 489847.923676 5881036.198663))
3; POLYGON((489896.969745 5881062.585321, 489916.056274 5881062.585321, 489916.056274 5881079.688779, 489896.969745 5881079.688779, 489896.969745 5881062.585321))
