3; POLYGON((490393.539557 5881913.892169, 490413.160120 5881913.892169, 490413.160120 5881933.288043, 490393.539557 5881933.288043, 490393.539557 5881913.892169))
3; POLYGON((490338.151645 5881910.300000, 490372.584134 5881910.300000, 490372.584134 5881931.684210, 490338.151645 5881931.684210, 490338.151645 5881910.300000))
3; POLYGON((490409.200891 5881910.300000, 490427.060901 5881910.300000, 490427.060901 5881918.544916, 490409.200891 5881918.544916, 490409.200891 5881910.300000))
3; POLYGON((490380.028717 5881928.665179, 490396.759479 5881928.665179, 490396.759479 5881946.306995, 490380.028717 5881946.306995, 490380.028717 5881928.665179))
3; POLYGON((490364.834970 5881940.253900, 490384.650452 5881940.253900, 490384.650452 5881959.549402, 490364.834970 5881959.549402, 490364.834970 5881940.253900))
3; POLYGON((490408.817609 5881992.283247, 490424.564801 5881992.283247, 490424.564801 5882007.998493, 490408.817609 5882007.998493, 490408.817609 5881992.283247))
3; POLYGON((490370.052100 5881959.939264, 490382.494843 5881959.939264, 490382.494843 5881972.531967, 490370.052100 5881972.531967, 490370.052100 5881959.939264))
3; POLYGON((490416.639575 5881919.959058, 490423.875867 5881919.959058, 490423.875867 5881927.574170, 490416.639575 5881927.574170, 490416.639575 5881919.959058))
4; POLYGON((490337.207439 5881980.505554, 490345.085297 5881980.505554, 490345.085297 5881995.731049, 490337.207439 5881995.731049, 490337.207439 5881980.505554))
3; POLYGON((490432.705353 5881910.300000, 490437.200000 5881910.300000, 490437.200000 5881916.503729, 490432.705353 5881916.503729, 490432.705353 5881910.300000))
