3; POLYGON((488868.457764 5881668.454950, 488897.971899 5881668.454950, 488897.971899 5881693.174294, 488868.457764 5881693.174294, 488868.457764 5881668.454950))
2; POLYGON((488852.332771 5881624.110925, 488859.508829 5881624.110925, 488859.508829 5881629.579535, 488852.332771 5881629.579535, 488852.332771 5881624.110925))
4; POLYGON((488837.200000 5881610.319092, 488880.207474 5881610.319092, 488880.207474 5881644.516632, 488837.200000 5881644.516632, 488837.200000 5881610.319092))
4; POLYGON((488890.561566 5881610.300000, 488922.233472 5881610.300000, 488922.233472 5881642.989490, 488890.561566 5881642.989490, 488890.561566 5881610.300000))
4; POLYGON((488888.092111 5881640.536261, 488907.810352 5881640.536261, 488907.810352 5881654.579352, 488888.092111 5881654.579352, 488888.092111 5881640.536261))
3; POLYGON((488837.200000 5881655.545636, 488847.202073 5881655.545636, 488847.202073 5881670.772037, 488837.200000 5881670.772037, 488837.200000 5881655.545636))
3; POLYGON((488840.098109 5881673.761920, 488857.177736 5881673.761920, 488857.177736 5881689.185306, 488840.098109 5881689.185306, 488840.098109 5881673.761920))
4; POLYGON((488892.079474 5881675.565753, 488911.264081 5881675.565753, 488911.264081 5881695.116591, 488892.079474 5881695.116591, 488892.079474 5881675.565753))
4; POLYGON((488922.664246 5881610.300000, 488937.200000 5881610.300000, 488937.200000 5881624.277209, 488922.664246 5881624.277209, 488922.664246 5881610.300000))
3; POLYGON((488859.350914 5881693.123033, 488882.670938 5881693.123033, 488882.670938 5881710.300000, 488859.350914 5881710.300000, 488859.350914 5881693.123033))
3; POLYGON((488918.613739 5881685.527441, 488937.200000 5881685.527441, 488937.200000 5881710.275106, 488918.613739 5881710.275106, 488918.613739 5881685.527441))
