3; POLYGON((488898.597314 5882227.295911, 488926.113739 5882227.295911, 488926.113739 5882246.208844, 488898.597314 5882246.208844, 488898.597314 5882227.295911))
3; POLYGON((488916.576599 5882308.064384, 488929.622839 5882308.064384, 488929.622839 5882310.294584, 488916.576599 5882310.294584, 488916.576599 5882308.064384))
3; POLYGON((488837.200000 5882216.397119, 488880.947333 5882216.397119, 488880.947333 5882310.166569, 488837.200000 5882310.166569, 488837.200000 5882216.397119))
3; POLYGON((488916.478046 5882308.281864, 488929.347760 5882308.281864, 488929.347760 5882310.294903, 488916.478046 5882310.294903, 488916.478046 5882308.281864))
3; POLYGON((488931.458734 5882246.728156, 488937.200000 5882246.728156, 488937.200000 5882263.459894, 488931.458734 5882263.459894, 488931.458734 5882246.728156))
3; POLYGON((488931.385571 5882245.227356, 488937.200000 5882245.227356, 488937.200000 5882262.823157, 488931.385571 5882262.823157, 488931.385571 5882245.227356))
3; POLYGON((488864.666879 5882210.300000, 488881.149362 5882210.300000, 488881.149362 5882215.482593, 488864.666879 5882215.482593, 488864.666879 5882210.300000))
3; POLYGON((488906.073437 5882287.709868, 488923.338898 5882287.709868, 488923.338898 5882304.041974, 488906.073437 5882304.041974, 488906.073437 5882287.709868))
3; POLYGON((488862.662239 5882294.560027, 488883.541565 5882294.560027, 488883.541565 5882310.293765, 488862.662239 5882310.293765, 488862.662239 5882294.560027))
3; POLYGON((488916.239069 5882307.546743, 488929.904340 5882307.546743, 488929.904340 5882310.300000, 488916.239069 5882310.300000, 488916.239069 5882307.546743))
