3; POLYGON((489868.770953 5881887.413742, 489915.842389 5881887.413742, 489915.842389 5881910.300000, 489868.770953 5881910.300000, 489868.770953 5881887.413742))
3; POLYGON((489919.280322 5881850.172461, 489937.200000 5881850.172461, 489937.200000 5881880.130939, 489919.280322 5881880.130939, 489919.280322 5881850.172461))
3; POLYGON((489875.516623 5881810.300000, 489888.923004 5881810.300000, 489888.923004 5881815.375446, 489875.516623 5881815.375446, 489875.516623 5881810.300000))
3; POLYGON((489837.200000 5881856.051477, 489859.235118 5881856.051477, 489859.235118 5881885.615070, 489837.200000 5881885.615070, 489837.200000 5881856.051477))
3; POLYGON((489922.474347 5881903.371556, 489937.200000 5881903.371556, 489937.200000 5881910.297301, 489922.474347 5881910.297301, 489922.474347 5881903.371556))
3; POLYGON((489857.001257 5881842.896448, 489879.902524 5881842.896448, 489879.902524 5881865.450726, 489857.001257 5881865.450726, 489857.001257 5881842.896448))
3; POLYGON((489931.443365 5881877.481577, 489937.200000 5881877.481577, 489937.200000 5881892.466690, 489931.443365 5881892.466690, 489931.443365 5881877.481577))
3; POLYGON((489854.800249 5881887.341615, 489916.019092 5881887.341615, 489916.019092 5881910.245778, 489854.800249 5881910.245778, 489854.800249 5881887.341615))
3; POLYGON((489878.521640 5881829.520801, 489897.331384 5881829.520801, 489897.331384 5881848.680518, 489878.521640 5881848.680518, 489878.521640 5881829.520801))
3; POLYGON((489837.211747 5881855.871124, 489859.247452 5881855.871124, 489859.247452 5881892.999634, 489837.211747 5881892.999634, 489837.211747 5881855.871124))
3; POLYGON((489931.360089 5881877.511807, 489937.200000 5881877.511807, 489937.200000 5881890.877774, 489931.360089 5881890.877774, 489931.360089 5881877.511807))
3; POLYGON((489846.564593 5881887.487982, 489915.999243 5881887.487982, 489915.999243 5881910.279544, 489846.564593 5881910.279544, 489846.564593 5881887.487982))
