3; POLYGON((489437.203909 5881690.407918, 489449.689029 5881690.407918, 489449.689029 5881710.293999, 489437.203909 5881710.293999, 489437.203909 5881690.407918))
3; POLYGON((489496.296021 5881624.694196, 489509.560474 5881624.694196, 489509.560474 5881642.386792, 489496.296021 5881642.386792, 489496.296021 5881624.694196))
3; POLYGON((489437.227770 5881667.557941, 489451.572873 5881667.557941, 489451.572873 5881682.754407, 489437.227770 5881682.754407, 489437.227770 5881667.557941))
3; POLYGON((489496.294537 5881622.345166, 489509.637610 5881622.345166, 489509.637610 5881642.320270, 489496.294537 5881642.320270, 489496.294537 5881622.345166))
3; POLYGON((489437.219985 5881667.600122, 489451.753841 5881667.600122, 489451.753841 5881710.280295, 489437.219985 5881710.280295, 489437.219985 5881667.600122))
3; POLYGON((489440.049072 5881641.797351, 489454.022177 5881641.797351, 489454.022177 5881665.752841, 489440.049072 5881665.752841, 489440.049072 5881641.797351))
3; POLYGON((489478.786835 5881610.300000, 489498.456915 5881610.300000, 489498.456915 5881621.142413, 489478.786835 5881621.142413, 489478.786835 5881610.300000))
3; POLYGON((489475.257797 5881635.740637, 489490.142847 5881635.740637, 489490.142847 5881667.863776, 489475.257797 5881667.863776, 489475.257797 5881635.740637))
3; POLYGON((489496.264355 5881624.412286, 489509.716315 5881624.412286, 489509.716315 5881643.917572, 489496.264355 5881643.917572, 489496.264355 5881624.412286))
3; POLYGON((489471.002209 5881699.507420, 489486.283264 5881699.507420, 489486.283264 5881710.300000, 489471.002209 5881710.300000, 489471.002209 5881699.507420))
3; POLYGON((489478.976477 5881610.325421, 489489.167639 5881610.325421, 489489.167639 5881621.142780, 489478.976477 5881621.142780, 489478.976477 5881610.325421))
