3; POLYGON((490752.239458 5881734.989191, 490767.798889 5881734.989191, 490767.798889 5881753.884424, 490752.239458 5881753.884424, 490752.239458 5881734.989191))
3; POLYGON((490738.030382 5881771.496698, 490751.467194 5881771.496698, 490751.467194 5881785.723479, 490738.030382 5881785.723479, 490738.030382 5881771.496698))
3; POLYGON((490828.385889 5881715.579333, 490837.200000 5881715.579333, 490837.200000 5881730.912531, 490828.385889 5881730.912531, 490828.385889 5881715.579333))
3; POLYGON((490737.205775 5881721.716022, 490742.075637 5881721.716022, 490742.075637 5881738.240649, 490737.205775 5881738.240649, 490737.205775 5881721.716022))
3; POLYGON((490746.358600 5881757.015533, 490757.636566 5881757.015533, 490757.636566 5881767.914722, 490746.358600 5881767.914722, 490746.358600 5881757.015533))
3; POLYGON((490772.897290 5881753.099811, 490785.694778 5881753.099811, 490785.694778 5881766.645526, 490772.897290 5881766.645526, 490772.897290 5881753.099811))
3; POLYGON((490808.864172 5881715.606317, 490837.200000 5881715.606317, 490837.200000 5881738.634784, 490808.864172 5881738.634784, 490808.864172 5881715.606317))
3; POLYGON((490737.204598 5881804.487873, 490746.908874 5881804.487873, 490746.908874 5881810.300000, 490737.204598 5881810.300000, 490737.204598 5881804.487873))
3; POLYGON((490789.867816 5881716.135419, 490805.781769 5881716.135419, 490805.781769 5881730.955969, 490789.867816 5881730.955969, 490789.867816 5881716.135419))
3; POLYGON((490737.205470 5881804.994952, 490747.137087 5881804.994952, 490747.137087 5881810.300000, 490737.205470 5881810.300000, 490737.205470 5881804.994952))
3; POLYGON((490737.204744 5881721.864551, 490742.013741 5881721.864551, 490742.013741 5881745.578345, 490737.204744 5881745.578345, 490737.204744 5881721.864551))
