3; POLYGON((488674.343359 5882218.300891, 488737.200000 5882218.300891, 488737.200000 5882267.236948, 488674.343359 5882267.236948, 488674.343359 5882218.300891))
3; POLYGON((488647.629322 5882210.306647, 488719.682690 5882210.306647, 488719.682690 5882234.904980, 488647.629322 5882234.904980, 488647.629322 5882210.306647))
3; POLYGON((488650.712259 5882254.432629, 488674.529434 5882254.432629, 488674.529434 5882273.337268, 488650.712259 5882273.337268, 488650.712259 5882254.432629))
3; POLYGON((488637.207007 5882226.290112, 488643.580273 5882226.290112, 488643.580273 5882247.147314, 488637.207007 5882247.147314, 488637.207007 5882226.290112))
3; POLYGON((488637.200575 5882266.053275, 488664.631482 5882266.053275, 488664.631482 5882299.352399, 488637.200575 5882299.352399, 488637.200575 5882266.053275))
3; POLYGON((488713.062549 5882271.501630, 488729.538507 5882271.501630, 488729.538507 5882287.407605, 488713.062549 5882287.407605, 488713.062549 5882271.501630))
3; POLYGON((488650.401245 5882295.815216, 488677.638849 5882295.815216, 488677.638849 5882310.289317, 488650.401245 5882310.289317, 488650.401245 5882295.815216))
3; POLYGON((488724.731989 5882303.841234, 488737.200000 5882303.841234, 488737.200000 5882310.295526, 488724.731989 5882310.295526, 488724.731989 5882303.841234))
3; POLYGON((488723.256677 5882303.772506, 488737.185260 5882303.772506, 488737.185260 5882310.300000, 488723.256677 5882310.300000, 488723.256677 5882303.772506))
3; POLYGON((488637.204209 5882225.469794, 488643.752293 5882225.469794, 488643.752293 5882252.778137, 488637.204209 5882252.778137, 488637.204209 5882225.469794))
