3; POLYGON((489971.321237 5880542.852570, 490016.560480 5880542.852570, 490016.560480 5880602.108051, 489971.321237 5880602.108051, 489971.321237 5880542.852570))
3; POLYGON((490002.968738 5880531.861475, 490037.200000 5880531.861475, 490037.200000 5880590.096614, 490002.968738 5880590.096614, 490002.968738 5880531.861475))
3; POLYGON((489937.200000 5880564.133911, 489957.848645 5880564.133911, 489957.848645 5880583.970193, 489937.200000 5880583.970193, 489937.200000 5880564.133911))
3; POLYGON((490034.108575 5880521.215283, 490037.200000 5880521.215283, 490037.200000 5880535.087122, 490034.108575 5880535.087122, 490034.108575 5880521.215283))
4; POLYGON((489944.953505 5880602.594270, 489960.737030 5880602.594270, 489960.737030 5880610.295796, 489944.953505 5880610.295796, 489944.953505 5880602.594270))
3; POLYGON((490034.050970 5880519.443329, 490037.200000 5880519.443329, 490037.200000 5880535.172888, 490034.050970 5880535.172888, 490034.050970 5880519.443329))
3; POLYGON((490034.137042 5880521.347986, 490037.191827 5880521.347986, 490037.191827 5880552.400031, 490034.137042 5880552.400031, 490034.137042 5880521.347986))
3; POLYGON((490034.056207 5880521.361700, 490037.183258 5880521.361700, 490037.183258 5880555.814874, 490034.056207 5880555.814874, 490034.056207 5880521.361700))
3; POLYGON((490034.066327 5880521.402991, 490037.200000 5880521.402991, 490037.200000 5880541.702344, 490034.066327 5880541.702344, 490034.066327 5880521.402991))
3; POLYGON((490034.263843 5880518.276074, 490037.200000 5880518.276074, 490037.200000 5880534.504126, 490034.263843 5880534.504126, 490034.263843 5880518.276074))
3; POLYGON((490034.331152 5880521.397925, 490037.200000 5880521.397925, 490037.200000 5880543.805231, 490034.331152 5880543.805231, 490034.331152 5880521.397925))
3; POLYGON((490033.835706 5880521.461951, 490037.192841 5880521.461951, 490037.192841 5880559.161722, 490033.835706 5880559.161722, 490033.835706 5880521.461951))
