3; POLYGON((491326.041431 5881973.922812, 491337.192792 5881973.922812, 491337.192792 5881988.875768, 491326.041431 5881988.875768, 491326.041431 5881973.922812))
3; POLYGON((491326.290057 5881910.300000, 491337.071655 5881910.300000, 491337.071655 5881915.906488, 491326.290057 5881915.906488, 491326.290057 5881910.300000))
3; POLYGON((491263.329565 5881922.851208, 491282.179938 5881922.851208, 491282.179938 5881933.451019, 491263.329565 5881933.451019, 491263.329565 5881922.851208))
3; POLYGON((491334.510370 5881961.498795, 491337.200000 5881961.498795, 491337.200000 5881975.199078, 491334.510370 5881975.199078, 491334.510370 5881961.498795))
3; POLYGON((491276.475443 5881990.735992, 491290.141895 5881990.735992, 491290.141895 5882005.485405, 491276.475443 5882005.485405, 491276.475443 5881990.735992))
3; POLYGON((491303.386292 5881978.089240, 491308.765753 5881978.089240, 491308.765753 5881984.801855, 491303.386292 5881984.801855, 491303.386292 5881978.089240))
3; POLYGON((491245.037157 5881924.017065, 491256.529237 5881924.017065, 491256.529237 5881934.070233, 491245.037157 5881934.070233, 491245.037157 5881924.017065))
3; POLYGON((491334.265088 5881961.787537, 491337.200000 5881961.787537, 491337.200000 5881974.953717, 491334.265088 5881974.953717, 491334.265088 5881961.787537))
3; POLYGON((491287.939737 5881911.283685, 491301.505695 5881911.283685, 491301.505695 5881929.711487, 491287.939737 5881929.711487, 491287.939737 5881911.283685))
3; POLYGON((491237.811551 5881991.260727, 491250.770699 5881991.260727, 491250.770699 5882005.382331, 491237.811551 5882005.382331, 491237.811551 5881991.260727))
3; POLYGON((491334.743066 5881961.639731, 491337.200000 5881961.639731, 491337.200000 5881975.447855, 491334.743066 5881975.447855, 491334.743066 5881961.639731))
3; POLYGON((491295.915027 5881993.200996, 491305.613104 5881993.200996, 491305.613104 5882008.072835, 491295.915027 5882008.072835, 491295.915027 5881993.200996))
3; POLYGON((491276.460355 5881988.308817, 491290.116107 5881988.308817, 491290.116107 5882005.439500, 491276.460355 5882005.439500, 491276.460355 5881988.308817))
3; POLYGON((491237.205652 5881924.243341, 491238.684898 5881924.243341, 491238.684898 5881934.432733, 491237.205652 5881934.432733, 491237.205652 5881924.243341))
3; POLYGON((491310.627118 5881991.408817, 491331.848431 5881991.408817, 491331.848431 5882007.839570, 491310.627118 5882007.839570, 491310.627118 5881991.408817))
3; POLYGON((491237.209963 5881923.996283, 491238.552546 5881923.996283, 491238.552546 5881934.377478, 491237.209963 5881934.377478, 491237.209963 5881923.996283))
3; POLYGON((491334.002399 5881961.574493, 491337.200000 5881961.574493, 491337.200000 5881975.257932, 491334.002399 5881975.257932, 491334.002399 5881961.574493))
3; POLYGON((491257.644356 5881985.738344, 491272.526788 5881985.738344, 491272.526788 5882005.693328, 491257.644356 5882005.693328, 491257.644356 5881985.738344))
3; POLYGON((491307.309460 5881910.300000, 491318.554590 5881910.300000, 491318.554590 5881917.042542, 491307.309460 5881917.042542, 491307.309460 5881910.300000))
3; POLYGON((491326.253589 5881964.787619, 491333.383496 5881964.787619, 491333.383496 5881971.011368, 491326.253589 5881971.011368, 491326.253589 5881964.787619))
3; POLYGON((491307.203955 5881910.300000, 491318.625726 5881910.300000, 491318.625726 5881920.049121, 491307.203955 5881920.049121, 491307.203955 5881910.300000))
3; POLYGON((491257.642686 5881994.230034, 491272.647864 5881994.230034, 491272.647864 5882005.690440, 491257.642686 5882005.690440, 491257.642686 5881994.230034))
