3; POLYGON((489189.948047 5880540.588269, 489221.432050 5880540.588269, 489221.432050 5880565.081952, 489189.948047 5880565.081952, 489189.948047 5880540.588269))
4; POLYGON((489186.733234 5880587.883888, 489237.200000 5880587.883888, 489237.200000 5880610.300000, 489186.733234 5880610.300000, 489186.733234 5880587.883888))
1; POLYGON((489199.919885 5880554.903662, 489232.107831 5880554.903662, 489232.107831 5880576.448712, 489199.919885 5880576.448712, 489199.919885 5880554.903662))
2; POLYGON((489177.546558 5880583.191772, 489211.634790 5880583.191772, 489211.634790 5880604.862221, 489177.546558 5880604.862221, 489177.546558 5880583.191772))
4; POLYGON((489193.928265 5880510.300000, 489229.326221 5880510.300000, 489229.326221 5880519.404803, 489193.928265 5880519.404803, 489193.928265 5880510.300000))
4; POLYGON((489137.269803 5880593.950325, 489189.201978 5880593.950325, 489189.201978 5880610.300000, 489137.269803 5880610.300000, 489137.269803 5880593.950325))
4; POLYGON((489137.257149 5880584.111600, 489237.200000 5880584.111600, 489237.200000 5880610.280268, 489137.257149 5880610.280268, 489137.257149 5880584.111600))
4; POLYGON((489218.218060 5880542.202606, 489228.911005 5880542.202606, 489228.911005 5880555.357410, 489218.218060 5880555.357410, 489218.218060 5880542.202606))
4; POLYGON((489137.200000 5880593.921672, 489184.223376 5880593.921672, 489184.223376 5880610.300000, 489137.200000 5880610.300000, 489137.200000 5880593.921672))
4; POLYGON((489137.200000 5880510.761957, 489199.919781 5880510.761957, 489199.919781 5880595.088928, 489137.200000 5880595.088928, 489137.200000 5880510.761957))
4; POLYGON((489137.945818 5880586.509360, 489237.038751 5880586.509360, 489237.038751 5880610.295880, 489137.945818 5880610.295880, 489137.945818 5880586.509360))
4; POLYGON((489168.276459 5880580.008820, 489177.691895 5880580.008820, 489177.691895 5880588.385454, 489168.276459 5880588.385454, 489168.276459 5880580.008820))
4; POLYGON((489137.207340 5880570.171494, 489144.009909 5880570.171494, 489144.009909 5880594.103127, 489137.207340 5880594.103127, 489137.207340 5880570.171494))
4; POLYGON((489137.200000 5880531.188812, 489160.245802 5880531.188812, 489160.245802 5880555.891846, 489137.200000 5880555.891846, 489137.200000 5880531.188812))
1; POLYGON((489220.521191 5880559.290933, 489231.979468 5880559.290933, 489231.979468 5880569.488071, 489220.521191 5880569.488071, 489220.521191 5880559.290933))
4; POLYGON((489231.865497 5880530.934955, 489237.188013 5880530.934955, 489237.188013 5880563.549481, 489231.865497 5880563.549481, 489231.865497 5880530.934955))
1; POLYGON((489200.062488 5880555.896887, 489223.796698 5880555.896887, 489223.796698 5880576.391910, 489200.062488 5880576.391910, 489200.062488 5880555.896887))
4; POLYGON((489137.200000 5880533.291473, 489199.821802 5880533.291473, 489199.821802 5880595.598228, 489137.200000 5880595.598228, 489137.200000 5880533.291473))
4; POLYGON((489231.946466 5880531.094385, 489237.180756 5880531.094385, 489237.180756 5880557.959149, 489231.946466 5880557.959149, 489231.946466 5880531.094385))
4; POLYGON((489137.200679 5880570.086441, 489145.458791 5880570.086441, 489145.458791 5880594.619412, 489137.200679 5880594.619412, 489137.200679 5880570.086441))
4; POLYGON((489231.663257 5880531.143335, 489237.200000 5880531.143335, 489237.200000 5880561.410098, 489231.663257 5880561.410098, 489231.663257 5880531.143335))
4; POLYGON((489137.200000 5880542.696527, 489199.809216 5880542.696527, 489199.809216 5880594.936183, 489137.200000 5880594.936183, 489137.200000 5880542.696527))
4; POLYGON((489137.208067 5880517.049622, 489140.434198 5880517.049622, 489140.434198 5880526.648138, 489137.208067 5880526.648138, 489137.208067 5880517.049622))
