4; POLYGON((491237.200000 5881141.708356, 491305.207892 5881141.708356, 491305.207892 5881173.579626, 491237.200000 5881173.579626, 491237.200000 5881141.708356))
4; POLYGON((491284.512411 5881180.212363, 491316.053235 5881180.212363, 491316.053235 5881198.723283, 491284.512411 5881198.723283, 491284.512411 5881180.212363))
4; POLYGON((491322.013947 5881191.127339, 491337.162097 5881191.127339, 491337.162097 5881204.270427, 491322.013947 5881204.270427, 491322.013947 5881191.127339))
4; POLYGON((491321.433295 5881169.514349, 491336.610913 5881169.514349, 491336.610913 5881182.507922, 491321.433295 5881182.507922, 491321.433295 5881169.514349))
4; POLYGON((491307.267786 5881201.555159, 491316.639935 5881201.555159, 491316.639935 5881210.300000, 491307.267786 5881210.300000, 491307.267786 5881201.555159))
4; POLYGON((491237.200000 5881179.285989, 491277.565051 5881179.285989, 491277.565051 5881210.300000, 491237.200000 5881210.300000, 491237.200000 5881179.285989))
4; POLYGON((491333.086072 5881143.756689, 491337.200000 5881143.756689, 491337.200000 5881160.620505, 491333.086072 5881160.620505, 491333.086072 5881143.756689))
4; POLYGON((491246.026309 5881113.869177, 491260.706635 5881113.869177, 491260.706635 5881127.279749, 491246.026309 5881127.279749, 491246.026309 5881113.869177))
4; POLYGON((491268.220364 5881110.300000, 491302.209760 5881110.300000, 491302.209760 5881116.463391, 491268.220364 5881116.463391, 491268.220364 5881110.300000))
4; POLYGON((491285.227930 5881206.747254, 491300.393555 5881206.747254, 491300.393555 5881210.291934, 491285.227930 5881210.291934, 491285.227930 5881206.747254))
4; POLYGON((491237.206716 5881149.098718, 491240.675603 5881149.098718, 491240.675603 5881161.071585, 491237.206716 5881161.071585, 491237.206716 5881149.098718))
4; POLYGON((491268.269711 5881110.300000, 491285.605447 5881110.300000, 491285.605447 5881116.488135, 491268.269711 5881116.488135, 491268.269711 5881110.300000))
4; POLYGON((491237.208287 5881120.766284, 491240.694998 5881120.766284, 491240.694998 5881128.013849, 491237.208287 5881128.013849, 491237.208287 5881120.766284))
4; POLYGON((491237.200000 5881179.513495, 491261.122162 5881179.513495, 491261.122162 5881210.280652, 491237.200000 5881210.280652, 491237.200000 5881179.513495))
4; POLYGON((491237.200000 5881110.300000, 491242.389688 5881110.300000, 491242.389688 5881112.031726, 491237.200000 5881112.031726, 491237.200000 5881110.300000))
4; POLYGON((491285.113184 5881205.363739, 491300.531128 5881205.363739, 491300.531128 5881210.287811, 491285.113184 5881210.287811, 491285.113184 5881205.363739))
4; POLYGON((491237.202315 5881121.237207, 491240.572262 5881121.237207, 491240.572262 5881128.048077, 491237.202315 5881128.048077, 491237.202315 5881121.237207))
4; POLYGON((491260.183469 5881190.811546, 491277.615341 5881190.811546, 491277.615341 5881202.889217, 491260.183469 5881202.889217, 491260.183469 5881190.811546))
4; POLYGON((491237.200000 5881110.300000, 491242.427290 5881110.300000, 491242.427290 5881112.263501, 491237.200000 5881112.263501, 491237.200000 5881110.300000))
