1; POLYGON((491254.083980 5880220.910229, 491330.072076 5880220.910229, 491330.072076 5880298.543354, 491254.083980 5880298.543354, 491254.083980 5880220.910229))
4; POLYGON((491301.159631 5880301.680059, 491328.399048 5880301.680059, 491328.399048 5880310.298820, 491301.159631 5880310.298820, 491301.159631 5880301.680059))
4; POLYGON((491301.054236 5880301.678522, 491331.816119 5880301.678522, 491331.816119 5880310.298491, 491301.054236 5880310.298491, 491301.054236 5880301.678522))
4; POLYGON((491251.468085 5880218.777777, 491257.679550 5880218.777777, 491257.679550 5880225.286816, 491251.468085 5880225.286816, 491251.468085 5880218.777777))
4; POLYGON((491258.334534 5880210.300000, 491278.708728 5880210.300000, 491278.708728 5880215.987445, 491258.334534 5880215.987445, 491258.334534 5880210.300000))
4; POLYGON((491290.227795 5880301.672592, 491328.073071 5880301.672592, 491328.073071 5880310.295120, 491290.227795 5880310.295120, 491290.227795 5880301.672592))
4; POLYGON((491301.387091 5880301.679409, 491335.272760 5880301.679409, 491335.272760 5880310.289022, 491301.387091 5880310.289022, 491301.387091 5880301.679409))
4; POLYGON((491257.226814 5880210.300000, 491279.724573 5880210.300000, 491279.724573 5880215.950110, 491257.226814 5880215.950110, 491257.226814 5880210.300000))
3; POLYGON((491252.487178 5880210.404138, 491266.875275 5880210.404138, 491266.875275 5880224.806403, 491252.487178 5880224.806403, 491252.487178 5880210.404138))
4; POLYGON((491284.228745 5880301.655447, 491328.218445 5880301.655447, 491328.218445 5880310.293941, 491284.228745 5880310.293941, 491284.228745 5880301.655447))
4; POLYGON((491262.794144 5880210.300000, 491279.168896 5880210.300000, 491279.168896 5880216.001355, 491262.794144 5880216.001355, 491262.794144 5880210.300000))
