3; POLYGON((490416.846692 5881150.864471, 490434.666357 5881150.864471, 490434.666357 5881167.954385, 490416.846692 5881167.954385, 490416.846692 5881150.864471))
3; POLYGON((490369.433997 5881125.838580, 490381.996204 5881125.838580, 490381.996204 5881136.929559, 490369.433997 5881136.929559, 490369.433997 5881125.838580))
3; POLYGON((490350.990910 5881124.712085, 490363.869772 5881124.712085, 490363.869772 5881135.961340, 490350.990910 5881135.961340, 490350.990910 5881124.712085))
3; POLYGON((490433.891528 5881141.430927, 490437.200000 5881141.430927, 490437.200000 5881156.681274, 490433.891528 5881156.681274, 490433.891528 5881141.430927))
3; POLYGON((490377.934274 5881197.498631, 490402.324994 5881197.498631, 490402.324994 5881210.297276, 490377.934274 5881210.297276, 490377.934274 5881197.498631))
3; POLYGON((490380.275604 5881110.300000, 490398.754932 5881110.300000, 490398.754932 5881123.374591, 490380.275604 5881123.374591, 490380.275604 5881110.300000))
3; POLYGON((490404.382666 5881163.299481, 490423.438770 5881163.299481, 490423.438770 5881182.628171, 490404.382666 5881182.628171, 490404.382666 5881163.299481))
3; POLYGON((490358.277376 5881177.709549, 490387.435464 5881177.709549, 490387.435464 5881205.712693, 490358.277376 5881205.712693, 490358.277376 5881177.709549))
3; POLYGON((490433.851978 5881140.109326, 490437.200000 5881140.109326, 490437.200000 5881156.347705, 490433.851978 5881156.347705, 490433.851978 5881140.109326))
3; POLYGON((490351.835800 5881143.776276, 490365.840048 5881143.776276, 490365.840048 5881152.290533, 490351.835800 5881152.290533, 490351.835800 5881143.776276))
3; POLYGON((490434.327899 5881141.476715, 490437.200000 5881141.476715, 490437.200000 5881156.985876, 490434.327899 5881156.985876, 490434.327899 5881141.476715))
3; POLYGON((490433.935950 5881136.304199, 490437.189001 5881136.304199, 490437.189001 5881156.328345, 490433.935950 5881156.328345, 490433.935950 5881136.304199))
