3; POLYGON((489996.986029 5882271.001880, 490037.200000 5882271.001880, 490037.200000 5882310.300000, 489996.986029 5882310.300000, 489996.986029 5882271.001880))
3; POLYGON((489963.523853 5882220.386578, 489998.144977 5882220.386578, 489998.144977 5882270.226645, 489963.523853 5882270.226645, 489963.523853 5882220.386578))
3; POLYGON((490012.810645 5882240.588403, 490037.200000 5882240.588403, 490037.200000 5882274.237555, 490012.810645 5882274.237555, 490012.810645 5882240.588403))
3; POLYGON((489943.590047 5882210.300000, 489970.207803 5882210.300000, 489970.207803 5882223.880554, 489943.590047 5882223.880554, 489943.590047 5882210.300000))
3; POLYGON((489944.338073 5882285.711569, 489967.624551 5882285.711569, 489967.624551 5882310.292341, 489944.338073 5882310.292341, 489944.338073 5882285.711569))
3; POLYGON((489937.209531 5882236.353522, 489951.483472 5882236.353522, 489951.483472 5882257.582501, 489937.209531 5882257.582501, 489937.209531 5882236.353522))
3; POLYGON((490032.502490 5882213.164954, 490037.200000 5882213.164954, 490037.200000 5882230.898560, 490032.502490 5882230.898560, 490032.502490 5882213.164954))
3; POLYGON((490032.527203 5882213.073865, 490037.200000 5882213.073865, 490037.200000 5882229.003705, 490032.527203 5882229.003705, 490032.527203 5882213.073865))
3; POLYGON((490032.576703 5882213.394049, 490037.200000 5882213.394049, 490037.200000 5882227.778412, 490032.576703 5882227.778412, 490032.576703 5882213.394049))
3; POLYGON((490032.468134 5882212.831378, 490037.200000 5882212.831378, 490037.200000 5882232.588434, 490032.468134 5882232.588434, 490032.468134 5882212.831378))
3; POLYGON((490032.562415 5882213.284515, 490037.192181 5882213.284515, 490037.192181 5882235.798932, 490032.562415 5882235.798932, 490032.562415 5882213.284515))
3; POLYGON((489989.139331 5882307.914868, 490003.602991 5882307.914868, 490003.602991 5882310.296167, 489989.139331 5882310.296167, 489989.139331 5882307.914868))
3; POLYGON((489989.101788 5882307.906886, 490001.918292 5882307.906886, 490001.918292 5882310.293371, 489989.101788 5882310.293371, 489989.101788 5882307.906886))
3; POLYGON((490032.543311 5882213.258575, 490037.188586 5882213.258575, 490037.188586 5882238.864734, 490032.543311 5882238.864734, 490032.543311 5882213.258575))
3; POLYGON((489988.634967 5882307.850289, 490002.777252 5882307.850289, 490002.777252 5882310.298320, 489988.634967 5882310.298320, 489988.634967 5882307.850289))
3; POLYGON((489988.870734 5882307.845478, 490005.168738 5882307.845478, 490005.168738 5882310.300000, 489988.870734 5882310.300000, 489988.870734 5882307.845478))
3; POLYGON((489937.208638 5882268.409680, 489940.519397 5882268.409680, 489940.519397 5882284.026703, 489937.208638 5882284.026703, 489937.208638 5882268.409680))
3; POLYGON((489937.204086 5882268.453851, 489940.682003 5882268.453851, 489940.682003 5882285.429910, 489937.204086 5882285.429910, 489937.204086 5882268.453851))
3; POLYGON((489989.429761 5882308.016984, 490005.888354 5882308.016984, 490005.888354 5882310.294094, 489989.429761 5882310.294094, 489989.429761 5882308.016984))
3; POLYGON((489937.200000 5882229.659918, 489951.448256 5882229.659918, 489951.448256 5882257.525323, 489937.200000 5882257.525323, 489937.200000 5882229.659918))
3; POLYGON((489986.984210 5882307.819054, 490002.155664 5882307.819054, 490002.155664 5882310.295669, 489986.984210 5882310.295669, 489986.984210 5882307.819054))
3; POLYGON((489988.675836 5882307.610681, 490003.127747 5882307.610681, 490003.127747 5882310.300000, 489988.675836 5882310.300000, 489988.675836 5882307.610681))
3; POLYGON((489937.210307 5882268.286624, 489940.549074 5882268.286624, 489940.549074 5882293.057420, 489937.210307 5882293.057420, 489937.210307 5882268.286624))
3; POLYGON((489937.209872 5882268.322290, 489940.437820 5882268.322290, 489940.437820 5882281.945264, 489937.209872 5882281.945264, 489937.209872 5882268.322290))
3; POLYGON((489937.204868 5882268.502036, 489940.717120 5882268.502036, 489940.717120 5882288.402809, 489937.204868 5882288.402809, 489937.204868 5882268.502036))
3; POLYGON((489988.745129 5882307.564955, 490005.063782 5882307.564955, 490005.063782 5882310.300000, 489988.745129 5882310.300000, 489988.745129 5882307.564955))
3; POLYGON((489987.822531 5882308.050458, 490000.801349 5882308.050458, 490000.801349 5882310.292576, 489987.822531 5882310.292576, 489987.822531 5882308.050458))
3; POLYGON((489988.973987 5882307.831518, 490007.528900 5882307.831518, 490007.528900 5882310.299562, 489988.973987 5882310.299562, 489988.973987 5882307.831518))
3; POLYGON((490032.530109 5882212.995624, 490037.196100 5882212.995624, 490037.196100 5882243.748584, 490032.530109 5882243.748584, 490032.530109 5882212.995624))
