2; POLYGON((488866.659003 5881576.182709, 488874.118448 5881576.182709, 488874.118448 5881581.479404, 488866.659003 5881581.479404, 488866.659003 5881576.182709))
2; POLYGON((488866.718353 5881575.812515, 488874.409378 5881575.812515, 488874.409378 5881581.480536, 488866.718353 5881581.480536, 488866.718353 5881575.812515))
4; POLYGON((488843.356380 5881559.843240, 488884.188275 5881559.843240, 488884.188275 5881610.300000, 488843.356380 5881610.300000, 488843.356380 5881559.843240))
3; POLYGON((488837.207056 5881510.300000, 488847.894477 5881510.300000, 488847.894477 5881525.071930, 488837.207056 5881525.071930, 488837.207056 5881510.300000))
4; POLYGON((488896.974011 5881589.018892, 488924.199890 5881589.018892, 488924.199890 5881610.300000, 488896.974011 5881610.300000, 488896.974011 5881589.018892))
3; POLYGON((488837.213749 5881510.302161, 488849.319373 5881510.302161, 488849.319373 5881540.442200, 488837.213749 5881540.442200, 488837.213749 5881510.302161))
3; POLYGON((488837.210658 5881510.300000, 488848.164251 5881510.300000, 488848.164251 5881541.081189, 488837.210658 5881541.081189, 488837.210658 5881510.300000))
4; POLYGON((488896.691699 5881523.024408, 488937.191766 5881523.024408, 488937.191766 5881610.157026, 488896.691699 5881610.157026, 488896.691699 5881523.024408))
2; POLYGON((488862.048259 5881588.789246, 488867.854858 5881588.789246, 488867.854858 5881593.671640, 488862.048259 5881593.671640, 488862.048259 5881588.789246))
3; POLYGON((488837.205410 5881510.300000, 488848.857344 5881510.300000, 488848.857344 5881543.658270, 488837.205410 5881543.658270, 488837.205410 5881510.300000))
3; POLYGON((488837.206166 5881525.755188, 488839.680154 5881525.755188, 488839.680154 5881541.002173, 488837.206166 5881541.002173, 488837.206166 5881525.755188))
3; POLYGON((488837.207155 5881525.470660, 488839.474187 5881525.470660, 488839.474187 5881540.419806, 488837.207155 5881540.419806, 488837.207155 5881525.470660))
4; POLYGON((488922.879480 5881581.941934, 488937.200000 5881581.941934, 488937.200000 5881610.300000, 488922.879480 5881610.300000, 488922.879480 5881581.941934))
3; POLYGON((488837.206254 5881510.300000, 488848.751983 5881510.300000, 488848.751983 5881538.639819, 488837.206254 5881538.639819, 488837.206254 5881510.300000))
3; POLYGON((488837.208169 5881525.405396, 488840.118950 5881525.405396, 488840.118950 5881542.151605, 488837.208169 5881542.151605, 488837.208169 5881525.405396))
