3; POLYGON((488337.295129 5880071.498428, 488437.200000 5880071.498428, 488437.200000 5880093.474939, 488337.295129 5880093.474939, 488337.295129 5880071.498428))
3; POLYGON((488337.371837 5880072.659158, 488437.160999 5880072.659158, 488437.160999 5880095.039349, 488337.371837 5880095.039349, 488337.371837 5880072.659158))
3; POLYGON((488337.493097 5880044.953644, 488437.102875 5880044.953644, 488437.102875 5880067.151248, 488337.493097 5880067.151248, 488337.493097 5880044.953644))
3; POLYGON((488368.539917 5880097.789956, 488437.200000 5880097.789956, 488437.200000 5880110.284373, 488368.539917 5880110.284373, 488368.539917 5880097.789956))
3; POLYGON((488337.439980 5880046.952869, 488437.200000 5880046.952869, 488437.200000 5880067.647766, 488337.439980 5880067.647766, 488337.439980 5880046.952869))
3; POLYGON((488337.200000 5880105.302978, 488361.365460 5880105.302978, 488361.365460 5880110.300000, 488337.200000 5880110.300000, 488337.200000 5880105.302978))
3; POLYGON((488406.710095 5880018.747925, 488437.200000 5880018.747925, 488437.200000 5880034.487103, 488406.710095 5880034.487103, 488406.710095 5880018.747925))
4; POLYGON((488361.441318 5880029.642517, 488372.575070 5880029.642517, 488372.575070 5880042.631500, 488361.441318 5880042.631500, 488361.441318 5880029.642517))
3; POLYGON((488409.415137 5880067.125665, 488416.584717 5880067.125665, 488416.584717 5880074.376498, 488409.415137 5880074.376498, 488409.415137 5880067.125665))
3; POLYGON((488337.432601 5880070.712903, 488437.200000 5880070.712903, 488437.200000 5880095.718398, 488337.432601 5880095.718398, 488337.432601 5880070.712903))
3; POLYGON((488382.230481 5880021.992731, 488403.161749 5880021.992731, 488403.161749 5880036.864447, 488382.230481 5880036.864447, 488382.230481 5880021.992731))
