3; POLYGON((488896.244904 5880328.899799, 488908.661456 5880328.899799, 488908.661456 5880340.182056, 488896.244904 5880340.182056, 488896.244904 5880328.899799))
3; POLYGON((488851.876308 5880310.909814, 488888.199036 5880310.909814, 488888.199036 5880329.323395, 488851.876308 5880329.323395, 488851.876308 5880310.909814))
4; POLYGON((488875.387631 5880335.557153, 488924.734924 5880335.557153, 488924.734924 5880382.340356, 488875.387631 5880382.340356, 488875.387631 5880335.557153))
3; POLYGON((488861.631207 5880353.687848, 488886.482816 5880353.687848, 488886.482816 5880410.248400, 488861.631207 5880410.248400, 488861.631207 5880353.687848))
2; POLYGON((488902.252875 5880364.227020, 488911.285028 5880364.227020, 488911.285028 5880381.643472, 488902.252875 5880381.643472, 488902.252875 5880364.227020))
3; POLYGON((488922.621411 5880393.112570, 488937.200000 5880393.112570, 488937.200000 5880410.296728, 488922.621411 5880410.296728, 488922.621411 5880393.112570))
3; POLYGON((488857.924730 5880333.845618, 488895.184900 5880333.845618, 488895.184900 5880352.061578, 488857.924730 5880352.061578, 488857.924730 5880333.845618))
4; POLYGON((488893.662427 5880401.010527, 488913.282416 5880401.010527, 488913.282416 5880410.297801, 488893.662427 5880410.297801, 488893.662427 5880401.010527))
3; POLYGON((488837.549644 5880359.527133, 488859.271167 5880359.527133, 488859.271167 5880410.300000, 488837.549644 5880410.300000, 488837.549644 5880359.527133))
3; POLYGON((488837.222120 5880343.348792, 488849.715607 5880343.348792, 488849.715607 5880357.173596, 488837.222120 5880357.173596, 488837.222120 5880343.348792))
3; POLYGON((488885.878979 5880310.300000, 488902.038116 5880310.300000, 488902.038116 5880323.660052, 488885.878979 5880323.660052, 488885.878979 5880310.300000))
2; POLYGON((488902.198145 5880358.919586, 488910.994122 5880358.919586, 488910.994122 5880381.554779, 488902.198145 5880381.554779, 488902.198145 5880358.919586))
