3; POLYGON((491361.711467 5882531.540619, 491373.732584 5882531.540619, 491373.732584 5882541.895654, 491361.711467 5882541.895654, 491361.711467 5882531.540619))
3; POLYGON((491345.478602 5882548.308264, 491364.759402 5882548.308264, 491364.759402 5882564.816364, 491345.478602 5882564.816364, 491345.478602 5882548.308264))
3; POLYGON((491403.663788 5882573.702249, 491416.540942 5882573.702249, 491416.540942 5882593.638394, 491403.663788 5882593.638394, 491403.663788 5882573.702249))
3; POLYGON((491342.513950 5882524.434753, 491358.918640 5882524.434753, 491358.918640 5882538.910944, 491342.513950 5882538.910944, 491342.513950 5882524.434753))
4; POLYGON((491426.315387 5882518.652271, 491437.200000 5882518.652271, 491437.200000 5882530.514478, 491426.315387 5882530.514478, 491426.315387 5882518.652271))
3; POLYGON((491337.204893 5882521.491443, 491341.697359 5882521.491443, 491341.697359 5882535.353723, 491337.204893 5882535.353723, 491337.204893 5882521.491443))
4; POLYGON((491368.466574 5882510.300000, 491391.030542 5882510.300000, 491391.030542 5882517.299023, 491368.466574 5882517.299023, 491368.466574 5882510.300000))
4; POLYGON((491337.200000 5882545.901855, 491344.691591 5882545.901855, 491344.691591 5882559.533105, 491337.200000 5882559.533105, 491337.200000 5882545.901855))
4; POLYGON((491357.114835 5882530.139911, 491364.002652 5882530.139911, 491364.002652 5882539.743842, 491357.114835 5882539.743842, 491357.114835 5882530.139911))
3; POLYGON((491342.505928 5882524.575165, 491353.991588 5882524.575165, 491353.991588 5882537.562561, 491342.505928 5882537.562561, 491342.505928 5882524.575165))
