3; POLYGON((491074.432211 5882223.833881, 491092.071729 5882223.833881, 491092.071729 5882241.462482, 491074.432211 5882241.462482, 491074.432211 5882223.833881))
3; POLYGON((491041.025049 5882251.000256, 491060.315730 5882251.000256, 491060.315730 5882270.604089, 491041.025049 5882270.604089, 491041.025049 5882251.000256))
3; POLYGON((491111.142468 5882266.906027, 491128.717822 5882266.906027, 491128.717822 5882284.404727, 491111.142468 5882284.404727, 491111.142468 5882266.906027))
3; POLYGON((491058.157541 5882280.412421, 491075.378836 5882280.412421, 491075.378836 5882298.194661, 491058.157541 5882298.194661, 491058.157541 5882280.412421))
3; POLYGON((491089.608423 5882248.841748, 491108.188135 5882248.841748, 491108.188135 5882267.517874, 491089.608423 5882267.517874, 491089.608423 5882248.841748))
3; POLYGON((491095.682458 5882210.300000, 491115.561359 5882210.300000, 491115.561359 5882217.978540, 491095.682458 5882217.978540, 491095.682458 5882210.300000))
3; POLYGON((491087.244684 5882287.065172, 491100.761908 5882287.065172, 491100.761908 5882303.391557, 491087.244684 5882303.391557, 491087.244684 5882287.065172))
3; POLYGON((491132.478735 5882245.176672, 491137.200000 5882245.176672, 491137.200000 5882263.287543, 491132.478735 5882263.287543, 491132.478735 5882245.176672))
3; POLYGON((491037.200000 5882210.312073, 491047.887434 5882210.312073, 491047.887434 5882225.223041, 491037.200000 5882225.223041, 491037.200000 5882210.312073))
3; POLYGON((491037.205450 5882264.571796, 491039.976565 5882264.571796, 491039.976565 5882281.201788, 491037.205450 5882281.201788, 491037.205450 5882264.571796))
3; POLYGON((491132.435223 5882241.997052, 491137.200000 5882241.997052, 491137.200000 5882263.196939, 491132.435223 5882263.196939, 491132.435223 5882241.997052))
3; POLYGON((491132.370990 5882246.358276, 491137.200000 5882246.358276, 491137.200000 5882263.748837, 491132.370990 5882263.748837, 491132.370990 5882246.358276))
3; POLYGON((491132.240912 5882240.661920, 491137.200000 5882240.661920, 491137.200000 5882263.416168, 491132.240912 5882263.416168, 491132.240912 5882240.661920))
3; POLYGON((491037.209400 5882265.363538, 491039.770861 5882265.363538, 491039.770861 5882281.223007, 491037.209400 5882281.223007, 491037.209400 5882265.363538))
4; POLYGON((491121.234698 5882221.655634, 491137.200000 5882221.655634, 491137.200000 5882239.237140, 491121.234698 5882239.237140, 491121.234698 5882221.655634))
3; POLYGON((491037.202638 5882265.243506, 491040.218969 5882265.243506, 491040.218969 5882281.281564, 491037.202638 5882281.281564, 491037.202638 5882265.243506))
3; POLYGON((491037.204276 5882263.881961, 491040.327832 5882263.881961, 491040.327832 5882281.221848, 491037.204276 5882281.221848, 491037.204276 5882263.881961))
3; POLYGON((491037.211118 5882265.021753, 491039.630349 5882265.021753, 491039.630349 5882280.545029, 491037.211118 5882280.545029, 491037.211118 5882265.021753))
3; POLYGON((491131.786853 5882247.168170, 491137.200000 5882247.168170, 491137.200000 5882263.097046, 491131.786853 5882263.097046, 491131.786853 5882247.168170))
4; POLYGON((491045.276522 5882214.717798, 491054.809329 5882214.717798, 491054.809329 5882224.567773, 491045.276522 5882224.567773, 491045.276522 5882214.717798))
