3; POLYGON((489577.726840 5882351.339783, 489614.747284 5882351.339783, 489614.747284 5882400.523182, 489577.726840 5882400.523182, 489577.726840 5882351.339783))
3; POLYGON((489540.498023 5882310.300000, 489580.987628 5882310.300000, 489580.987628 5882350.331927, 489540.498023 5882350.331927, 489540.498023 5882310.300000))
3; POLYGON((489613.569531 5882318.691785, 489637.200000 5882318.691785, 489637.200000 5882361.220877, 489613.569531 5882361.220877, 489613.569531 5882318.691785))
3; POLYGON((489549.342732 5882378.224799, 489578.450552 5882378.224799, 489578.450552 5882410.259198, 489549.342732 5882410.259198, 489549.342732 5882378.224799))
3; POLYGON((489605.428357 5882402.950558, 489625.658020 5882402.950558, 489625.658020 5882410.300000, 489605.428357 5882410.300000, 489605.428357 5882402.950558))
3; POLYGON((489607.485492 5882402.979145, 489625.749097 5882402.979145, 489625.749097 5882410.293226, 489607.485492 5882410.293226, 489607.485492 5882402.979145))
4; POLYGON((489608.270178 5882394.325615, 489620.040021 5882394.325615, 489620.040021 5882406.867179, 489608.270178 5882406.867179, 489608.270178 5882394.325615))
3; POLYGON((489600.571259 5882310.314862, 489614.754187 5882310.314862, 489614.754187 5882316.374316, 489600.571259 5882316.374316, 489600.571259 5882310.314862))
3; POLYGON((489537.200000 5882339.017133, 489544.820119 5882339.017133, 489544.820119 5882382.768860, 489537.200000 5882382.768860, 489537.200000 5882339.017133))
3; POLYGON((489537.205142 5882346.233179, 489544.735941 5882346.233179, 489544.735941 5882382.793860, 489537.205142 5882382.793860, 489537.205142 5882346.233179))
3; POLYGON((489537.200000 5882334.484070, 489544.870971 5882334.484070, 489544.870971 5882382.739703, 489537.200000 5882382.739703, 489537.200000 5882334.484070))
3; POLYGON((489537.206872 5882350.142316, 489544.813686 5882350.142316, 489544.813686 5882382.687424, 489537.206872 5882382.687424, 489537.206872 5882350.142316))
3; POLYGON((489537.204651 5882353.410828, 489544.849185 5882353.410828, 489544.849185 5882382.673666, 489537.204651 5882382.673666, 489537.204651 5882353.410828))
3; POLYGON((489537.201681 5882329.458716, 489545.139721 5882329.458716, 489545.139721 5882382.647095, 489537.201681 5882382.647095, 489537.201681 5882329.458716))
3; POLYGON((489595.683447 5882310.300000, 489614.665320 5882310.300000, 489614.665320 5882316.410699, 489595.683447 5882316.410699, 489595.683447 5882310.300000))
3; POLYGON((489597.407343 5882310.303259, 489614.636139 5882310.303259, 489614.636139 5882316.375879, 489597.407343 5882316.375879, 489597.407343 5882310.303259))
3; POLYGON((489537.207109 5882356.445099, 489544.771555 5882356.445099, 489544.771555 5882382.622598, 489537.207109 5882382.622598, 489537.207109 5882356.445099))
