3; POLYGON((488937.200000 5880710.300000, 489037.186511 5880710.300000, 489037.186511 5880733.855487, 488937.200000 5880733.855487, 488937.200000 5880710.300000))
3; POLYGON((488937.297781 5880742.761121, 489037.040521 5880742.761121, 489037.040521 5880781.846448, 488937.297781 5880781.846448, 488937.297781 5880742.761121))
3; POLYGON((488937.200000 5880742.843915, 489037.200000 5880742.843915, 489037.200000 5880778.216336, 488937.200000 5880778.216336, 488937.200000 5880742.843915))
3; POLYGON((488937.312537 5880718.544934, 489037.200000 5880718.544934, 489037.200000 5880753.479138, 488937.312537 5880753.479138, 488937.312537 5880718.544934))
3; POLYGON((488937.200000 5880711.716803, 489037.200000 5880711.716803, 489037.200000 5880749.053784, 488937.200000 5880749.053784, 488937.200000 5880711.716803))
3; POLYGON((488937.200000 5880713.537421, 489037.200000 5880713.537421, 489037.200000 5880753.382074, 488937.200000 5880753.382074, 488937.200000 5880713.537421))
3; POLYGON((488937.206960 5880794.903246, 488945.300336 5880794.903246, 488945.300336 5880810.288163, 488937.206960 5880810.288163, 488937.206960 5880794.903246))
3; POLYGON((488946.821327 5880771.682498, 489037.100793 5880771.682498, 489037.100793 5880807.994472, 488946.821327 5880807.994472, 488946.821327 5880771.682498))
3; POLYGON((489033.197998 5880772.670660, 489037.200000 5880772.670660, 489037.200000 5880791.801996, 489033.197998 5880791.801996, 489033.197998 5880772.670660))
3; POLYGON((489033.272955 5880772.743271, 489037.200000 5880772.743271, 489037.200000 5880787.778778, 489033.272955 5880787.778778, 489033.272955 5880772.743271))
3; POLYGON((488982.817017 5880743.196429, 489037.016925 5880743.196429, 489037.016925 5880769.927167, 488982.817017 5880769.927167, 488982.817017 5880743.196429))
3; POLYGON((488945.975588 5880790.725450, 488967.329276 5880790.725450, 488967.329276 5880806.845185, 488945.975588 5880806.845185, 488945.975588 5880790.725450))
3; POLYGON((488946.293856 5880777.492068, 489013.309705 5880777.492068, 489013.309705 5880807.197829, 488946.293856 5880807.197829, 488946.293856 5880777.492068))
