3; POLYGON((489437.304503 5880019.542621, 489459.826688 5880019.542621, 489459.826688 5880033.791925, 489437.304503 5880033.791925, 489437.304503 5880019.542621))
3; POLYGON((489503.618634 5880056.448322, 489530.381451 5880056.448322, 489530.381451 5880071.343427, 489503.618634 5880071.343427, 489503.618634 5880056.448322))
3; POLYGON((489450.407748 5880074.222849, 489468.305524 5880074.222849, 489468.305524 5880086.412140, 489450.407748 5880086.412140, 489450.407748 5880074.222849))
3; POLYGON((489466.581601 5880067.926495, 489488.868909 5880067.926495, 489488.868909 5880081.918469, 489466.581601 5880081.918469, 489466.581601 5880067.926495))
3; POLYGON((489487.397592 5880063.458197, 489504.975421 5880063.458197, 489504.975421 5880076.061838, 489487.397592 5880076.061838, 489487.397592 5880063.458197))
3; POLYGON((489465.240259 5880102.957732, 489481.779236 5880102.957732, 489481.779236 5880110.297880, 489465.240259 5880110.297880, 489465.240259 5880102.957732))
3; POLYGON((489458.549789 5880014.670538, 489476.382538 5880014.670538, 489476.382538 5880027.501154, 489458.549789 5880027.501154, 489458.549789 5880014.670538))
3; POLYGON((489437.212794 5880078.720477, 489452.472626 5880078.720477, 489452.472626 5880093.042537, 489437.212794 5880093.042537, 489437.212794 5880078.720477))
3; POLYGON((489515.249359 5880082.837042, 489534.644159 5880082.837042, 489534.644159 5880110.300000, 489515.249359 5880110.300000, 489515.249359 5880082.837042))
3; POLYGON((489486.385413 5880010.300000, 489525.218414 5880010.300000, 489525.218414 5880019.441412, 489486.385413 5880019.441412, 489486.385413 5880010.300000))
3; POLYGON((489474.899149 5880011.476935, 489487.634705 5880011.476935, 489487.634705 5880023.109412, 489474.899149 5880023.109412, 489474.899149 5880011.476935))
3; POLYGON((489486.220792 5880010.300000, 489534.119055 5880010.300000, 489534.119055 5880019.448999, 489486.220792 5880019.448999, 489486.220792 5880010.300000))
