3; POLYGON((489091.689642 5881812.134601, 489124.362311 5881812.134601, 489124.362311 5881872.158786, 489091.689642 5881872.158786, 489091.689642 5881812.134601))
3; POLYGON((489102.956415 5881851.481494, 489137.186401 5881851.481494, 489137.186401 5881910.248651, 489102.956415 5881910.248651, 489102.956415 5881851.481494))
3; POLYGON((489071.173077 5881880.843134, 489098.505640 5881880.843134, 489098.505640 5881910.300000, 489071.173077 5881910.300000, 489071.173077 5881880.843134))
3; POLYGON((489048.760505 5881835.103510, 489079.253412 5881835.103510, 489079.253412 5881857.062067, 489048.760505 5881857.062067, 489048.760505 5881835.103510))
3; POLYGON((489037.207141 5881825.835504, 489049.631410 5881825.835504, 489049.631410 5881845.098267, 489037.207141 5881845.098267, 489037.207141 5881825.835504))
3; POLYGON((489037.202091 5881823.600232, 489049.673556 5881823.600232, 489049.673556 5881845.096936, 489037.202091 5881845.096936, 489037.202091 5881823.600232))
3; POLYGON((489103.026282 5881858.474884, 489137.126038 5881858.474884, 489137.126038 5881910.268368, 489103.026282 5881910.268368, 489103.026282 5881858.474884))
3; POLYGON((489037.206459 5881864.906888, 489046.583549 5881864.906888, 489046.583549 5881880.890240, 489037.206459 5881880.890240, 489037.206459 5881864.906888))
3; POLYGON((489134.423059 5881826.894440, 489137.200000 5881826.894440, 489137.200000 5881839.296222, 489134.423059 5881839.296222, 489134.423059 5881826.894440))
3; POLYGON((489037.200000 5881819.214001, 489049.775253 5881819.214001, 489049.775253 5881845.083820, 489037.200000 5881845.083820, 489037.200000 5881819.214001))
3; POLYGON((489134.036469 5881826.644208, 489137.200000 5881826.644208, 489137.200000 5881839.946460, 489134.036469 5881839.946460, 489134.036469 5881826.644208))
3; POLYGON((489133.893024 5881826.794073, 489137.200000 5881826.794073, 489137.200000 5881840.997131, 489133.893024 5881840.997131, 489133.893024 5881826.794073))
3; POLYGON((489134.343274 5881826.745093, 489137.192542 5881826.745093, 489137.192542 5881841.855536, 489134.343274 5881841.855536, 489134.343274 5881826.745093))
