3; POLYGON((490790.809821 5882028.861438, 490835.383313 5882028.861438, 490835.383313 5882070.572961, 490790.809821 5882070.572961, 490790.809821 5882028.861438))
3; POLYGON((490763.971646 5882012.613763, 490796.262805 5882012.613763, 490796.262805 5882042.057123, 490763.971646 5882042.057123, 490763.971646 5882012.613763))
3; POLYGON((490737.200000 5882085.403418, 490764.604755 5882085.403418, 490764.604755 5882110.287073, 490737.200000 5882110.287073, 490737.200000 5882085.403418))
3; POLYGON((490763.584369 5882063.527399, 490790.997009 5882063.527399, 490790.997009 5882089.393774, 490763.584369 5882089.393774, 490763.584369 5882063.527399))
3; POLYGON((490737.200000 5882039.241827, 490767.824380 5882039.241827, 490767.824380 5882077.613455, 490737.200000 5882077.613455, 490737.200000 5882039.241827))
3; POLYGON((490793.575012 5882010.300000, 490813.006720 5882010.300000, 490813.006720 5882016.467670, 490793.575012 5882016.467670, 490793.575012 5882010.300000))
3; POLYGON((490793.936542 5882010.300000, 490811.539203 5882010.300000, 490811.539203 5882016.396808, 490793.936542 5882016.396808, 490793.936542 5882010.300000))
3; POLYGON((490831.984479 5882016.020349, 490837.200000 5882016.020349, 490837.200000 5882034.877515, 490831.984479 5882034.877515, 490831.984479 5882016.020349))
3; POLYGON((490793.753699 5882010.300000, 490816.664642 5882010.300000, 490816.664642 5882016.442780, 490793.753699 5882016.442780, 490793.753699 5882010.300000))
3; POLYGON((490793.830835 5882010.300000, 490819.158887 5882010.300000, 490819.158887 5882016.468237, 490793.830835 5882016.468237, 490793.830835 5882010.300000))
3; POLYGON((490832.038007 5882016.739764, 490837.200000 5882016.739764, 490837.200000 5882036.172626, 490832.038007 5882036.172626, 490832.038007 5882016.739764))
3; POLYGON((490831.936273 5882011.128900, 490837.200000 5882011.128900, 490837.200000 5882034.871967, 490831.936273 5882034.871967, 490831.936273 5882011.128900))
3; POLYGON((490794.090796 5882010.300000, 490809.807263 5882010.300000, 490809.807263 5882016.267120, 490794.090796 5882016.267120, 490794.090796 5882010.300000))
3; POLYGON((490793.851465 5882010.300000, 490822.458307 5882010.300000, 490822.458307 5882016.480438, 490793.851465 5882016.480438, 490793.851465 5882010.300000))
