3; POLYGON((488537.204005 5880376.938083, 488548.310757 5880376.938083, 488548.310757 5880390.110052, 488537.204005 5880390.110052, 488537.204005 5880376.938083))
3; POLYGON((488554.057069 5880310.300000, 488621.008636 5880310.300000, 488621.008636 5880385.708102, 488554.057069 5880385.708102, 488554.057069 5880310.300000))
3; POLYGON((488581.650586 5880325.850537, 488621.060583 5880325.850537, 488621.060583 5880385.629913, 488581.650586 5880385.629913, 488581.650586 5880325.850537))
3; POLYGON((488613.639844 5880310.324799, 488637.092334 5880310.324799, 488637.092334 5880373.701712, 488613.639844 5880373.701712, 488613.639844 5880310.324799))
3; POLYGON((488585.970682 5880393.515590, 488611.715356 5880393.515590, 488611.715356 5880409.663093, 488585.970682 5880409.663093, 488585.970682 5880393.515590))
3; POLYGON((488537.200000 5880318.360724, 488548.089886 5880318.360724, 488548.089886 5880336.535797, 488537.200000 5880336.535797, 488537.200000 5880318.360724))
3; POLYGON((488620.559784 5880390.186220, 488629.186053 5880390.186220, 488629.186053 5880401.572142, 488620.559784 5880401.572142, 488620.559784 5880390.186220))
3; POLYGON((488537.316721 5880400.272797, 488574.458954 5880400.272797, 488574.458954 5880410.300000, 488537.316721 5880410.300000, 488537.316721 5880400.272797))
3; POLYGON((488537.200000 5880318.615900, 488548.483062 5880318.615900, 488548.483062 5880338.331445, 488537.200000 5880338.331445, 488537.200000 5880318.615900))
3; POLYGON((488537.211034 5880318.487421, 488548.076541 5880318.487421, 488548.076541 5880346.035919, 488537.211034 5880346.035919, 488537.211034 5880318.487421))
3; POLYGON((488537.203551 5880318.467358, 488548.197551 5880318.467358, 488548.197551 5880365.728067, 488537.203551 5880365.728067, 488537.203551 5880318.467358))
3; POLYGON((488554.639114 5880310.300000, 488607.422162 5880310.300000, 488607.422162 5880348.660089, 488554.639114 5880348.660089, 488554.639114 5880310.300000))
1; POLYGON((488537.203557 5880364.264035, 488546.855750 5880364.264035, 488546.855750 5880374.602274, 488537.203557 5880374.602274, 488537.203557 5880364.264035))
4; POLYGON((488538.005789 5880334.931763, 488582.926160 5880334.931763, 488582.926160 5880388.393500, 488538.005789 5880388.393500, 488538.005789 5880334.931763))
3; POLYGON((488613.693628 5880310.365918, 488637.200000 5880310.365918, 488637.200000 5880364.820142, 488613.693628 5880364.820142, 488613.693628 5880310.365918))
3; POLYGON((488537.207594 5880318.493237, 488548.101562 5880318.493237, 488548.101562 5880360.291849, 488537.207594 5880360.291849, 488537.207594 5880318.493237))
3; POLYGON((488537.205540 5880318.471729, 488548.102751 5880318.471729, 488548.102751 5880350.646710, 488537.205540 5880350.646710, 488537.205540 5880318.471729))
3; POLYGON((488537.200000 5880318.433289, 488548.297636 5880318.433289, 488548.297636 5880371.295676, 488537.200000 5880371.295676, 488537.200000 5880318.433289))
