3; POLYGON((488765.031482 5882210.300000, 488814.736438 5882210.300000, 488814.736438 5882221.897034, 488765.031482 5882221.897034, 488765.031482 5882210.300000))
3; POLYGON((488764.885284 5882210.300000, 488809.778857 5882210.300000, 488809.778857 5882221.926642, 488764.885284 5882221.926642, 488764.885284 5882210.300000))
3; POLYGON((488750.741805 5882250.783228, 488793.436493 5882250.783228, 488793.436493 5882310.300000, 488750.741805 5882310.300000, 488750.741805 5882250.783228))
3; POLYGON((488780.028064 5882235.253479, 488830.841724 5882235.253479, 488830.841724 5882310.300000, 488780.028064 5882310.300000, 488780.028064 5882235.253479))
3; POLYGON((488737.200000 5882219.130780, 488759.718729 5882219.130780, 488759.718729 5882245.753357, 488737.200000 5882245.753357, 488737.200000 5882219.130780))
3; POLYGON((488825.445569 5882216.791870, 488837.199036 5882216.791870, 488837.199036 5882302.247422, 488825.445569 5882302.247422, 488825.445569 5882216.791870))
3; POLYGON((488825.705011 5882216.593359, 488837.178217 5882216.593359, 488837.178217 5882275.961679, 488825.705011 5882275.961679, 488825.705011 5882216.593359))
3; POLYGON((488825.660846 5882217.001654, 488837.200000 5882217.001654, 488837.200000 5882290.709706, 488825.660846 5882290.709706, 488825.660846 5882217.001654))
3; POLYGON((488824.737817 5882216.994122, 488837.200000 5882216.994122, 488837.200000 5882309.649856, 488824.737817 5882309.649856, 488824.737817 5882216.994122))
3; POLYGON((488825.795514 5882216.735968, 488837.200000 5882216.735968, 488837.200000 5882283.367279, 488825.795514 5882283.367279, 488825.795514 5882216.735968))
3; POLYGON((488780.405795 5882237.560236, 488811.494836 5882237.560236, 488811.494836 5882290.412834, 488780.405795 5882290.412834, 488780.405795 5882237.560236))
4; POLYGON((488772.990979 5882225.256409, 488785.646820 5882225.256409, 488785.646820 5882243.359064, 488772.990979 5882243.359064, 488772.990979 5882225.256409))
3; POLYGON((488765.259528 5882210.300000, 488831.122552 5882210.300000, 488831.122552 5882221.984564, 488765.259528 5882221.984564, 488765.259528 5882210.300000))
