4; POLYGON((491465.245847 5881025.884583, 491510.150024 5881025.884583, 491510.150024 5881110.186286, 491465.245847 5881110.186286, 491465.245847 5881025.884583))
4; POLYGON((491437.200000 5881078.111450, 491465.711011 5881078.111450, 491465.711011 5881093.300685, 491437.200000 5881093.300685, 491437.200000 5881078.111450))
4; POLYGON((491437.200000 5881062.674689, 491465.109134 5881062.674689, 491465.109134 5881077.907904, 491437.200000 5881077.907904, 491437.200000 5881062.674689))
4; POLYGON((491437.200000 5881010.300000, 491460.245265 5881010.300000, 491460.245265 5881056.777753, 491437.200000 5881056.777753, 491437.200000 5881010.300000))
4; POLYGON((491437.200000 5881093.603595, 491466.016202 5881093.603595, 491466.016202 5881109.643303, 491437.200000 5881109.643303, 491437.200000 5881093.603595))
4; POLYGON((491493.465387 5881050.904224, 491499.761029 5881050.904224, 491499.761029 5881057.714960, 491493.465387 5881057.714960, 491493.465387 5881050.904224))
4; POLYGON((491512.242792 5881070.125168, 491522.645520 5881070.125168, 491522.645520 5881076.771204, 491512.242792 5881076.771204, 491512.242792 5881070.125168))
4; POLYGON((491457.036771 5881109.032246, 491466.089536 5881109.032246, 491466.089536 5881110.290394, 491457.036771 5881110.290394, 491457.036771 5881109.032246))
4; POLYGON((491525.194806 5881011.086206, 491537.200000 5881011.086206, 491537.200000 5881051.154419, 491525.194806 5881051.154419, 491525.194806 5881011.086206))
3; POLYGON((491501.142065 5881010.300000, 491525.302173 5881010.300000, 491525.302173 5881033.620605, 491501.142065 5881033.620605, 491501.142065 5881010.300000))
4; POLYGON((491440.127989 5881014.535999, 491458.168901 5881014.535999, 491458.168901 5881026.984052, 491440.127989 5881026.984052, 491440.127989 5881014.535999))
4; POLYGON((491509.721582 5881084.279272, 491514.193097 5881084.279272, 491514.193097 5881090.530418, 491509.721582 5881090.530418, 491509.721582 5881084.279272))
3; POLYGON((491525.192902 5881010.949731, 491537.200000 5881010.949731, 491537.200000 5881051.225134, 491525.192902 5881051.225134, 491525.192902 5881010.949731))
4; POLYGON((491503.250775 5881030.246124, 491511.109912 5881030.246124, 491511.109912 5881036.842383, 491503.250775 5881036.842383, 491503.250775 5881030.246124))
4; POLYGON((491508.061469 5881066.705411, 491522.670685 5881066.705411, 491522.670685 5881076.611557, 491508.061469 5881076.611557, 491508.061469 5881066.705411))
4; POLYGON((491475.672595 5881010.300000, 491490.840991 5881010.300000, 491490.840991 5881013.691058, 491475.672595 5881013.691058, 491475.672595 5881010.300000))
