3; POLYGON((490255.138408 5881297.219246, 490270.272482 5881297.219246, 490270.272482 5881310.289350, 490255.138408 5881310.289350, 490255.138408 5881297.219246))
3; POLYGON((490314.894843 5881276.079556, 490333.437274 5881276.079556, 490333.437274 5881291.618326, 490314.894843 5881291.618326, 490314.894843 5881276.079556))
3; POLYGON((490320.807855 5881234.670660, 490333.356934 5881234.670660, 490333.356934 5881244.654535, 490320.807855 5881244.654535, 490320.807855 5881234.670660))
3; POLYGON((490325.806494 5881296.020804, 490337.200000 5881296.020804, 490337.200000 5881310.283180, 490325.806494 5881310.283180, 490325.806494 5881296.020804))
3; POLYGON((490237.220063 5881252.726886, 490252.559547 5881252.726886, 490252.559547 5881268.144910, 490237.220063 5881268.144910, 490237.220063 5881252.726886))
3; POLYGON((490323.808893 5881249.397754, 490336.691016 5881249.397754, 490336.691016 5881258.650183, 490323.808893 5881258.650183, 490323.808893 5881249.397754))
3; POLYGON((490320.962329 5881221.037366, 490333.782123 5881221.037366, 490333.782123 5881229.963043, 490320.962329 5881229.963043, 490320.962329 5881221.037366))
3; POLYGON((490267.421854 5881210.358484, 490279.096115 5881210.358484, 490279.096115 5881265.358286, 490267.421854 5881265.358286, 490267.421854 5881210.358484))
3; POLYGON((490261.492967 5881265.812497, 490276.746844 5881265.812497, 490276.746844 5881280.962161, 490261.492967 5881280.962161, 490261.492967 5881265.812497))
3; POLYGON((490237.200000 5881283.085486, 490252.440828 5881283.085486, 490252.440828 5881302.768838, 490237.200000 5881302.768838, 490237.200000 5881283.085486))
3; POLYGON((490318.978046 5881210.300000, 490330.645984 5881210.300000, 490330.645984 5881218.350781, 490318.978046 5881218.350781, 490318.978046 5881210.300000))
