3; POLYGON((489976.070926 5882534.375739, 490029.837677 5882534.375739, 490029.837677 5882579.681717, 489976.070926 5882579.681717, 489976.070926 5882534.375739))
3; POLYGON((489951.683325 5882510.357538, 490005.607275 5882510.357538, 490005.607275 5882553.560626, 489951.683325 5882553.560626, 489951.683325 5882510.357538))
3; POLYGON((490000.562848 5882562.566278, 490037.200000 5882562.566278, 490037.200000 5882602.793660, 490000.562848 5882602.793660, 490000.562848 5882562.566278))
3; POLYGON((489937.467348 5882576.415060, 489973.925256 5882576.415060, 489973.925256 5882610.300000, 489937.467348 5882610.300000, 489937.467348 5882576.415060))
3; POLYGON((489937.200624 5882549.028845, 489952.066910 5882549.028845, 489952.066910 5882573.343347, 489937.200624 5882573.343347, 489937.200624 5882549.028845))
3; POLYGON((489980.313672 5882601.816686, 490003.738458 5882601.816686, 490003.738458 5882610.293122, 489980.313672 5882610.293122, 489980.313672 5882601.816686))
3; POLYGON((489982.915741 5882601.705304, 490003.597754 5882601.705304, 490003.597754 5882610.296693, 489982.915741 5882610.296693, 489982.915741 5882601.705304))
3; POLYGON((489972.980014 5882601.767641, 490003.740967 5882601.767641, 490003.740967 5882610.300000, 489972.980014 5882610.300000, 489972.980014 5882601.767641))
3; POLYGON((489937.200000 5882548.907770, 489952.085960 5882548.907770, 489952.085960 5882581.824823, 489937.200000 5882581.824823, 489937.200000 5882548.907770))
4; POLYGON((489937.269401 5882510.321881, 489968.167380 5882510.321881, 489968.167380 5882535.062646, 489937.269401 5882535.062646, 489937.269401 5882510.321881))
3; POLYGON((489937.221920 5882549.033972, 489952.089838 5882549.033972, 489952.089838 5882586.992175, 489937.221920 5882586.992175, 489937.221920 5882549.033972))
3; POLYGON((489969.509113 5882601.663614, 490003.656293 5882601.663614, 490003.656293 5882610.290495, 489969.509113 5882610.290495, 489969.509113 5882601.663614))
