3; POLYGON((489737.792911 5882137.972565, 489785.219168 5882137.972565, 489785.219168 5882191.728798, 489737.792911 5882191.728798, 489737.792911 5882137.972565))
3; POLYGON((489737.200000 5882113.688422, 489769.029819 5882113.688422, 489769.029819 5882161.280441, 489737.200000 5882161.280441, 489737.200000 5882113.688422))
3; POLYGON((489781.820547 5882110.300000, 489815.640759 5882110.300000, 489815.640759 5882138.283154, 489781.820547 5882138.283154, 489781.820547 5882110.300000))
3; POLYGON((489824.389801 5882200.873892, 489837.200000 5882200.873892, 489837.200000 5882210.288127, 489824.389801 5882210.288127, 489824.389801 5882200.873892))
3; POLYGON((489737.206942 5882192.488074, 489738.928460 5882192.488074, 489738.928460 5882205.564666, 489737.206942 5882205.564666, 489737.206942 5882192.488074))
3; POLYGON((489768.829495 5882203.101485, 489781.046432 5882203.101485, 489781.046432 5882210.300000, 489768.829495 5882210.300000, 489768.829495 5882203.101485))
3; POLYGON((489737.208881 5882191.563480, 489738.982750 5882191.563480, 489738.982750 5882205.667393, 489737.208881 5882205.667393, 489737.208881 5882191.563480))
3; POLYGON((489787.044421 5882178.751620, 489800.534253 5882178.751620, 489800.534253 5882192.122897, 489787.044421 5882192.122897, 489787.044421 5882178.751620))
3; POLYGON((489765.321555 5882110.300000, 489780.135382 5882110.300000, 489780.135382 5882112.380603, 489765.321555 5882112.380603, 489765.321555 5882110.300000))
3; POLYGON((489737.202803 5882192.366797, 489739.131071 5882192.366797, 489739.131071 5882206.108442, 489737.202803 5882206.108442, 489737.202803 5882192.366797))
3; POLYGON((489819.761688 5882200.862408, 489837.200000 5882200.862408, 489837.200000 5882210.281409, 489819.761688 5882210.281409, 489819.761688 5882200.862408))
3; POLYGON((489765.314249 5882110.300000, 489779.420288 5882110.300000, 489779.420288 5882112.151196, 489765.314249 5882112.151196, 489765.314249 5882110.300000))
3; POLYGON((489765.716440 5882110.300000, 489781.836301 5882110.300000, 489781.836301 5882112.423553, 489765.716440 5882112.423553, 489765.716440 5882110.300000))
3; POLYGON((489764.164413 5882110.300000, 489780.259238 5882110.300000, 489780.259238 5882112.480963, 489764.164413 5882112.480963, 489764.164413 5882110.300000))
3; POLYGON((489776.621054 5882189.631044, 489790.646417 5882189.631044, 489790.646417 5882203.916275, 489776.621054 5882203.916275, 489776.621054 5882189.631044))
3; POLYGON((489764.860989 5882110.300000, 489782.427798 5882110.300000, 489782.427798 5882112.547638, 489764.860989 5882112.547638, 489764.860989 5882110.300000))
3; POLYGON((489737.208299 5882190.956618, 489739.022397 5882190.956618, 489739.022397 5882204.983604, 489737.208299 5882204.983604, 489737.208299 5882190.956618))
