4; POLYGON((491524.383185 5879991.849615, 491537.200000 5879991.849615, 491537.200000 5880010.300000, 491524.383185 5880010.300000, 491524.383185 5879991.849615))
1; POLYGON((491503.080475 5879935.476874, 491537.200000 5879935.476874, 491537.200000 5879982.116971, 491503.080475 5879982.116971, 491503.080475 5879935.476874))
4; POLYGON((491488.513275 5879968.024258, 491508.367700 5879968.024258, 491508.367700 5879990.442531, 491488.513275 5879990.442531, 491488.513275 5879968.024258))
4; POLYGON((491451.914824 5879998.363940, 491471.054520 5879998.363940, 491471.054520 5880010.297944, 491451.914824 5880010.297944, 491451.914824 5879998.363940))
4; POLYGON((491444.147770 5879998.290540, 491471.287524 5879998.290540, 491471.287524 5880010.300000, 491444.147770 5880010.300000, 491444.147770 5879998.290540))
4; POLYGON((491448.015498 5879998.325977, 491471.118585 5879998.325977, 491471.118585 5880010.300000, 491448.015498 5880010.300000, 491448.015498 5879998.325977))
4; POLYGON((491439.693760 5879998.265110, 491471.556192 5879998.265110, 491471.556192 5880010.300000, 491439.693760 5880010.300000, 491439.693760 5879998.265110))
4; POLYGON((491488.492438 5879965.183121, 491508.485101 5879965.183121, 491508.485101 5879990.500998, 491488.492438 5879990.500998, 491488.492438 5879965.183121))
1; POLYGON((491488.099310 5879935.612848, 491537.200000 5879935.612848, 491537.200000 5879990.533444, 491488.099310 5879990.533444, 491488.099310 5879935.612848))
4; POLYGON((491488.651154 5879935.118103, 491537.200000 5879935.118103, 491537.200000 5879990.659389, 491488.651154 5879990.659389, 491488.651154 5879935.118103))
2; POLYGON((491486.596515 5879910.300000, 491537.200000 5879910.300000, 491537.200000 5879989.518950, 491486.596515 5879989.518950, 491486.596515 5879910.300000))
4; POLYGON((491437.200000 5879910.300000, 491459.828545 5879910.300000, 491459.828545 5879945.654523, 491437.200000 5879945.654523, 491437.200000 5879910.300000))
2; POLYGON((491437.714749 5879910.300000, 491537.200000 5879910.300000, 491537.200000 5880008.946367, 491437.714749 5880008.946367, 491437.714749 5879910.300000))
4; POLYGON((491452.944489 5879998.280723, 491467.950632 5879998.280723, 491467.950632 5880010.275837, 491452.944489 5880010.275837, 491452.944489 5879998.280723))
2; POLYGON((491481.818152 5879910.300000, 491537.200000 5879910.300000, 491537.200000 5879979.075943, 491481.818152 5879979.075943, 491481.818152 5879910.300000))
