3; POLYGON((488926.307104 5882510.401141, 488937.200000 5882510.401141, 488937.200000 5882528.919519, 488926.307104 5882528.919519, 488926.307104 5882510.401141))
3; POLYGON((488860.764197 5882592.902950, 488883.115414 5882592.902950, 488883.115414 5882610.300000, 488860.764197 5882610.300000, 488860.764197 5882592.902950))
3; POLYGON((488882.458072 5882583.754184, 488899.265570 5882583.754184, 488899.265570 5882600.380732, 488882.458072 5882600.380732, 488882.458072 5882583.754184))
3; POLYGON((488884.129395 5882536.150732, 488901.158984 5882536.150732, 488901.158984 5882555.226837, 488884.129395 5882555.226837, 488884.129395 5882536.150732))
3; POLYGON((488917.397095 5882564.284070, 488933.589380 5882564.284070, 488933.589380 5882579.906421, 488917.397095 5882579.906421, 488917.397095 5882564.284070))
3; POLYGON((488919.698993 5882603.190805, 488934.422827 5882603.190805, 488934.422827 5882610.294438, 488919.698993 5882610.294438, 488919.698993 5882603.190805))
3; POLYGON((488934.728760 5882556.635779, 488937.197778 5882556.635779, 488937.197778 5882571.835916, 488934.728760 5882571.835916, 488934.728760 5882556.635779))
3; POLYGON((488837.206195 5882575.265298, 488841.781323 5882575.265298, 488841.781323 5882591.875897, 488837.206195 5882591.875897, 488837.206195 5882575.265298))
3; POLYGON((488905.261230 5882524.176013, 488924.359247 5882524.176013, 488924.359247 5882541.811133, 488905.261230 5882541.811133, 488905.261230 5882524.176013))
3; POLYGON((488935.120544 5882557.333344, 488937.200000 5882557.333344, 488937.200000 5882571.655682, 488935.120544 5882571.655682, 488935.120544 5882557.333344))
3; POLYGON((488900.638599 5882573.872226, 488917.765192 5882573.872226, 488917.765192 5882590.301924, 488900.638599 5882590.301924, 488900.638599 5882573.872226))
3; POLYGON((488841.990726 5882560.544388, 488862.205908 5882560.544388, 488862.205908 5882580.270795, 488841.990726 5882580.270795, 488841.990726 5882560.544388))
3; POLYGON((488837.200000 5882575.102542, 488842.369413 5882575.102542, 488842.369413 5882591.319496, 488837.200000 5882591.319496, 488837.200000 5882575.102542))
