3; POLYGON((490337.200000 5880610.300000, 490361.626729 5880610.300000, 490361.626729 5880636.169781, 490337.200000 5880636.169781, 490337.200000 5880610.300000))
4; POLYGON((490357.348895 5880610.303333, 490421.162653 5880610.303333, 490421.162653 5880621.737122, 490357.348895 5880621.737122, 490357.348895 5880610.303333))
4; POLYGON((490374.144757 5880696.475760, 490391.176965 5880696.475760, 490391.176965 5880710.299005, 490374.144757 5880710.299005, 490374.144757 5880696.475760))
4; POLYGON((490395.822211 5880696.260367, 490405.235742 5880696.260367, 490405.235742 5880710.232723, 490395.822211 5880710.232723, 490395.822211 5880696.260367))
4; POLYGON((490346.989147 5880700.358023, 490368.443594 5880700.358023, 490368.443594 5880710.297707, 490346.989147 5880710.297707, 490346.989147 5880700.358023))
4; POLYGON((490393.667603 5880679.512561, 490437.200000 5880679.512561, 490437.200000 5880710.300000, 490393.667603 5880710.300000, 490393.667603 5880679.512561))
4; POLYGON((490356.797177 5880610.300000, 490414.318793 5880610.300000, 490414.318793 5880621.638123, 490356.797177 5880621.638123, 490356.797177 5880610.300000))
4; POLYGON((490347.344541 5880628.262061, 490355.046758 5880628.262061, 490355.046758 5880637.261108, 490347.344541 5880637.261108, 490347.344541 5880628.262061))
4; POLYGON((490430.654974 5880678.882651, 490437.200000 5880678.882651, 490437.200000 5880693.458557, 490430.654974 5880693.458557, 490430.654974 5880678.882651))
4; POLYGON((490356.991954 5880610.300000, 490406.030829 5880610.300000, 490406.030829 5880621.652258, 490356.991954 5880621.652258, 490356.991954 5880610.300000))
4; POLYGON((490357.147110 5880610.300000, 490398.534296 5880610.300000, 490398.534296 5880621.661102, 490357.147110 5880621.661102, 490357.147110 5880610.300000))
