3; POLYGON((490961.212827 5882310.300000, 490998.154877 5882310.300000, 490998.154877 5882341.822150, 490961.212827 5882341.822150, 490961.212827 5882310.300000))
4; POLYGON((491022.715900 5882310.300000, 491037.200000 5882310.300000, 491037.200000 5882352.280591, 491022.715900 5882352.280591, 491022.715900 5882310.300000))
4; POLYGON((490999.886975 5882407.025020, 491020.946753 5882407.025020, 491020.946753 5882410.300000, 490999.886975 5882410.300000, 490999.886975 5882407.025020))
4; POLYGON((491000.320435 5882407.130786, 491019.547101 5882407.130786, 491019.547101 5882410.295982, 491000.320435 5882410.295982, 491000.320435 5882407.130786))
4; POLYGON((491000.142157 5882406.778370, 491020.484375 5882406.778370, 491020.484375 5882410.300000, 491000.142157 5882410.300000, 491000.142157 5882406.778370))
3; POLYGON((490937.200000 5882310.300000, 490947.454034 5882310.300000, 490947.454034 5882330.528857, 490937.200000 5882330.528857, 490937.200000 5882310.300000))
4; POLYGON((491022.680670 5882310.300000, 491037.200000 5882310.300000, 491037.200000 5882364.651605, 491022.680670 5882364.651605, 491022.680670 5882310.300000))
4; POLYGON((491000.128369 5882406.621368, 491021.872498 5882406.621368, 491021.872498 5882410.300000, 491000.128369 5882410.300000, 491000.128369 5882406.621368))
4; POLYGON((491000.171338 5882407.296844, 491018.182513 5882407.296844, 491018.182513 5882410.295486, 491000.171338 5882410.295486, 491000.171338 5882407.296844))
4; POLYGON((490999.905060 5882406.920797, 491018.633771 5882406.920797, 491018.633771 5882410.300000, 490999.905060 5882410.300000, 490999.905060 5882406.920797))
