3; POLYGON((489387.629794 5881713.512494, 489400.692700 5881713.512494, 489400.692700 5881743.729279, 489387.629794 5881743.729279, 489387.629794 5881713.512494))
3; POLYGON((489432.328113 5881710.303931, 489437.197815 5881710.303931, 489437.197815 5881758.173285, 489432.328113 5881758.173285, 489432.328113 5881710.303931))
3; POLYGON((489343.201365 5881781.609122, 489355.657048 5881781.609122, 489355.657048 5881796.424635, 489343.201365 5881796.424635, 489343.201365 5881781.609122))
3; POLYGON((489353.142621 5881787.126129, 489387.956750 5881787.126129, 489387.956750 5881807.444240, 489353.142621 5881807.444240, 489353.142621 5881787.126129))
3; POLYGON((489432.929120 5881710.300000, 489437.199493 5881710.300000, 489437.199493 5881756.966077, 489432.929120 5881756.966077, 489432.929120 5881710.300000))
3; POLYGON((489337.201778 5881710.300000, 489346.898770 5881710.300000, 489346.898770 5881717.769495, 489337.201778 5881717.769495, 489337.201778 5881710.300000))
3; POLYGON((489337.200000 5881779.177798, 489344.371441 5881779.177798, 489344.371441 5881793.298494, 489337.200000 5881793.298494, 489337.200000 5881779.177798))
3; POLYGON((489337.209144 5881720.643805, 489342.162442 5881720.643805, 489342.162442 5881733.553387, 489337.209144 5881733.553387, 489337.209144 5881720.643805))
3; POLYGON((489431.738745 5881710.300000, 489437.200000 5881710.300000, 489437.200000 5881758.269427, 489431.738745 5881758.269427, 489431.738745 5881710.300000))
3; POLYGON((489337.209832 5881720.838849, 489341.721819 5881720.838849, 489341.721819 5881733.566364, 489337.209832 5881733.566364, 489337.209832 5881720.838849))
3; POLYGON((489433.877167 5881756.745184, 489437.193616 5881756.745184, 489437.193616 5881791.469154, 489433.877167 5881791.469154, 489433.877167 5881756.745184))
4; POLYGON((489355.826343 5881725.916577, 489390.542004 5881725.916577, 489390.542004 5881752.561639, 489355.826343 5881752.561639, 489355.826343 5881725.916577))
3; POLYGON((489433.850641 5881752.616528, 489437.191223 5881752.616528, 489437.191223 5881791.614917, 489433.850641 5881791.614917, 489433.850641 5881752.616528))
3; POLYGON((489430.646942 5881710.327643, 489437.184546 5881710.327643, 489437.184546 5881791.648105, 489430.646942 5881791.648105, 489430.646942 5881710.327643))
3; POLYGON((489432.731097 5881715.101782, 489437.192389 5881715.101782, 489437.192389 5881791.885858, 489432.731097 5881791.885858, 489432.731097 5881715.101782))
3; POLYGON((489433.415753 5881729.607391, 489437.200000 5881729.607391, 489437.200000 5881791.663292, 489433.415753 5881791.663292, 489433.415753 5881729.607391))
3; POLYGON((489404.106128 5881805.278925, 489436.773883 5881805.278925, 489436.773883 5881810.299250, 489404.106128 5881810.299250, 489404.106128 5881805.278925))
