3; POLYGON((489697.973962 5882317.627417, 489714.203320 5882317.627417, 489714.203320 5882332.484711, 489697.973962 5882332.484711, 489697.973962 5882317.627417))
3; POLYGON((489643.711664 5882313.465564, 489668.602982 5882313.465564, 489668.602982 5882339.542383, 489643.711664 5882339.542383, 489643.711664 5882313.465564))
3; POLYGON((489637.210087 5882332.052985, 489652.049147 5882332.052985, 489652.049147 5882363.945187, 489637.210087 5882363.945187, 489637.210087 5882332.052985))
3; POLYGON((489690.822620 5882330.820691, 489705.642896 5882330.820691, 489705.642896 5882346.312817, 489690.822620 5882346.312817, 489690.822620 5882330.820691))
3; POLYGON((489637.213803 5882328.036938, 489652.088077 5882328.036938, 489652.088077 5882363.964008, 489637.213803 5882363.964008, 489637.213803 5882328.036938))
3; POLYGON((489706.158887 5882310.300000, 489720.495331 5882310.300000, 489720.495331 5882318.964307, 489706.158887 5882318.964307, 489706.158887 5882310.300000))
3; POLYGON((489637.228057 5882320.385364, 489652.126111 5882320.385364, 489652.126111 5882364.015457, 489637.228057 5882364.015457, 489637.228057 5882320.385364))
3; POLYGON((489683.763779 5882345.062115, 489699.114490 5882345.062115, 489699.114490 5882358.865674, 489683.763779 5882358.865674, 489683.763779 5882345.062115))
3; POLYGON((489654.899582 5882371.377051, 489674.159186 5882371.377051, 489674.159186 5882389.142180, 489654.899582 5882389.142180, 489654.899582 5882371.377051))
3; POLYGON((489637.226388 5882314.092719, 489652.150143 5882314.092719, 489652.150143 5882364.049561, 489637.226388 5882364.049561, 489637.226388 5882314.092719))
3; POLYGON((489672.406888 5882360.119110, 489691.396808 5882360.119110, 489691.396808 5882377.742807, 489672.406888 5882377.742807, 489672.406888 5882360.119110))
