3; POLYGON((489137.200507 5882031.657782, 489145.953843 5882031.657782, 489145.953843 5882066.743420, 489137.200507 5882066.743420, 489137.200507 5882031.657782))
4; POLYGON((489154.743637 5882076.463107, 489182.969672 5882076.463107, 489182.969672 5882090.513269, 489154.743637 5882090.513269, 489154.743637 5882076.463107))
3; POLYGON((489210.212231 5882010.313403, 489233.580066 5882010.313403, 489233.580066 5882035.336432, 489210.212231 5882035.336432, 489210.212231 5882010.313403))
3; POLYGON((489137.200000 5882031.676276, 489145.827618 5882031.676276, 489145.827618 5882072.437265, 489137.200000 5882072.437265, 489137.200000 5882031.676276))
3; POLYGON((489209.270532 5882069.164047, 489237.200000 5882069.164047, 489237.200000 5882090.949585, 489209.270532 5882090.949585, 489209.270532 5882069.164047))
4; POLYGON((489157.382079 5882054.114862, 489180.427847 5882054.114862, 489180.427847 5882070.021548, 489157.382079 5882070.021548, 489157.382079 5882054.114862))
3; POLYGON((489171.556168 5882097.311469, 489183.049149 5882097.311469, 489183.049149 5882107.972629, 489171.556168 5882107.972629, 489171.556168 5882097.311469))
3; POLYGON((489137.200000 5882031.488898, 489145.782496 5882031.488898, 489145.782496 5882083.212122, 489137.200000 5882083.212122, 489137.200000 5882031.488898))
3; POLYGON((489208.886285 5882091.800606, 489227.480670 5882091.800606, 489227.480670 5882110.297532, 489208.886285 5882110.297532, 489208.886285 5882091.800606))
3; POLYGON((489137.200000 5882031.477417, 489145.863006 5882031.477417, 489145.863006 5882088.932425, 489137.200000 5882088.932425, 489137.200000 5882031.477417))
