3; POLYGON((489240.707375 5880041.310095, 489337.200000 5880041.310095, 489337.200000 5880083.933530, 489240.707375 5880083.933530, 489240.707375 5880041.310095))
3; POLYGON((489238.429679 5880010.300000, 489337.076038 5880010.300000, 489337.076038 5880051.250006, 489238.429679 5880051.250006, 489238.429679 5880010.300000))
3; POLYGON((489238.570501 5880068.993430, 489337.200000 5880068.993430, 489337.200000 5880107.424988, 489238.570501 5880107.424988, 489238.570501 5880068.993430))
3; POLYGON((489237.813323 5880071.866235, 489337.200000 5880071.866235, 489337.200000 5880110.300000, 489237.813323 5880110.300000, 489237.813323 5880071.866235))
3; POLYGON((489250.924847 5880068.950443, 489337.200000 5880068.950443, 489337.200000 5880105.532267, 489250.924847 5880105.532267, 489250.924847 5880068.950443))
3; POLYGON((489260.249509 5880068.875980, 489337.200000 5880068.875980, 489337.200000 5880105.716749, 489260.249509 5880105.716749, 489260.249509 5880068.875980))
3; POLYGON((489310.565765 5880102.561626, 489337.200000 5880102.561626, 489337.200000 5880110.293739, 489310.565765 5880110.293739, 489310.565765 5880102.561626))
3; POLYGON((489310.466205 5880103.699868, 489337.200000 5880103.699868, 489337.200000 5880110.300000, 489310.466205 5880110.300000, 489310.466205 5880103.699868))
3; POLYGON((489311.166345 5880100.976909, 489337.197833 5880100.976909, 489337.197833 5880110.294323, 489311.166345 5880110.294323, 489311.166345 5880100.976909))
3; POLYGON((489304.717267 5880103.584752, 489337.182495 5880103.584752, 489337.182495 5880110.300000, 489304.717267 5880110.300000, 489304.717267 5880103.584752))
3; POLYGON((489311.288654 5880103.154816, 489337.174139 5880103.154816, 489337.174139 5880110.277256, 489311.288654 5880110.277256, 489311.288654 5880103.154816))
