3; POLYGON((488764.229892 5880210.300000, 488821.539447 5880210.300000, 488821.539447 5880230.174841, 488764.229892 5880230.174841, 488764.229892 5880210.300000))
3; POLYGON((488737.200000 5880221.430267, 488765.050732 5880221.430267, 488765.050732 5880243.465387, 488737.200000 5880243.465387, 488737.200000 5880221.430267))
3; POLYGON((488752.881836 5880243.848199, 488776.857077 5880243.848199, 488776.857077 5880310.142483, 488752.881836 5880310.142483, 488752.881836 5880243.848199))
3; POLYGON((488737.213064 5880252.992175, 488752.997839 5880252.992175, 488752.997839 5880310.260083, 488737.213064 5880310.260083, 488737.213064 5880252.992175))
3; POLYGON((488830.136823 5880211.029626, 488837.189575 5880211.029626, 488837.189575 5880268.510312, 488830.136823 5880268.510312, 488830.136823 5880211.029626))
3; POLYGON((488792.609644 5880244.022864, 488814.731403 5880244.022864, 488814.731403 5880310.067864, 488792.609644 5880310.067864, 488792.609644 5880244.022864))
3; POLYGON((488791.138550 5880223.345111, 488836.473535 5880223.345111, 488836.473535 5880310.111816, 488791.138550 5880310.111816, 488791.138550 5880223.345111))
3; POLYGON((488830.117017 5880211.072412, 488837.190686 5880211.072412, 488837.190686 5880257.573553, 488830.117017 5880257.573553, 488830.117017 5880211.072412))
3; POLYGON((488830.957123 5880211.426404, 488837.186597 5880211.426404, 488837.186597 5880272.926349, 488830.957123 5880272.926349, 488830.957123 5880211.426404))
3; POLYGON((488800.065149 5880222.551178, 488837.200000 5880222.551178, 488837.200000 5880310.224749, 488800.065149 5880310.224749, 488800.065149 5880222.551178))
