3; POLYGON((490997.684778 5881286.049881, 491012.678729 5881286.049881, 491012.678729 5881301.323833, 490997.684778 5881301.323833, 490997.684778 5881286.049881))
3; POLYGON((491015.760822 5881258.397986, 491037.198779 5881258.397986, 491037.198779 5881280.276343, 491015.760822 5881280.276343, 491015.760822 5881258.397986))
3; POLYGON((490985.544705 5881274.297812, 491001.499866 5881274.297812, 491001.499866 5881290.231781, 490985.544705 5881290.231781, 490985.544705 5881274.297812))
3; POLYGON((491009.046399 5881296.967059, 491024.700671 5881296.967059, 491024.700671 5881310.300000, 491009.046399 5881310.300000, 491009.046399 5881296.967059))
3; POLYGON((490990.695441 5881242.702936, 491006.727893 5881242.702936, 491006.727893 5881257.628534, 490990.695441 5881257.628534, 490990.695441 5881242.702936))
3; POLYGON((490966.562302 5881217.831116, 490983.236438 5881217.831116, 490983.236438 5881234.490485, 490966.562302 5881234.490485, 490966.562302 5881217.831116))
3; POLYGON((490978.495963 5881230.135260, 490993.917902 5881230.135260, 490993.917902 5881246.155060, 490978.495963 5881246.155060, 490978.495963 5881230.135260))
3; POLYGON((491032.846796 5881274.463150, 491037.200000 5881274.463150, 491037.200000 5881290.278323, 491032.846796 5881290.278323, 491032.846796 5881274.463150))
3; POLYGON((490992.398822 5881210.300159, 491007.375653 5881210.300159, 491007.375653 5881219.824695, 490992.398822 5881219.824695, 490992.398822 5881210.300159))
3; POLYGON((491005.304797 5881250.236102, 491020.833502 5881250.236102, 491020.833502 5881266.169998, 491005.304797 5881266.169998, 491005.304797 5881250.236102))
3; POLYGON((490940.699952 5881210.300000, 490955.475417 5881210.300000, 490955.475417 5881213.181018, 490940.699952 5881213.181018, 490940.699952 5881210.300000))
3; POLYGON((491006.564331 5881210.300000, 491018.558282 5881210.300000, 491018.558282 5881212.079382, 491006.564331 5881212.079382, 491006.564331 5881210.300000))
3; POLYGON((490941.340942 5881210.300000, 490955.801796 5881210.300000, 490955.801796 5881213.019470, 490941.340942 5881213.019470, 490941.340942 5881210.300000))
