4; POLYGON((490072.097635 5882352.824841, 490114.182544 5882352.824841, 490114.182544 5882398.198452, 490072.097635 5882398.198452, 490072.097635 5882352.824841))
3; POLYGON((490053.376926 5882310.300000, 490075.687302 5882310.300000, 490075.687302 5882319.907068, 490053.376926 5882319.907068, 490053.376926 5882310.300000))
3; POLYGON((490053.512555 5882310.300000, 490073.417395 5882310.300000, 490073.417395 5882319.918695, 490053.512555 5882319.918695, 490053.512555 5882310.300000))
4; POLYGON((490037.200000 5882382.545593, 490068.181775 5882382.545593, 490068.181775 5882410.290317, 490037.200000 5882410.290317, 490037.200000 5882382.545593))
3; POLYGON((490053.357704 5882310.300000, 490079.964243 5882310.300000, 490079.964243 5882319.903278, 490053.357704 5882319.903278, 490053.357704 5882310.300000))
4; POLYGON((490041.148367 5882310.300000, 490057.020212 5882310.300000, 490057.020212 5882321.210040, 490041.148367 5882321.210040, 490041.148367 5882310.300000))
3; POLYGON((490053.421840 5882310.300000, 490084.747272 5882310.300000, 490084.747272 5882319.911407, 490053.421840 5882319.911407, 490053.421840 5882310.300000))
4; POLYGON((490037.203171 5882351.252075, 490042.714165 5882351.252075, 490042.714165 5882370.646158, 490037.203171 5882370.646158, 490037.203171 5882351.252075))
4; POLYGON((490037.200000 5882349.707092, 490042.844681 5882349.707092, 490042.844681 5882370.126437, 490037.200000 5882370.126437, 490037.200000 5882349.707092))
3; POLYGON((490131.010718 5882310.300000, 490137.191840 5882310.300000, 490137.191840 5882335.667657, 490131.010718 5882335.667657, 490131.010718 5882310.300000))
3; POLYGON((490131.296716 5882310.300000, 490137.190625 5882310.300000, 490137.190625 5882347.519836, 490131.296716 5882347.519836, 490131.296716 5882310.300000))
4; POLYGON((490037.203714 5882348.547290, 490042.702756 5882348.547290, 490042.702756 5882370.811267, 490037.203714 5882370.811267, 490037.203714 5882348.547290))
3; POLYGON((490131.311517 5882310.309973, 490137.186700 5882310.309973, 490137.186700 5882342.878326, 490131.311517 5882342.878326, 490131.311517 5882310.309973))
3; POLYGON((490130.799335 5882310.300000, 490137.190277 5882310.300000, 490137.190277 5882331.046997, 490130.799335 5882331.046997, 490130.799335 5882310.300000))
3; POLYGON((490132.182666 5882310.300000, 490137.200000 5882310.300000, 490137.200000 5882323.127472, 490132.182666 5882323.127472, 490132.182666 5882310.300000))
3; POLYGON((490132.559210 5882310.310260, 490137.200000 5882310.310260, 490137.200000 5882325.759351, 490132.559210 5882325.759351, 490132.559210 5882310.310260))
4; POLYGON((490037.202655 5882352.871069, 490042.822410 5882352.871069, 490042.822410 5882370.414606, 490037.202655 5882370.414606, 490037.202655 5882352.871069))
