3; POLYGON((490142.321830 5880560.435556, 490167.468845 5880560.435556, 490167.468845 5880607.959487, 490142.321830 5880607.959487, 490142.321830 5880560.435556))
3; POLYGON((490196.980585 5880539.556415, 490226.775342 5880539.556415, 490226.775342 5880571.072989, 490196.980585 5880571.072989, 490196.980585 5880539.556415))
3; POLYGON((490172.569324 5880601.304084, 490205.771527 5880601.304084, 490205.771527 5880610.298214, 490172.569324 5880610.298214, 490172.569324 5880601.304084))
3; POLYGON((490174.070959 5880514.032343, 490191.438641 5880514.032343, 490191.438641 5880532.378839, 490174.070959 5880532.378839, 490174.070959 5880514.032343))
3; POLYGON((490228.969891 5880538.037573, 490237.200000 5880538.037573, 490237.200000 5880555.146350, 490228.969891 5880555.146350, 490228.969891 5880538.037573))
3; POLYGON((490137.208842 5880530.698529, 490140.237093 5880530.698529, 490140.237093 5880549.452112, 490137.208842 5880549.452112, 490137.208842 5880530.698529))
3; POLYGON((490137.208623 5880527.687732, 490140.283982 5880527.687732, 490140.283982 5880549.370276, 490137.208623 5880549.370276, 490137.208623 5880527.687732))
3; POLYGON((490137.209205 5880533.806848, 490140.194990 5880533.806848, 490140.194990 5880549.338434, 490137.209205 5880549.338434, 490137.209205 5880533.806848))
3; POLYGON((490137.206986 5880524.087622, 490140.286535 5880524.087622, 490140.286535 5880549.292328, 490137.206986 5880549.292328, 490137.206986 5880524.087622))
3; POLYGON((490206.644940 5880510.300000, 490216.762311 5880510.300000, 490216.762311 5880517.324475, 490206.644940 5880517.324475, 490206.644940 5880510.300000))
3; POLYGON((490137.206250 5880529.621729, 490140.391123 5880529.621729, 490140.391123 5880549.657886, 490137.206250 5880549.657886, 490137.206250 5880529.621729))
3; POLYGON((490137.207904 5880535.985614, 490140.188812 5880535.985614, 490140.188812 5880549.623059, 490137.207904 5880549.623059, 490137.207904 5880535.985614))
3; POLYGON((490137.206378 5880521.209814, 490140.279997 5880521.209814, 490140.279997 5880549.417255, 490137.206378 5880549.417255, 490137.206378 5880521.209814))
3; POLYGON((490137.204394 5880525.640698, 490140.436940 5880525.640698, 490140.436940 5880549.806873, 490137.204394 5880549.806873, 490137.204394 5880525.640698))
3; POLYGON((490144.676395 5880595.184908, 490148.918338 5880595.184908, 490148.918338 5880601.662674, 490144.676395 5880601.662674, 490144.676395 5880595.184908))
3; POLYGON((490137.204172 5880522.228137, 490140.446455 5880522.228137, 490140.446455 5880549.923309, 490137.204172 5880549.923309, 490137.204172 5880522.228137))
3; POLYGON((490137.209426 5880517.293359, 490140.288514 5880517.293359, 490140.288514 5880549.344135, 490137.209426 5880549.344135, 490137.209426 5880517.293359))
4; POLYGON((490179.594135 5880510.300000, 490199.282312 5880510.300000, 490199.282312 5880526.172449, 490179.594135 5880526.172449, 490179.594135 5880510.300000))
3; POLYGON((490137.204495 5880536.026666, 490140.373903 5880536.026666, 490140.373903 5880552.066467, 490137.204495 5880552.066467, 490137.204495 5880536.026666))
