3; POLYGON((490441.136565 5880930.619476, 490492.335889 5880930.619476, 490492.335889 5880977.881226, 490441.136565 5880977.881226, 490441.136565 5880930.619476))
3; POLYGON((490482.921060 5880956.771887, 490519.702704 5880956.771887, 490519.702704 5880991.649112, 490482.921060 5880991.649112, 490482.921060 5880956.771887))
3; POLYGON((490509.480890 5880983.756216, 490537.190662 5880983.756216, 490537.190662 5881010.300000, 490509.480890 5881010.300000, 490509.480890 5880983.756216))
3; POLYGON((490437.200000 5880910.300000, 490448.668139 5880910.300000, 490448.668139 5880914.859760, 490437.200000 5880914.859760, 490437.200000 5880910.300000))
3; POLYGON((490437.212485 5880910.300000, 490447.534325 5880910.300000, 490447.534325 5880914.767780, 490437.212485 5880914.767780, 490437.212485 5880910.300000))
3; POLYGON((490437.200000 5880910.300000, 490451.070303 5880910.300000, 490451.070303 5880914.896680, 490437.200000 5880914.896680, 490437.200000 5880910.300000))
4; POLYGON((490448.488281 5880977.437045, 490477.391412 5880977.437045, 490477.391412 5881003.854169, 490448.488281 5881003.854169, 490448.488281 5880977.437045))
3; POLYGON((490463.909357 5880995.805948, 490470.704385 5880995.805948, 490470.704385 5881002.743844, 490463.909357 5881002.743844, 490463.909357 5880995.805948))
3; POLYGON((490437.200000 5880910.300000, 490455.367731 5880910.300000, 490455.367731 5880914.938867, 490437.200000 5880914.938867, 490437.200000 5880910.300000))
3; POLYGON((490437.200024 5880910.300000, 490452.535577 5880910.300000, 490452.535577 5880914.785162, 490437.200024 5880914.785162, 490437.200024 5880910.300000))
