4; POLYGON((490637.200000 5880010.490851, 490666.959402 5880010.490851, 490666.959402 5880103.639110, 490637.200000 5880103.639110, 490637.200000 5880010.490851))
1; POLYGON((490665.947168 5880094.841141, 490695.985834 5880094.841141, 490695.985834 5880110.295573, 490665.947168 5880110.295573, 490665.947168 5880094.841141))
4; POLYGON((490645.391400 5880010.389874, 490715.681946 5880010.389874, 490715.681946 5880071.089975, 490645.391400 5880071.089975, 490645.391400 5880010.389874))
1; POLYGON((490707.837152 5880046.422662, 490737.200000 5880046.422662, 490737.200000 5880110.290571, 490707.837152 5880110.290571, 490707.837152 5880046.422662))
1; POLYGON((490704.933820 5880010.300000, 490727.793536 5880010.300000, 490727.793536 5880026.342059, 490704.933820 5880026.342059, 490704.933820 5880010.300000))
2; POLYGON((490686.358078 5880099.823572, 490697.553143 5880099.823572, 490697.553143 5880110.280358, 490686.358078 5880110.280358, 490686.358078 5880099.823572))
4; POLYGON((490658.447676 5880043.054797, 490694.850714 5880043.054797, 490694.850714 5880071.143555, 490658.447676 5880071.143555, 490658.447676 5880043.054797))
4; POLYGON((490705.636920 5880107.329197, 490716.999078 5880107.329197, 490716.999078 5880110.294507, 490705.636920 5880110.294507, 490705.636920 5880107.329197))
4; POLYGON((490712.937164 5880053.110248, 490720.683331 5880053.110248, 490720.683331 5880061.816934, 490712.937164 5880061.816934, 490712.937164 5880053.110248))
1; POLYGON((490684.380420 5880023.092078, 490715.873987 5880023.092078, 490715.873987 5880057.337091, 490684.380420 5880057.337091, 490684.380420 5880023.092078))
2; POLYGON((490709.694073 5880067.289655, 490722.280402 5880067.289655, 490722.280402 5880085.097226, 490709.694073 5880085.097226, 490709.694073 5880067.289655))
1; POLYGON((490707.884955 5880066.326941, 490737.200000 5880066.326941, 490737.200000 5880110.300000, 490707.884955 5880110.300000, 490707.884955 5880066.326941))
2; POLYGON((490721.716650 5880057.248236, 490730.736670 5880057.248236, 490730.736670 5880070.485651, 490721.716650 5880070.485651, 490721.716650 5880057.248236))
