3; POLYGON((488657.812418 5881716.627692, 488665.708734 5881716.627692, 488665.708734 5881723.213458, 488657.812418 5881723.213458, 488657.812418 5881716.627692))
3; POLYGON((488643.332334 5881746.658777, 488657.927206 5881746.658777, 488657.927206 5881758.671570, 488643.332334 5881758.671570, 488643.332334 5881746.658777))
3; POLYGON((488724.097009 5881758.241943, 488737.200000 5881758.241943, 488737.200000 5881769.881549, 488724.097009 5881769.881549, 488724.097009 5881758.241943))
3; POLYGON((488647.321036 5881721.198810, 488663.584644 5881721.198810, 488663.584644 5881734.840021, 488647.321036 5881734.840021, 488647.321036 5881721.198810))
3; POLYGON((488657.674796 5881716.147479, 488665.870441 5881716.147479, 488665.870441 5881723.157257, 488657.674796 5881723.157257, 488657.674796 5881716.147479))
3; POLYGON((488714.441144 5881767.212817, 488735.139972 5881767.212817, 488735.139972 5881782.503055, 488714.441144 5881782.503055, 488714.441144 5881767.212817))
4; POLYGON((488645.369498 5881759.952795, 488655.801884 5881759.952795, 488655.801884 5881773.683945, 488645.369498 5881773.683945, 488645.369498 5881759.952795))
4; POLYGON((488667.933078 5881766.669580, 488683.104663 5881766.669580, 488683.104663 5881790.412695, 488667.933078 5881790.412695, 488667.933078 5881766.669580))
3; POLYGON((488698.525183 5881782.606030, 488708.600415 5881782.606030, 488708.600415 5881792.210355, 488698.525183 5881792.210355, 488698.525183 5881782.606030))
3; POLYGON((488643.683110 5881732.711914, 488661.147842 5881732.711914, 488661.147842 5881746.359863, 488643.683110 5881746.359863, 488643.683110 5881732.711914))
3; POLYGON((488723.564636 5881744.724786, 488737.200000 5881744.724786, 488737.200000 5881759.119641, 488723.564636 5881759.119641, 488723.564636 5881744.724786))
3; POLYGON((488723.588251 5881743.055426, 488737.200000 5881743.055426, 488737.200000 5881759.113846, 488723.588251 5881759.113846, 488723.588251 5881743.055426))
3; POLYGON((488658.894569 5881788.627440, 488686.507523 5881788.627440, 488686.507523 5881810.300000, 488658.894569 5881810.300000, 488658.894569 5881788.627440))
