3; POLYGON((488430.724951 5880737.759753, 488437.200000 5880737.759753, 488437.200000 5880751.198907, 488430.724951 5880751.198907, 488430.724951 5880737.759753))
3; POLYGON((488434.485303 5880718.612805, 488437.200000 5880718.612805, 488437.200000 5880732.983984, 488434.485303 5880732.983984, 488434.485303 5880718.612805))
3; POLYGON((488337.215735 5880750.595734, 488344.564071 5880750.595734, 488344.564071 5880810.220487, 488337.215735 5880810.220487, 488337.215735 5880750.595734))
3; POLYGON((488337.407666 5880710.654785, 488367.681366 5880710.654785, 488367.681366 5880807.847808, 488337.407666 5880807.847808, 488337.407666 5880710.654785))
3; POLYGON((488413.428900 5880802.520945, 488437.200000 5880802.520945, 488437.200000 5880810.300000, 488413.428900 5880810.300000, 488413.428900 5880802.520945))
3; POLYGON((488337.217943 5880743.917670, 488344.163399 5880743.917670, 488344.163399 5880810.300000, 488337.217943 5880810.300000, 488337.217943 5880743.917670))
3; POLYGON((488337.219359 5880757.746912, 488344.699688 5880757.746912, 488344.699688 5880810.281952, 488337.219359 5880810.281952, 488337.219359 5880757.746912))
3; POLYGON((488338.733014 5880710.329218, 488369.945844 5880710.329218, 488369.945844 5880807.260348, 488338.733014 5880807.260348, 488338.733014 5880710.329218))
3; POLYGON((488369.013702 5880735.919464, 488394.936224 5880735.919464, 488394.936224 5880797.912415, 488369.013702 5880797.912415, 488369.013702 5880735.919464))
3; POLYGON((488434.722040 5880718.498853, 488437.200000 5880718.498853, 488437.200000 5880732.382428, 488434.722040 5880732.382428, 488434.722040 5880718.498853))
3; POLYGON((488429.379968 5880737.691187, 488437.187158 5880737.691187, 488437.187158 5880756.375012, 488429.379968 5880756.375012, 488429.379968 5880737.691187))
