3; POLYGON((488863.944598 5879910.300000, 488937.197540 5879910.300000, 488937.197540 5879939.133466, 488863.944598 5879939.133466, 488863.944598 5879910.300000))
3; POLYGON((488837.279858 5879968.841730, 488937.200000 5879968.841730, 488937.200000 5880010.058065, 488837.279858 5880010.058065, 488837.279858 5879968.841730))
3; POLYGON((488837.200000 5879921.744336, 488864.360165 5879921.744336, 488864.360165 5879960.703809, 488837.200000 5879960.703809, 488837.200000 5879921.744336))
4; POLYGON((488872.963489 5879954.461700, 488885.633612 5879954.461700, 488885.633612 5879975.400916, 488872.963489 5879975.400916, 488872.963489 5879954.461700))
4; POLYGON((488916.990759 5879940.759717, 488929.534045 5879940.759717, 488929.534045 5879963.403995, 488916.990759 5879963.403995, 488916.990759 5879940.759717))
3; POLYGON((488863.902927 5879914.121613, 488918.618951 5879914.121613, 488918.618951 5879939.093701, 488863.902927 5879939.093701, 488863.902927 5879914.121613))
3; POLYGON((488837.200000 5879921.974585, 488864.185507 5879921.974585, 488864.185507 5879977.707687, 488837.200000 5879977.707687, 488837.200000 5879921.974585))
3; POLYGON((488883.818994 5880000.101351, 488937.200000 5880000.101351, 488937.200000 5880010.290034, 488883.818994 5880010.290034, 488883.818994 5880000.101351))
3; POLYGON((488890.877124 5880000.240695, 488937.200000 5880000.240695, 488937.200000 5880010.290191, 488890.877124 5880010.290191, 488890.877124 5880000.240695))
3; POLYGON((488895.407666 5880000.278960, 488937.200000 5880000.278960, 488937.200000 5880010.289174, 488895.407666 5880010.289174, 488895.407666 5880000.278960))
