4; POLYGON((491137.200000 5881258.170807, 491171.306094 5881258.170807, 491171.306094 5881274.574521, 491137.200000 5881274.574521, 491137.200000 5881258.170807))
4; POLYGON((491180.078281 5881279.302008, 491237.200000 5881279.302008, 491237.200000 5881297.991263, 491180.078281 5881297.991263, 491180.078281 5881279.302008))
4; POLYGON((491144.809271 5881216.457483, 491216.994092 5881216.457483, 491216.994092 5881233.199164, 491144.809271 5881233.199164, 491144.809271 5881216.457483))
4; POLYGON((491137.200000 5881298.116663, 491166.133209 5881298.116663, 491166.133209 5881310.300000, 491137.200000 5881310.300000, 491137.200000 5881298.116663))
4; POLYGON((491226.742004 5881299.952275, 491231.092377 5881299.952275, 491231.092377 5881310.081844, 491226.742004 5881310.081844, 491226.742004 5881299.952275))
4; POLYGON((491138.390829 5881216.455804, 491217.176984 5881216.455804, 491217.176984 5881233.502972, 491138.390829 5881233.502972, 491138.390829 5881216.455804))
4; POLYGON((491218.382916 5881261.534821, 491227.102429 5881261.534821, 491227.102429 5881273.754092, 491218.382916 5881273.754092, 491218.382916 5881261.534821))
4; POLYGON((491209.346051 5881261.784744, 491216.030652 5881261.784744, 491216.030652 5881273.554971, 491209.346051 5881273.554971, 491209.346051 5881261.784744))
4; POLYGON((491179.991293 5881261.492844, 491237.200000 5881261.492844, 491237.200000 5881297.850536, 491179.991293 5881297.850536, 491179.991293 5881261.492844))
4; POLYGON((491137.200000 5881295.130223, 491166.196906 5881295.130223, 491166.196906 5881310.294728, 491137.200000 5881310.294728, 491137.200000 5881295.130223))
4; POLYGON((491198.407825 5881262.143079, 491205.084381 5881262.143079, 491205.084381 5881274.457458, 491198.407825 5881274.457458, 491198.407825 5881262.143079))
