3; POLYGON((489877.677872 5882532.176251, 489914.578839 5882532.176251, 489914.578839 5882578.084378, 489877.677872 5882578.084378, 489877.677872 5882532.176251))
3; POLYGON((489837.200000 5882557.945776, 489853.940154 5882557.945776, 489853.940154 5882578.719101, 489837.200000 5882578.719101, 489837.200000 5882557.945776))
3; POLYGON((489901.259387 5882549.646533, 489937.200000 5882549.646533, 489937.200000 5882599.674674, 489901.259387 5882599.674674, 489901.259387 5882549.646533))
3; POLYGON((489837.200000 5882512.540637, 489874.390683 5882512.540637, 489874.390683 5882546.529926, 489837.200000 5882546.529926, 489837.200000 5882512.540637))
3; POLYGON((489909.329913 5882510.300000, 489930.816101 5882510.300000, 489930.816101 5882523.748938, 489909.329913 5882523.748938, 489909.329913 5882510.300000))
3; POLYGON((489848.983208 5882597.579860, 489875.397501 5882597.579860, 489875.397501 5882610.299028, 489848.983208 5882610.299028, 489848.983208 5882597.579860))
3; POLYGON((489925.121722 5882597.280429, 489937.200000 5882597.280429, 489937.200000 5882610.291100, 489925.121722 5882610.291100, 489925.121722 5882597.280429))
3; POLYGON((489881.954776 5882608.662230, 489895.665253 5882608.662230, 489895.665253 5882610.297403, 489881.954776 5882610.297403, 489881.954776 5882608.662230))
3; POLYGON((489924.108527 5882598.136357, 489937.200000 5882598.136357, 489937.200000 5882610.288386, 489924.108527 5882610.288386, 489924.108527 5882598.136357))
3; POLYGON((489840.569981 5882597.567617, 489875.409811 5882597.567617, 489875.409811 5882610.285242, 489840.569981 5882610.285242, 489840.569981 5882597.567617))
3; POLYGON((489925.696417 5882595.158775, 489937.197656 5882595.158775, 489937.197656 5882610.300000, 489925.696417 5882610.300000, 489925.696417 5882595.158775))
3; POLYGON((489882.702274 5882608.540847, 489896.897321 5882608.540847, 489896.897321 5882610.295118, 489882.702274 5882610.295118, 489882.702274 5882608.540847))
4; POLYGON((489909.448169 5882520.362018, 489937.200000 5882520.362018, 489937.200000 5882545.264575, 489909.448169 5882545.264575, 489909.448169 5882520.362018))
3; POLYGON((489926.538727 5882592.640691, 489937.192700 5882592.640691, 489937.192700 5882610.296857, 489926.538727 5882610.296857, 489926.538727 5882592.640691))
3; POLYGON((489882.611954 5882608.562469, 489895.705225 5882608.562469, 489895.705225 5882610.298396, 489882.611954 5882610.298396, 489882.611954 5882608.562469))
3; POLYGON((489882.131451 5882608.337430, 489895.960968 5882608.337430, 489895.960968 5882610.300000, 489882.131451 5882610.300000, 489882.131451 5882608.337430))
3; POLYGON((489924.819836 5882592.461234, 489937.200000 5882592.461234, 489937.200000 5882610.300000, 489924.819836 5882610.300000, 489924.819836 5882592.461234))
