3; POLYGON((491807.282544 5880110.318555, 491837.200000 5880110.318555, 491837.200000 5880128.926721, 491807.282544 5880128.926721, 491807.282544 5880110.318555))
4; POLYGON((491754.771626 5880183.774396, 491816.747589 5880183.774396, 491816.747589 5880206.758620, 491754.771626 5880206.758620, 491754.771626 5880183.774396))
4; POLYGON((491771.512509 5880155.485474, 491832.738751 5880155.485474, 491832.738751 5880185.301062, 491771.512509 5880185.301062, 491771.512509 5880155.485474))
4; POLYGON((491737.209647 5880130.168939, 491753.505835 5880130.168939, 491753.505835 5880142.130994, 491737.209647 5880142.130994, 491737.209647 5880130.168939))
4; POLYGON((491794.215485 5880110.300000, 491805.058142 5880110.300000, 491805.058142 5880119.755981, 491794.215485 5880119.755981, 491794.215485 5880110.300000))
3; POLYGON((491835.054980 5880133.195831, 491837.200000 5880133.195831, 491837.200000 5880147.499799, 491835.054980 5880147.499799, 491835.054980 5880133.195831))
3; POLYGON((491835.142371 5880134.054663, 491837.200000 5880134.054663, 491837.200000 5880147.437262, 491835.142371 5880147.437262, 491835.142371 5880134.054663))
4; POLYGON((491737.205968 5880159.547958, 491740.599606 5880159.547958, 491740.599606 5880171.275882, 491737.205968 5880171.275882, 491737.205968 5880159.547958))
3; POLYGON((491835.084888 5880129.097070, 491837.200000 5880129.097070, 491837.200000 5880147.140607, 491835.084888 5880147.140607, 491835.084888 5880129.097070))
3; POLYGON((491834.945807 5880126.684192, 491837.197552 5880126.684192, 491837.197552 5880147.627448, 491834.945807 5880147.627448, 491834.945807 5880126.684192))
3; POLYGON((491834.920117 5880133.145282, 491837.190436 5880133.145282, 491837.190436 5880149.499213, 491834.920117 5880149.499213, 491834.920117 5880133.145282))
