4; POLYGON((491393.787622 5881117.442480, 491425.954150 5881117.442480, 491425.954150 5881133.402954, 491393.787622 5881133.402954, 491393.787622 5881117.442480))
4; POLYGON((491404.175720 5881169.756976, 491418.729205 5881169.756976, 491418.729205 5881187.877084, 491404.175720 5881187.877084, 491404.175720 5881169.756976))
4; POLYGON((491338.841145 5881197.250310, 491355.559863 5881197.250310, 491355.559863 5881210.300000, 491338.841145 5881210.300000, 491338.841145 5881197.250310))
4; POLYGON((491407.585681 5881165.514163, 491437.200000 5881165.514163, 491437.200000 5881208.344914, 491407.585681 5881208.344914, 491407.585681 5881165.514163))
4; POLYGON((491337.200000 5881179.312637, 491355.015923 5881179.312637, 491355.015923 5881204.485126, 491337.200000 5881204.485126, 491337.200000 5881179.312637))
4; POLYGON((491393.552789 5881110.300000, 491425.426709 5881110.300000, 491425.426709 5881117.373358, 491393.552789 5881117.373358, 491393.552789 5881110.300000))
4; POLYGON((491337.275173 5881143.613013, 491354.435197 5881143.613013, 491354.435197 5881177.829318, 491337.275173 5881177.829318, 491337.275173 5881143.613013))
4; POLYGON((491391.784857 5881139.761841, 491407.957001 5881139.761841, 491407.957001 5881169.241626, 491391.784857 5881169.241626, 491391.784857 5881139.761841))
4; POLYGON((491412.183936 5881165.443674, 491437.200000 5881165.443674, 491437.200000 5881208.720447, 491412.183936 5881208.720447, 491412.183936 5881165.443674))
4; POLYGON((491432.975208 5881110.415253, 491437.200000 5881110.415253, 491437.200000 5881125.992975, 491432.975208 5881125.992975, 491432.975208 5881110.415253))
4; POLYGON((491337.202830 5881143.518359, 491346.343840 5881143.518359, 491346.343840 5881160.592908, 491337.202830 5881160.592908, 491337.202830 5881143.518359))
4; POLYGON((491432.777783 5881140.345233, 491437.200000 5881140.345233, 491437.200000 5881149.851672, 491432.777783 5881149.851672, 491432.777783 5881140.345233))
4; POLYGON((491361.577390 5881208.138862, 491370.800742 5881208.138862, 491370.800742 5881210.298390, 491361.577390 5881210.298390, 491361.577390 5881208.138862))
4; POLYGON((491433.064813 5881116.686938, 491437.200000 5881116.686938, 491437.200000 5881126.010443, 491433.064813 5881126.010443, 491433.064813 5881116.686938))
4; POLYGON((491361.496497 5881207.752772, 491371.056485 5881207.752772, 491371.056485 5881210.300000, 491361.496497 5881210.300000, 491361.496497 5881207.752772))
4; POLYGON((491361.728972 5881208.061571, 491372.408871 5881208.061571, 491372.408871 5881210.294314, 491361.728972 5881210.294314, 491361.728972 5881208.061571))
