3; POLYGON((491537.265422 5882214.443207, 491551.805847 5882214.443207, 491551.805847 5882226.847961, 491537.265422 5882226.847961, 491537.265422 5882214.443207))
3; POLYGON((491538.492978 5882270.144507, 491553.281236 5882270.144507, 491553.281236 5882282.250891, 491538.492978 5882282.250891, 491538.492978 5882270.144507))
3; POLYGON((491559.587459 5882264.086310, 491579.652634 5882264.086310, 491579.652634 5882285.044948, 491559.587459 5882285.044948, 491559.587459 5882264.086310))
3; POLYGON((491586.161905 5882223.982416, 491619.699109 5882223.982416, 491619.699109 5882246.224664, 491586.161905 5882246.224664, 491586.161905 5882223.982416))
3; POLYGON((491597.479175 5882269.230316, 491619.514343 5882269.230316, 491619.514343 5882282.479892, 491597.479175 5882282.479892, 491597.479175 5882269.230316))
3; POLYGON((491618.776294 5882282.370032, 491622.816034 5882282.370032, 491622.816034 5882288.685226, 491618.776294 5882288.685226, 491618.776294 5882282.370032))
3; POLYGON((491622.797473 5882278.589590, 491627.921259 5882278.589590, 491627.921259 5882288.445107, 491622.797473 5882288.445107, 491622.797473 5882278.589590))
3; POLYGON((491626.992603 5882210.696252, 491637.200000 5882210.696252, 491637.200000 5882234.459406, 491626.992603 5882234.459406, 491626.992603 5882210.696252))
3; POLYGON((491629.823743 5882269.375351, 491637.200000 5882269.375351, 491637.200000 5882281.551984, 491629.823743 5882281.551984, 491629.823743 5882269.375351))
3; POLYGON((491559.602724 5882267.248920, 491579.609921 5882267.248920, 491579.609921 5882284.951166, 491559.602724 5882284.951166, 491559.602724 5882267.248920))
3; POLYGON((491618.578107 5882278.464954, 491627.949030 5882278.464954, 491627.949030 5882288.772627, 491618.578107 5882288.772627, 491618.578107 5882278.464954))
