3; POLYGON((488705.716693 5880226.697809, 488737.200000 5880226.697809, 488737.200000 5880250.627545, 488705.716693 5880250.627545, 488705.716693 5880226.697809))
3; POLYGON((488637.201970 5880212.533655, 488651.159286 5880212.533655, 488651.159286 5880239.862433, 488637.201970 5880239.862433, 488637.201970 5880212.533655))
3; POLYGON((488680.997720 5880219.332086, 488708.641180 5880219.332086, 488708.641180 5880255.626917, 488680.997720 5880255.626917, 488680.997720 5880219.332086))
3; POLYGON((488668.840594 5880210.313489, 488693.262787 5880210.313489, 488693.262787 5880219.222632, 488668.840594 5880219.222632, 488668.840594 5880210.313489))
3; POLYGON((488668.959796 5880210.300000, 488696.503125 5880210.300000, 488696.503125 5880219.288519, 488668.959796 5880219.288519, 488668.959796 5880210.300000))
3; POLYGON((488725.806482 5880210.300000, 488737.200000 5880210.300000, 488737.200000 5880213.480811, 488725.806482 5880213.480811, 488725.806482 5880210.300000))
3; POLYGON((488662.877945 5880258.761414, 488683.244446 5880258.761414, 488683.244446 5880274.868127, 488662.877945 5880274.868127, 488662.877945 5880258.761414))
4; POLYGON((488640.377783 5880283.918253, 488667.778088 5880283.918253, 488667.778088 5880310.201974, 488640.377783 5880310.201974, 488640.377783 5880283.918253))
3; POLYGON((488726.039075 5880210.300000, 488737.200000 5880210.300000, 488737.200000 5880213.803711, 488726.039075 5880213.803711, 488726.039075 5880210.300000))
3; POLYGON((488665.889865 5880238.148975, 488682.202643 5880238.148975, 488682.202643 5880261.205481, 488665.889865 5880261.205481, 488665.889865 5880238.148975))
3; POLYGON((488637.292781 5880244.323853, 488666.254950 5880244.323853, 488666.254950 5880268.889981, 488637.292781 5880268.889981, 488637.292781 5880244.323853))
3; POLYGON((488696.710229 5880262.705972, 488729.982751 5880262.705972, 488729.982751 5880310.300000, 488696.710229 5880310.300000, 488696.710229 5880262.705972))
3; POLYGON((488673.252142 5880279.062793, 488688.180951 5880279.062793, 488688.180951 5880290.466615, 488673.252142 5880290.466615, 488673.252142 5880279.062793))
3; POLYGON((488677.938458 5880291.906638, 488698.731970 5880291.906638, 488698.731970 5880310.299604, 488677.938458 5880310.299604, 488677.938458 5880291.906638))
3; POLYGON((488681.045697 5880219.570709, 488708.175476 5880219.570709, 488708.175476 5880240.966132, 488681.045697 5880240.966132, 488681.045697 5880219.570709))
3; POLYGON((488726.674316 5880210.300000, 488737.200000 5880210.300000, 488737.200000 5880213.125885, 488726.674316 5880213.125885, 488726.674316 5880210.300000))
3; POLYGON((488637.318598 5880238.313470, 488682.888876 5880238.313470, 488682.888876 5880274.572049, 488637.318598 5880274.572049, 488637.318598 5880238.313470))
3; POLYGON((488724.590894 5880210.300000, 488737.200000 5880210.300000, 488737.200000 5880214.044177, 488724.590894 5880214.044177, 488724.590894 5880210.300000))
3; POLYGON((488669.013339 5880210.300000, 488703.335077 5880210.300000, 488703.335077 5880219.253436, 488669.013339 5880219.253436, 488669.013339 5880210.300000))
