2; POLYGON((490568.399991 5880249.465125, 490586.591351 5880249.465125, 490586.591351 5880259.473532, 490568.399991 5880259.473532, 490568.399991 5880249.465125))
1; POLYGON((490537.200000 5880269.563702, 490562.463434 5880269.563702, 490562.463434 5880304.020371, 490537.200000 5880304.020371, 490537.200000 5880269.563702))
4; POLYGON((490549.593194 5880212.470557, 490621.964258 5880212.470557, 490621.964258 5880285.153029, 490549.593194 5880285.153029, 490549.593194 5880212.470557))
2; POLYGON((490586.362552 5880258.522485, 490595.996246 5880258.522485, 490595.996246 5880278.428491, 490586.362552 5880278.428491, 490586.362552 5880258.522485))
2; POLYGON((490576.164572 5880263.839447, 490585.460834 5880263.839447, 490585.460834 5880281.484262, 490576.164572 5880281.484262, 490576.164572 5880263.839447))
1; POLYGON((490546.405636 5880211.798547, 490579.011938 5880211.798547, 490579.011938 5880229.711237, 490546.405636 5880229.711237, 490546.405636 5880211.798547))
2; POLYGON((490586.167575 5880259.732864, 490595.659088 5880259.732864, 490595.659088 5880278.417871, 490586.167575 5880278.417871, 490586.167575 5880259.732864))
2; POLYGON((490558.900392 5880232.480994, 490580.076419 5880232.480994, 490580.076419 5880243.590106, 490558.900392 5880243.590106, 490558.900392 5880232.480994))
4; POLYGON((490549.512006 5880218.182996, 490617.904663 5880218.182996, 490617.904663 5880285.552654, 490549.512006 5880285.552654, 490549.512006 5880218.182996))
2; POLYGON((490575.913007 5880263.778137, 490584.781915 5880263.778137, 490584.781915 5880281.271289, 490575.913007 5880281.271289, 490575.913007 5880263.778137))
1; POLYGON((490537.200000 5880258.801172, 490568.498950 5880258.801172, 490568.498950 5880304.608669, 490537.200000 5880304.608669, 490537.200000 5880258.801172))
1; POLYGON((490550.587549 5880260.215622, 490569.130576 5880260.215622, 490569.130576 5880270.180664, 490550.587549 5880270.180664, 490550.587549 5880260.215622))
4; POLYGON((490627.375385 5880210.300000, 490637.183936 5880210.300000, 490637.183936 5880250.517139, 490627.375385 5880250.517139, 490627.375385 5880210.300000))
4; POLYGON((490627.634595 5880210.300000, 490637.200000 5880210.300000, 490637.200000 5880256.132007, 490627.634595 5880256.132007, 490627.634595 5880210.300000))
4; POLYGON((490627.516156 5880210.300000, 490637.192279 5880210.300000, 490637.192279 5880243.885089, 490627.516156 5880243.885089, 490627.516156 5880210.300000))
4; POLYGON((490627.820264 5880210.300000, 490637.200000 5880210.300000, 490637.200000 5880261.252673, 490627.820264 5880261.252673, 490627.820264 5880210.300000))
4; POLYGON((490627.372015 5880210.300000, 490637.194897 5880210.300000, 490637.194897 5880239.062286, 490627.372015 5880239.062286, 490627.372015 5880210.300000))
1; POLYGON((490537.204455 5880259.086072, 490562.880820 5880259.086072, 490562.880820 5880304.285127, 490537.204455 5880304.285127, 490537.204455 5880259.086072))
