3; POLYGON((488472.029761 5880537.698724, 488486.020572 5880537.698724, 488486.020572 5880555.208966, 488472.029761 5880555.208966, 488472.029761 5880537.698724))
3; POLYGON((488455.774579 5880557.927057, 488537.175928 5880557.927057, 488537.175928 5880591.043845, 488455.774579 5880591.043845, 488455.774579 5880557.927057))
3; POLYGON((488477.895163 5880510.302856, 488537.125916 5880510.302856, 488537.125916 5880528.175043, 488477.895163 5880528.175043, 488477.895163 5880510.302856))
3; POLYGON((488437.211242 5880577.885071, 488448.824227 5880577.885071, 488448.824227 5880598.627159, 488437.211242 5880598.627159, 488437.211242 5880577.885071))
3; POLYGON((488478.940509 5880510.300000, 488515.299927 5880510.300000, 488515.299927 5880528.190051, 488478.940509 5880528.190051, 488478.940509 5880510.300000))
3; POLYGON((488447.062476 5880520.637012, 488467.478455 5880520.637012, 488467.478455 5880561.557721, 488447.062476 5880561.557721, 488447.062476 5880520.637012))
4; POLYGON((488470.506772 5880537.947546, 488527.753265 5880537.947546, 488527.753265 5880559.476648, 488470.506772 5880559.476648, 488470.506772 5880537.947546))
3; POLYGON((488532.281610 5880599.215353, 488537.200000 5880599.215353, 488537.200000 5880610.300000, 488532.281610 5880610.300000, 488532.281610 5880599.215353))
4; POLYGON((488437.205737 5880564.191663, 488443.487787 5880564.191663, 488443.487787 5880575.020328, 488437.205737 5880575.020328, 488437.205737 5880564.191663))
3; POLYGON((488455.641032 5880566.059860, 488513.541736 5880566.059860, 488513.541736 5880590.702391, 488455.641032 5880590.702391, 488455.641032 5880566.059860))
3; POLYGON((488437.210910 5880578.986588, 488448.801739 5880578.986588, 488448.801739 5880600.770386, 488437.210910 5880600.770386, 488437.210910 5880578.986588))
