4; POLYGON((491169.244818 5882310.300000, 491211.726282 5882310.300000, 491211.726282 5882336.941589, 491169.244818 5882336.941589, 491169.244818 5882310.300000))
4; POLYGON((491180.526746 5882390.950795, 491237.200000 5882390.950795, 491237.200000 5882410.282561, 491180.526746 5882410.282561, 491180.526746 5882390.950795))
4; POLYGON((491139.003781 5882351.530609, 491186.964081 5882351.530609, 491186.964081 5882388.615450, 491139.003781 5882388.615450, 491139.003781 5882351.530609))
4; POLYGON((491181.607468 5882325.347314, 491233.039679 5882325.347314, 491233.039679 5882360.022461, 491181.607468 5882360.022461, 491181.607468 5882325.347314))
4; POLYGON((491151.428018 5882331.210901, 491170.653592 5882331.210901, 491170.653592 5882350.128674, 491151.428018 5882350.128674, 491151.428018 5882331.210901))
4; POLYGON((491234.538959 5882312.489618, 491237.200000 5882312.489618, 491237.200000 5882329.244910, 491234.538959 5882329.244910, 491234.538959 5882312.489618))
4; POLYGON((491234.317059 5882311.791705, 491237.200000 5882311.791705, 491237.200000 5882330.270813, 491234.317059 5882330.270813, 491234.317059 5882311.791705))
4; POLYGON((491234.740100 5882312.721887, 491237.200000 5882312.721887, 491237.200000 5882330.823981, 491234.740100 5882330.823981, 491234.740100 5882312.721887))
4; POLYGON((491234.281665 5882312.464691, 491237.200000 5882312.464691, 491237.200000 5882331.583527, 491234.281665 5882331.583527, 491234.281665 5882312.464691))
4; POLYGON((491234.309918 5882311.267291, 491237.200000 5882311.267291, 491237.200000 5882328.898120, 491234.309918 5882328.898120, 491234.309918 5882311.267291))
4; POLYGON((491234.470435 5882311.580084, 491237.192413 5882311.580084, 491237.192413 5882332.148187, 491234.470435 5882332.148187, 491234.470435 5882311.580084))
4; POLYGON((491234.258777 5882312.462549, 491237.200000 5882312.462549, 491237.200000 5882334.122919, 491234.258777 5882334.122919, 491234.258777 5882312.462549))
4; POLYGON((491234.583423 5882311.642792, 491237.200000 5882311.642792, 491237.200000 5882328.023328, 491234.583423 5882328.023328, 491234.583423 5882311.642792))
