3; POLYGON((490986.290866 5881710.300000, 491003.351788 5881710.300000, 491003.351788 5881719.762158, 490986.290866 5881719.762158, 490986.290866 5881710.300000))
3; POLYGON((490964.406592 5881710.300000, 490978.806357 5881710.300000, 490978.806357 5881721.543268, 490964.406592 5881721.543268, 490964.406592 5881710.300000))
3; POLYGON((490983.387625 5881779.273520, 491002.623938 5881779.273520, 491002.623938 5881797.801911, 490983.387625 5881797.801911, 490983.387625 5881779.273520))
3; POLYGON((490967.060931 5881798.848310, 490984.156622 5881798.848310, 490984.156622 5881810.300000, 490967.060931 5881810.300000, 490967.060931 5881798.848310))
3; POLYGON((490937.204599 5881773.156766, 490942.350399 5881773.156766, 490942.350399 5881788.122572, 490937.204599 5881788.122572, 490937.204599 5881773.156766))
3; POLYGON((491033.753784 5881798.244901, 491037.200000 5881798.244901, 491037.200000 5881810.300000, 491033.753784 5881810.300000, 491033.753784 5881798.244901))
3; POLYGON((490937.274996 5881713.406696, 490959.990092 5881713.406696, 490959.990092 5881731.557666, 490937.274996 5881731.557666, 490937.274996 5881713.406696))
3; POLYGON((491020.381470 5881805.923241, 491033.773621 5881805.923241, 491033.773621 5881810.294260, 491020.381470 5881810.294260, 491020.381470 5881805.923241))
3; POLYGON((491005.348444 5881752.571405, 491025.845667 5881752.571405, 491025.845667 5881763.137888, 491005.348444 5881763.137888, 491005.348444 5881752.571405))
3; POLYGON((491033.643005 5881799.101321, 491037.200000 5881799.101321, 491037.200000 5881810.300000, 491033.643005 5881810.300000, 491033.643005 5881799.101321))
3; POLYGON((490948.896526 5881759.165411, 490961.824879 5881759.165411, 490961.824879 5881773.164771, 490948.896526 5881773.164771, 490948.896526 5881759.165411))
3; POLYGON((490947.386330 5881713.484003, 490960.005585 5881713.484003, 490960.005585 5881728.117084, 490947.386330 5881728.117084, 490947.386330 5881713.484003))
3; POLYGON((490937.205261 5881717.372180, 490941.018901 5881717.372180, 490941.018901 5881730.841187, 490937.205261 5881730.841187, 490937.205261 5881717.372180))
