3; POLYGON((491853.393378 5881247.082526, 491903.671014 5881247.082526, 491903.671014 5881285.282132, 491853.393378 5881285.282132, 491853.393378 5881247.082526))
4; POLYGON((491872.076089 5881245.841040, 491882.057327 5881245.841040, 491882.057327 5881255.752466, 491872.076089 5881255.752466, 491872.076089 5881245.841040))
4; POLYGON((491906.250616 5881210.300000, 491937.200000 5881210.300000, 491937.200000 5881223.434033, 491906.250616 5881223.434033, 491906.250616 5881210.300000))
3; POLYGON((491837.202646 5881210.300000, 491848.710259 5881210.300000, 491848.710259 5881228.519250, 491837.202646 5881228.519250, 491837.202646 5881210.300000))
3; POLYGON((491837.207719 5881210.300000, 491848.536298 5881210.300000, 491848.536298 5881236.349213, 491837.207719 5881236.349213, 491837.207719 5881210.300000))
3; POLYGON((491925.769995 5881255.659369, 491937.200000 5881255.659369, 491937.200000 5881302.928885, 491925.769995 5881302.928885, 491925.769995 5881255.659369))
3; POLYGON((491837.205568 5881210.300000, 491848.172804 5881210.300000, 491848.172804 5881230.392743, 491837.205568 5881230.392743, 491837.205568 5881210.300000))
3; POLYGON((491837.209833 5881210.329486, 491849.122089 5881210.329486, 491849.122089 5881239.428925, 491837.209833 5881239.428925, 491837.209833 5881210.329486))
3; POLYGON((491925.784570 5881261.364267, 491937.200000 5881261.364267, 491937.200000 5881303.015437, 491925.784570 5881303.015437, 491925.784570 5881261.364267))
3; POLYGON((491837.200000 5881210.330548, 491851.995555 5881210.330548, 491851.995555 5881239.784430, 491837.200000 5881239.784430, 491837.200000 5881210.330548))
