3; POLYGON((489341.743692 5882124.584845, 489367.082663 5882124.584845, 489367.082663 5882146.584436, 489341.743692 5882146.584436, 489341.743692 5882124.584845))
3; POLYGON((489337.200000 5882164.795142, 489351.060890 5882164.795142, 489351.060890 5882186.089119, 489337.200000 5882186.089119, 489337.200000 5882164.795142))
3; POLYGON((489391.676715 5882206.710983, 489403.939001 5882206.710983, 489403.939001 5882210.294507, 489391.676715 5882210.294507, 489391.676715 5882206.710983))
3; POLYGON((489428.706824 5882191.954317, 489437.200000 5882191.954317, 489437.200000 5882209.040456, 489428.706824 5882209.040456, 489428.706824 5882191.954317))
3; POLYGON((489403.097534 5882193.707715, 489424.154614 5882193.707715, 489424.154614 5882210.235323, 489403.097534 5882210.235323, 489403.097534 5882193.707715))
3; POLYGON((489372.319330 5882142.831677, 489394.631372 5882142.831677, 489394.631372 5882163.603574, 489372.319330 5882163.603574, 489372.319330 5882142.831677))
3; POLYGON((489385.565210 5882110.300000, 489434.056683 5882110.300000, 489434.056683 5882122.967993, 489385.565210 5882122.967993, 489385.565210 5882110.300000))
3; POLYGON((489380.191830 5882110.300000, 489434.187646 5882110.300000, 489434.187646 5882122.967993, 489380.191830 5882122.967993, 489380.191830 5882110.300000))
2; POLYGON((489375.124902 5882142.494055, 489382.045746 5882142.494055, 489382.045746 5882149.533179, 489375.124902 5882149.533179, 489375.124902 5882142.494055))
3; POLYGON((489391.766882 5882110.300000, 489433.836371 5882110.300000, 489433.836371 5882123.023425, 489391.766882 5882123.023425, 489391.766882 5882110.300000))
3; POLYGON((489350.081961 5882152.511682, 489367.863718 5882152.511682, 489367.863718 5882179.843768, 489350.081961 5882179.843768, 489350.081961 5882152.511682))
3; POLYGON((489337.209798 5882118.880151, 489339.909120 5882118.880151, 489339.909120 5882135.272504, 489337.209798 5882135.272504, 489337.209798 5882118.880151))
2; POLYGON((489374.711722 5882140.582166, 489386.188870 5882140.582166, 489386.188870 5882149.871454, 489374.711722 5882149.871454, 489374.711722 5882140.582166))
3; POLYGON((489350.269469 5882159.729486, 489367.924268 5882159.729486, 489367.924268 5882179.817798, 489350.269469 5882179.817798, 489350.269469 5882159.729486))
3; POLYGON((489424.945129 5882203.419433, 489433.456659 5882203.419433, 489433.456659 5882210.300000, 489424.945129 5882210.300000, 489424.945129 5882203.419433))
3; POLYGON((489337.208711 5882118.508344, 489340.034096 5882118.508344, 489340.034096 5882133.932129, 489337.208711 5882133.932129, 489337.208711 5882118.508344))
