3; POLYGON((488437.200000 5880718.975507, 488448.267923 5880718.975507, 488448.267923 5880732.360187, 488437.200000 5880732.360187, 488437.200000 5880718.975507))
3; POLYGON((488437.338533 5880782.444241, 488537.007611 5880782.444241, 488537.007611 5880810.246573, 488437.338533 5880810.246573, 488437.338533 5880782.444241))
3; POLYGON((488437.205328 5880737.163770, 488441.039277 5880737.163770, 488441.039277 5880755.630719, 488437.205328 5880755.630719, 488437.205328 5880737.163770))
3; POLYGON((488523.744470 5880747.657452, 488537.200000 5880747.657452, 488537.200000 5880767.504013, 488523.744470 5880767.504013, 488523.744470 5880747.657452))
3; POLYGON((488437.205490 5880737.083337, 488441.120693 5880737.083337, 488441.120693 5880751.022980, 488437.205490 5880751.022980, 488437.205490 5880737.083337))
3; POLYGON((488437.206725 5880737.312732, 488441.104697 5880737.312732, 488441.104697 5880753.467072, 488437.206725 5880753.467072, 488437.206725 5880737.312732))
3; POLYGON((488437.205610 5880737.203894, 488441.094396 5880737.203894, 488441.094396 5880758.606268, 488437.205610 5880758.606268, 488437.205610 5880737.203894))
3; POLYGON((488452.464781 5880710.548474, 488483.342883 5880710.548474, 488483.342883 5880779.568585, 488452.464781 5880779.568585, 488452.464781 5880710.548474))
4; POLYGON((488439.158880 5880742.001721, 488455.026767 5880742.001721, 488455.026767 5880764.265762, 488439.158880 5880764.265762, 488439.158880 5880742.001721))
4; POLYGON((488518.900189 5880710.300000, 488537.046204 5880710.300000, 488537.046204 5880722.730695, 488518.900189 5880722.730695, 488518.900189 5880710.300000))
3; POLYGON((488486.655704 5880710.315973, 488512.378632 5880710.315973, 488512.378632 5880765.613477, 488486.655704 5880765.613477, 488486.655704 5880710.315973))
