3; POLYGON((489795.484412 5881884.810085, 489816.648853 5881884.810085, 489816.648853 5881905.223884, 489795.484412 5881905.223884, 489795.484412 5881884.810085))
3; POLYGON((489813.137994 5881858.467529, 489837.200000 5881858.467529, 489837.200000 5881891.288342, 489813.137994 5881891.288342, 489813.137994 5881858.467529))
3; POLYGON((489818.915564 5881810.300000, 489836.531335 5881810.300000, 489836.531335 5881813.943640, 489818.915564 5881813.943640, 489818.915564 5881810.300000))
3; POLYGON((489737.244496 5881810.300000, 489755.613390 5881810.300000, 489755.613390 5881813.021173, 489737.244496 5881813.021173, 489737.244496 5881810.300000))
3; POLYGON((489772.190976 5881833.113269, 489799.282977 5881833.113269, 489799.282977 5881848.099664, 489772.190976 5881848.099664, 489772.190976 5881833.113269))
3; POLYGON((489737.213180 5881813.395764, 489752.811894 5881813.395764, 489752.811894 5881899.082371, 489737.213180 5881899.082371, 489737.213180 5881813.395764))
3; POLYGON((489760.001625 5881849.517761, 489785.994009 5881849.517761, 489785.994009 5881910.138603, 489760.001625 5881910.138603, 489760.001625 5881849.517761))
3; POLYGON((489766.467667 5881849.528278, 489785.860324 5881849.528278, 489785.860324 5881883.068512, 489766.467667 5881883.068512, 489766.467667 5881849.528278))
3; POLYGON((489737.200000 5881812.972736, 489753.160382 5881812.972736, 489753.160382 5881889.926147, 489737.200000 5881889.926147, 489737.200000 5881812.972736))
3; POLYGON((489737.200000 5881810.300000, 489755.509094 5881810.300000, 489755.509094 5881813.306500, 489737.200000 5881813.306500, 489737.200000 5881810.300000))
3; POLYGON((489737.211680 5881810.300000, 489754.919142 5881810.300000, 489754.919142 5881812.769507, 489737.211680 5881812.769507, 489737.211680 5881810.300000))
