4; POLYGON((488209.753210 5881546.831598, 488237.200000 5881546.831598, 488237.200000 5881580.351398, 488209.753210 5881580.351398, 488209.753210 5881546.831598))
3; POLYGON((488222.823822 5881566.325500, 488237.200000 5881566.325500, 488237.200000 5881608.804418, 488222.823822 5881608.804418, 488222.823822 5881566.325500))
3; POLYGON((488137.222048 5881537.159283, 488162.393820 5881537.159283, 488162.393820 5881580.842023, 488137.222048 5881580.842023, 488137.222048 5881537.159283))
3; POLYGON((488207.522845 5881510.303510, 488237.200000 5881510.303510, 488237.200000 5881529.551086, 488207.522845 5881529.551086, 488207.522845 5881510.303510))
3; POLYGON((488151.440831 5881510.300000, 488177.969818 5881510.300000, 488177.969818 5881518.607355, 488151.440831 5881518.607355, 488151.440831 5881510.300000))
3; POLYGON((488222.833069 5881566.409784, 488237.200000 5881566.409784, 488237.200000 5881603.821600, 488222.833069 5881603.821600, 488222.833069 5881566.409784))
3; POLYGON((488164.062936 5881588.401476, 488194.811115 5881588.401476, 488194.811115 5881610.296386, 488164.062936 5881610.296386, 488164.062936 5881588.401476))
3; POLYGON((488137.200000 5881523.545685, 488162.534560 5881523.545685, 488162.534560 5881580.517227, 488137.200000 5881580.517227, 488137.200000 5881523.545685))
3; POLYGON((488154.663235 5881510.300000, 488177.043997 5881510.300000, 488177.043997 5881518.611542, 488154.663235 5881518.611542, 488154.663235 5881510.300000))
4; POLYGON((488167.540802 5881510.300000, 488217.437933 5881510.300000, 488217.437933 5881550.730774, 488167.540802 5881550.730774, 488167.540802 5881510.300000))
4; POLYGON((488183.231610 5881522.302246, 488217.345648 5881522.302246, 488217.345648 5881550.595782, 488183.231610 5881550.595782, 488183.231610 5881522.302246))
3; POLYGON((488137.200000 5881517.096686, 488162.540260 5881517.096686, 488162.540260 5881580.388071, 488137.200000 5881580.388071, 488137.200000 5881517.096686))
3; POLYGON((488150.891864 5881510.318652, 488186.594415 5881510.318652, 488186.594415 5881518.610229, 488150.891864 5881518.610229, 488150.891864 5881510.318652))
3; POLYGON((488147.030122 5881510.300000, 488177.484607 5881510.300000, 488177.484607 5881518.648193, 488147.030122 5881518.648193, 488147.030122 5881510.300000))
