4; POLYGON((490837.203994 5879910.421948, 490869.121701 5879910.421948, 490869.121701 5879987.376666, 490837.203994 5879987.376666, 490837.203994 5879910.421948))
4; POLYGON((490895.309399 5879973.520789, 490937.200000 5879973.520789, 490937.200000 5880010.300000, 490895.309399 5880010.300000, 490895.309399 5879973.520789))
2; POLYGON((490841.940318 5880005.072803, 490853.332405 5880005.072803, 490853.332405 5880010.300000, 490841.940318 5880010.300000, 490841.940318 5880005.072803))
2; POLYGON((490843.133812 5880005.188358, 490853.309474 5880005.188358, 490853.309474 5880010.296096, 490843.133812 5880010.296096, 490843.133812 5880005.188358))
3; POLYGON((490920.193982 5879941.224219, 490937.200000 5879941.224219, 490937.200000 5879967.719406, 490920.193982 5879967.719406, 490920.193982 5879941.224219))
2; POLYGON((490844.041383 5880005.038969, 490853.399585 5880005.038969, 490853.399585 5880010.293873, 490844.041383 5880010.293873, 490844.041383 5880005.038969))
4; POLYGON((490837.213968 5879993.349738, 490867.023532 5879993.349738, 490867.023532 5880010.259062, 490837.213968 5880010.259062, 490837.213968 5879993.349738))
2; POLYGON((490838.446270 5880005.131337, 490853.490765 5880005.131337, 490853.490765 5880010.300000, 490838.446270 5880010.300000, 490838.446270 5880005.131337))
4; POLYGON((490837.200000 5879993.437692, 490871.141602 5879993.437692, 490871.141602 5880010.300000, 490837.200000 5880010.300000, 490837.200000 5879993.437692))
4; POLYGON((490920.146472 5879941.368378, 490937.200000 5879941.368378, 490937.200000 5879969.694388, 490920.146472 5879969.694388, 490920.146472 5879941.368378))
4; POLYGON((490879.346429 5879910.300000, 490914.476453 5879910.300000, 490914.476453 5879923.626520, 490879.346429 5879923.626520, 490879.346429 5879910.300000))
2; POLYGON((490866.784854 5879999.501392, 490875.287466 5879999.501392, 490875.287466 5880007.315899, 490866.784854 5880007.315899, 490866.784854 5879999.501392))
4; POLYGON((490878.282690 5879910.300000, 490936.524652 5879910.300000, 490936.524652 5879923.597839, 490878.282690 5879923.597839, 490878.282690 5879910.300000))
2; POLYGON((490839.886777 5880005.251450, 490853.457315 5880005.251450, 490853.457315 5880010.293955, 490839.886777 5880010.293955, 490839.886777 5880005.251450))
4; POLYGON((490920.020709 5879941.258875, 490937.196191 5879941.258875, 490937.196191 5879978.015628, 490920.020709 5879978.015628, 490920.020709 5879941.258875))
4; POLYGON((490878.662177 5879910.300000, 490929.891772 5879910.300000, 490929.891772 5879923.591388, 490878.662177 5879923.591388, 490878.662177 5879910.300000))
4; POLYGON((490837.204774 5879910.500189, 490862.800742 5879910.500189, 490862.800742 5879946.871991, 490837.204774 5879946.871991, 490837.204774 5879910.500189))
