4; POLYGON((488677.644077 5880110.340607, 488719.139563 5880110.340607, 488719.139563 5880133.062134, 488677.644077 5880133.062134, 488677.644077 5880110.340607))
3; POLYGON((488668.802328 5880190.379388, 488695.871106 5880190.379388, 488695.871106 5880210.291141, 488668.802328 5880210.291141, 488668.802328 5880190.379388))
3; POLYGON((488680.303348 5880149.155261, 488710.718103 5880149.155261, 488710.718103 5880187.373189, 488680.303348 5880187.373189, 488680.303348 5880149.155261))
3; POLYGON((488637.200000 5880110.797974, 488650.551718 5880110.797974, 488650.551718 5880148.217865, 488637.200000 5880148.217865, 488637.200000 5880110.797974))
3; POLYGON((488651.527716 5880110.300000, 488676.623331 5880110.300000, 488676.623331 5880126.933398, 488651.527716 5880126.933398, 488651.527716 5880110.300000))
4; POLYGON((488698.883411 5880182.340723, 488715.739581 5880182.340723, 488715.739581 5880199.279527, 488698.883411 5880199.279527, 488698.883411 5880182.340723))
3; POLYGON((488710.328650 5880162.910550, 488737.200000 5880162.910550, 488737.200000 5880193.531200, 488710.328650 5880193.531200, 488710.328650 5880162.910550))
3; POLYGON((488680.213412 5880149.289478, 488705.891547 5880149.289478, 488705.891547 5880176.831238, 488680.213412 5880176.831238, 488680.213412 5880149.289478))
3; POLYGON((488709.729230 5880110.302362, 488737.200000 5880110.302362, 488737.200000 5880147.436603, 488709.729230 5880147.436603, 488709.729230 5880110.302362))
3; POLYGON((488708.686420 5880110.339105, 488737.189575 5880110.339105, 488737.189575 5880155.304944, 488708.686420 5880155.304944, 488708.686420 5880110.339105))
3; POLYGON((488725.879199 5880196.495300, 488737.200000 5880196.495300, 488737.200000 5880210.280606, 488725.879199 5880210.280606, 488725.879199 5880196.495300))
