3; POLYGON((490708.276807 5881741.963232, 490729.946478 5881741.963232, 490729.946478 5881764.207806, 490708.276807 5881764.207806, 490708.276807 5881741.963232))
3; POLYGON((490721.234045 5881719.937970, 490737.200000 5881719.937970, 490737.200000 5881741.943420, 490721.234045 5881741.943420, 490721.234045 5881719.937970))
3; POLYGON((490637.213757 5881740.377484, 490666.556305 5881740.377484, 490666.556305 5881760.428317, 490637.213757 5881760.428317, 490637.213757 5881740.377484))
3; POLYGON((490672.050739 5881786.251491, 490702.287122 5881786.251491, 490702.287122 5881810.300000, 490672.050739 5881810.300000, 490672.050739 5881786.251491))
3; POLYGON((490657.272157 5881710.303888, 490667.329059 5881710.303888, 490667.329059 5881714.489478, 490657.272157 5881714.489478, 490657.272157 5881710.303888))
3; POLYGON((490645.994191 5881711.572827, 490651.115369 5881711.572827, 490651.115369 5881718.482892, 490645.994191 5881718.482892, 490645.994191 5881711.572827))
3; POLYGON((490724.302100 5881802.440976, 490737.200000 5881802.440976, 490737.200000 5881810.294475, 490724.302100 5881810.294475, 490724.302100 5881802.440976))
3; POLYGON((490670.820868 5881710.300000, 490687.977502 5881710.300000, 490687.977502 5881722.394348, 490670.820868 5881722.394348, 490670.820868 5881710.300000))
3; POLYGON((490662.862045 5881808.802417, 490676.224344 5881808.802417, 490676.224344 5881810.298523, 490662.862045 5881810.298523, 490662.862045 5881808.802417))
3; POLYGON((490671.687991 5881710.300000, 490687.941861 5881710.300000, 490687.941861 5881718.507849, 490671.687991 5881718.507849, 490671.687991 5881710.300000))
