3; POLYGON((491181.303055 5882110.310413, 491194.779364 5882110.310413, 491194.779364 5882118.846252, 491181.303055 5882118.846252, 491181.303055 5882110.310413))
3; POLYGON((491179.491858 5882139.282709, 491194.549579 5882139.282709, 491194.549579 5882149.167950, 491179.491858 5882149.167950, 491179.491858 5882139.282709))
3; POLYGON((491227.388354 5882120.173004, 491237.200000 5882120.173004, 491237.200000 5882131.210089, 491227.388354 5882131.210089, 491227.388354 5882120.173004))
3; POLYGON((491209.714423 5882118.579523, 491221.251044 5882118.579523, 491221.251044 5882129.249847, 491209.714423 5882129.249847, 491209.714423 5882118.579523))
3; POLYGON((491187.528754 5882173.055038, 491198.193524 5882173.055038, 491198.193524 5882181.404910, 491187.528754 5882181.404910, 491187.528754 5882173.055038))
3; POLYGON((491179.951968 5882154.747314, 491194.623480 5882154.747314, 491194.623480 5882164.521030, 491179.951968 5882164.521030, 491179.951968 5882154.747314))
3; POLYGON((491218.993719 5882172.711078, 491233.910236 5882172.711078, 491233.910236 5882182.788013, 491218.993719 5882182.788013, 491218.993719 5882172.711078))
3; POLYGON((491208.902460 5882153.155347, 491223.663678 5882153.155347, 491223.663678 5882161.933624, 491208.902460 5882161.933624, 491208.902460 5882153.155347))
3; POLYGON((491137.203186 5882134.105481, 491149.714641 5882134.105481, 491149.714641 5882177.708099, 491137.203186 5882177.708099, 491137.203186 5882134.105481))
3; POLYGON((491202.638281 5882199.158621, 491216.833911 5882199.158621, 491216.833911 5882210.184952, 491202.638281 5882210.184952, 491202.638281 5882199.158621))
3; POLYGON((491202.594397 5882179.709390, 491213.211078 5882179.709390, 491213.211078 5882187.200261, 491202.594397 5882187.200261, 491202.594397 5882179.709390))
4; POLYGON((491178.278244 5882124.203442, 491193.850775 5882124.203442, 491193.850775 5882134.167767, 491178.278244 5882134.167767, 491178.278244 5882124.203442))
3; POLYGON((491184.282843 5882172.955933, 491198.220880 5882172.955933, 491198.220880 5882181.420364, 491184.282843 5882181.420364, 491184.282843 5882172.955933))
