3; POLYGON((490509.382892 5882247.900214, 490536.337183 5882247.900214, 490536.337183 5882284.447012, 490509.382892 5882284.447012, 490509.382892 5882247.900214))
3; POLYGON((490490.429816 5882236.057556, 490517.212866 5882236.057556, 490517.212866 5882273.348590, 490490.429816 5882273.348590, 490490.429816 5882236.057556))
3; POLYGON((490445.055338 5882251.142633, 490492.732074 5882251.142633, 490492.732074 5882284.190573, 490445.055338 5882284.190573, 490445.055338 5882251.142633))
3; POLYGON((490445.323254 5882251.397076, 490487.647144 5882251.397076, 490487.647144 5882282.626053, 490445.323254 5882282.626053, 490445.323254 5882251.397076))
3; POLYGON((490471.698184 5882210.300000, 490485.921768 5882210.300000, 490485.921768 5882222.764099, 490471.698184 5882222.764099, 490471.698184 5882210.300000))
3; POLYGON((490530.890021 5882235.149103, 490537.200000 5882235.149103, 490537.200000 5882250.181177, 490530.890021 5882250.181177, 490530.890021 5882235.149103))
3; POLYGON((490437.200000 5882241.073035, 490449.412799 5882241.073035, 490449.412799 5882260.017896, 490437.200000 5882260.017896, 490437.200000 5882241.073035))
3; POLYGON((490437.200000 5882273.843335, 490498.093445 5882273.843335, 490498.093445 5882310.251348, 490437.200000 5882310.251348, 490437.200000 5882273.843335))
3; POLYGON((490502.168488 5882280.543726, 490516.541956 5882280.543726, 490516.541956 5882296.212100, 490502.168488 5882296.212100, 490502.168488 5882280.543726))
3; POLYGON((490445.167603 5882250.527679, 490495.505963 5882250.527679, 490495.505963 5882285.218724, 490445.167603 5882285.218724, 490445.167603 5882250.527679))
3; POLYGON((490437.203108 5882237.674414, 490449.375227 5882237.674414, 490449.375227 5882260.005414, 490437.203108 5882260.005414, 490437.203108 5882237.674414))
3; POLYGON((490437.269869 5882274.456879, 490480.500677 5882274.456879, 490480.500677 5882308.766092, 490437.269869 5882308.766092, 490437.269869 5882274.456879))
3; POLYGON((490439.017894 5882210.300000, 490470.040213 5882210.300000, 490470.040213 5882217.694293, 490439.017894 5882217.694293, 490439.017894 5882210.300000))
4; POLYGON((490465.132202 5882244.983887, 490486.046371 5882244.983887, 490486.046371 5882263.242648, 490465.132202 5882263.242648, 490465.132202 5882244.983887))
3; POLYGON((490499.430109 5882217.850696, 490524.440216 5882217.850696, 490524.440216 5882237.588037, 490499.430109 5882237.588037, 490499.430109 5882217.850696))
3; POLYGON((490501.908459 5882248.390582, 490536.703705 5882248.390582, 490536.703705 5882296.009067, 490501.908459 5882296.009067, 490501.908459 5882248.390582))
3; POLYGON((490511.998010 5882224.449695, 490524.565625 5882224.449695, 490524.565625 5882237.801776, 490511.998010 5882237.801776, 490511.998010 5882224.449695))
3; POLYGON((490470.456750 5882210.302277, 490485.974652 5882210.302277, 490485.974652 5882225.802203, 490470.456750 5882225.802203, 490470.456750 5882210.302277))
3; POLYGON((490437.208898 5882234.479517, 490449.426173 5882234.479517, 490449.426173 5882259.920386, 490437.208898 5882259.920386, 490437.208898 5882234.479517))
3; POLYGON((490490.546167 5882246.445825, 490510.835779 5882246.445825, 490510.835779 5882273.142044, 490490.546167 5882273.142044, 490490.546167 5882246.445825))
3; POLYGON((490444.457145 5882235.951038, 490517.379272 5882235.951038, 490517.379272 5882285.201004, 490444.457145 5882285.201004, 490444.457145 5882235.951038))
