3; POLYGON((489954.693492 5881815.447162, 489969.929712 5881815.447162, 489969.929712 5881828.742340, 489954.693492 5881828.742340, 489954.693492 5881815.447162))
3; POLYGON((489937.206427 5881849.044928, 489952.293251 5881849.044928, 489952.293251 5881875.681027, 489937.206427 5881875.681027, 489937.206427 5881849.044928))
3; POLYGON((489998.636249 5881861.439490, 490025.494366 5881861.439490, 490025.494366 5881891.251657, 489998.636249 5881891.251657, 489998.636249 5881861.439490))
3; POLYGON((489942.315258 5881880.883707, 489998.039935 5881880.883707, 489998.039935 5881910.248922, 489942.315258 5881910.248922, 489942.315258 5881880.883707))
3; POLYGON((489969.908398 5881846.676288, 489999.112531 5881846.676288, 489999.112531 5881875.024506, 489969.908398 5881875.024506, 489969.908398 5881846.676288))
3; POLYGON((489937.383773 5881849.405035, 489998.359570 5881849.405035, 489998.359570 5881910.257681, 489937.383773 5881910.257681, 489937.383773 5881849.405035))
3; POLYGON((489991.831323 5881810.300000, 490005.093921 5881810.300000, 490005.093921 5881819.749640, 489991.831323 5881819.749640, 489991.831323 5881810.300000))
3; POLYGON((489937.215004 5881849.139142, 489951.633412 5881849.139142, 489951.633412 5881872.788834, 489937.215004 5881872.788834, 489937.215004 5881849.139142))
3; POLYGON((489938.745840 5881878.769012, 489998.258691 5881878.769012, 489998.258691 5881910.274826, 489938.745840 5881910.274826, 489938.745840 5881878.769012))
3; POLYGON((490025.769232 5881902.727837, 490037.200000 5881902.727837, 490037.200000 5881910.300000, 490025.769232 5881910.300000, 490025.769232 5881902.727837))
