3; POLYGON((489837.200000 5882010.300000, 489887.042307 5882010.300000, 489887.042307 5882038.553143, 489837.200000 5882038.553143, 489837.200000 5882010.300000))
3; POLYGON((489885.885251 5882025.730609, 489929.865692 5882025.730609, 489929.865692 5882052.266608, 489885.885251 5882052.266608, 489885.885251 5882025.730609))
3; POLYGON((489837.200000 5882079.522565, 489848.108490 5882079.522565, 489848.108490 5882097.683888, 489837.200000 5882097.683888, 489837.200000 5882079.522565))
3; POLYGON((489861.092110 5882096.716000, 489879.740726 5882096.716000, 489879.740726 5882110.295857, 489861.092110 5882110.295857, 489861.092110 5882096.716000))
3; POLYGON((489885.098428 5882072.905365, 489899.698163 5882072.905365, 489899.698163 5882087.685457, 489885.098428 5882087.685457, 489885.098428 5882072.905365))
3; POLYGON((489914.279730 5882010.300000, 489936.052570 5882010.300000, 489936.052570 5882017.149554, 489914.279730 5882017.149554, 489914.279730 5882010.300000))
3; POLYGON((489837.212785 5882075.382663, 489848.089401 5882075.382663, 489848.089401 5882097.625616, 489837.212785 5882097.625616, 489837.212785 5882075.382663))
3; POLYGON((489932.831512 5882059.662561, 489937.187823 5882059.662561, 489937.187823 5882089.220825, 489932.831512 5882089.220825, 489932.831512 5882059.662561))
3; POLYGON((489932.853845 5882063.378909, 489937.196362 5882063.378909, 489937.196362 5882088.947531, 489932.853845 5882088.947531, 489932.853845 5882063.378909))
3; POLYGON((489932.851227 5882069.621893, 489937.200000 5882069.621893, 489937.200000 5882089.539717, 489932.851227 5882089.539717, 489932.851227 5882069.621893))
3; POLYGON((489908.004474 5882010.300000, 489936.025653 5882010.300000, 489936.025653 5882017.122186, 489908.004474 5882017.122186, 489908.004474 5882010.300000))
3; POLYGON((489932.773041 5882066.385416, 489937.200000 5882066.385416, 489937.200000 5882089.427403, 489932.773041 5882089.427403, 489932.773041 5882066.385416))
3; POLYGON((489932.877368 5882073.751422, 489937.200000 5882073.751422, 489937.200000 5882089.178319, 489932.877368 5882089.178319, 489932.877368 5882073.751422))
3; POLYGON((489837.211661 5882072.789886, 489848.149718 5882072.789886, 489848.149718 5882097.614744, 489837.211661 5882097.614744, 489837.211661 5882072.789886))
3; POLYGON((489870.974863 5882080.600491, 489888.050482 5882080.600491, 489888.050482 5882098.007401, 489870.974863 5882098.007401, 489870.974863 5882080.600491))
3; POLYGON((489932.812567 5882055.248267, 489937.187738 5882055.248267, 489937.187738 5882089.129373, 489932.812567 5882089.129373, 489932.812567 5882055.248267))
3; POLYGON((489916.718005 5882108.328239, 489930.064697 5882108.328239, 489930.064697 5882110.295331, 489916.718005 5882110.295331, 489916.718005 5882108.328239))
3; POLYGON((489837.206811 5882069.520804, 489848.238269 5882069.520804, 489848.238269 5882097.705192, 489837.206811 5882097.705192, 489837.206811 5882069.520804))
3; POLYGON((489902.081848 5882010.300000, 489936.123260 5882010.300000, 489936.123260 5882017.092780, 489902.081848 5882017.092780, 489902.081848 5882010.300000))
3; POLYGON((489915.915497 5882108.070633, 489930.519733 5882108.070633, 489930.519733 5882110.299622, 489915.915497 5882110.299622, 489915.915497 5882108.070633))
