3; POLYGON((488361.821292 5880537.839697, 488374.536673 5880537.839697, 488374.536673 5880548.697449, 488361.821292 5880548.697449, 488361.821292 5880537.839697))
3; POLYGON((488351.457732 5880510.300000, 488367.696881 5880510.300000, 488367.696881 5880531.453619, 488351.457732 5880531.453619, 488351.457732 5880510.300000))
3; POLYGON((488371.368274 5880510.300000, 488384.929092 5880510.300000, 488384.929092 5880527.414429, 488371.368274 5880527.414429, 488371.368274 5880510.300000))
3; POLYGON((488391.001147 5880587.321341, 488404.304736 5880587.321341, 488404.304736 5880606.423049, 488391.001147 5880606.423049, 488391.001147 5880587.321341))
3; POLYGON((488413.465411 5880524.489508, 488433.600598 5880524.489508, 488433.600598 5880551.111206, 488413.465411 5880551.111206, 488413.465411 5880524.489508))
3; POLYGON((488376.508063 5880533.327582, 488389.012500 5880533.327582, 488389.012500 5880565.767822, 488376.508063 5880565.767822, 488376.508063 5880533.327582))
3; POLYGON((488353.529710 5880563.499915, 488381.954370 5880563.499915, 488381.954370 5880589.323756, 488353.529710 5880589.323756, 488353.529710 5880563.499915))
3; POLYGON((488340.669995 5880550.840021, 488360.480186 5880550.840021, 488360.480186 5880568.016980, 488340.669995 5880568.016980, 488340.669995 5880550.840021))
3; POLYGON((488337.210113 5880510.353082, 488341.322329 5880510.353082, 488341.322329 5880527.149969, 488337.210113 5880527.149969, 488337.210113 5880510.353082))
3; POLYGON((488394.288989 5880528.562341, 488415.219354 5880528.562341, 488415.219354 5880585.637390, 488394.288989 5880585.637390, 488394.288989 5880528.562341))
4; POLYGON((488414.029871 5880549.732770, 488431.601416 5880549.732770, 488431.601416 5880569.736908, 488414.029871 5880569.736908, 488414.029871 5880549.732770))
3; POLYGON((488424.311731 5880577.157040, 488437.200000 5880577.157040, 488437.200000 5880597.133578, 488424.311731 5880597.133578, 488424.311731 5880577.157040))
