3; POLYGON((489088.789996 5880665.079016, 489135.068732 5880665.079016, 489135.068732 5880710.286753, 489088.789996 5880710.286753, 489088.789996 5880665.079016))
4; POLYGON((489095.674561 5880686.139714, 489108.338593 5880686.139714, 489108.338593 5880695.180934, 489095.674561 5880695.180934, 489095.674561 5880686.139714))
3; POLYGON((489037.325882 5880691.405281, 489055.819777 5880691.405281, 489055.819777 5880710.231279, 489037.325882 5880710.231279, 489037.325882 5880691.405281))
4; POLYGON((489039.137692 5880671.797214, 489053.269380 5880671.797214, 489053.269380 5880693.514867, 489039.137692 5880693.514867, 489039.137692 5880671.797214))
4; POLYGON((489100.307330 5880612.989520, 489121.558032 5880612.989520, 489121.558032 5880657.881226, 489100.307330 5880657.881226, 489100.307330 5880612.989520))
2; POLYGON((489103.160712 5880630.903735, 489111.081696 5880630.903735, 489111.081696 5880646.192871, 489103.160712 5880646.192871, 489103.160712 5880630.903735))
2; POLYGON((489114.999719 5880613.621582, 489121.938177 5880613.621582, 489121.938177 5880656.521173, 489114.999719 5880656.521173, 489114.999719 5880613.621582))
3; POLYGON((489037.205486 5880677.104178, 489041.488879 5880677.104178, 489041.488879 5880690.283110, 489037.205486 5880690.283110, 489037.205486 5880677.104178))
2; POLYGON((489101.693518 5880658.188324, 489114.492261 5880658.188324, 489114.492261 5880670.474377, 489101.693518 5880670.474377, 489101.693518 5880658.188324))
4; POLYGON((489116.914520 5880610.328339, 489137.200000 5880610.328339, 489137.200000 5880655.889990, 489116.914520 5880655.889990, 489116.914520 5880610.328339))
4; POLYGON((489058.419383 5880610.300000, 489079.702728 5880610.300000, 489079.702728 5880618.167889, 489058.419383 5880618.167889, 489058.419383 5880610.300000))
3; POLYGON((489037.210977 5880677.138156, 489041.340927 5880677.138156, 489041.340927 5880691.647249, 489037.210977 5880691.647249, 489037.210977 5880677.138156))
3; POLYGON((489037.205146 5880699.058619, 489041.300718 5880699.058619, 489041.300718 5880710.300000, 489037.205146 5880710.300000, 489037.205146 5880699.058619))
4; POLYGON((489112.959692 5880656.766968, 489121.728296 5880656.766968, 489121.728296 5880669.319998, 489112.959692 5880669.319998, 489112.959692 5880656.766968))
