3; POLYGON((490987.926309 5881367.749408, 491002.475232 5881367.749408, 491002.475232 5881380.429654, 490987.926309 5881380.429654, 490987.926309 5881367.749408))
4; POLYGON((490982.651340 5881332.637433, 491001.200153 5881332.637433, 491001.200153 5881353.599432, 490982.651340 5881353.599432, 490982.651340 5881332.637433))
3; POLYGON((490954.839120 5881341.122614, 490977.490912 5881341.122614, 490977.490912 5881360.175595, 490954.839120 5881360.175595, 490954.839120 5881341.122614))
4; POLYGON((491011.899231 5881363.839709, 491029.648120 5881363.839709, 491029.648120 5881398.597143, 491011.899231 5881398.597143, 491011.899231 5881363.839709))
4; POLYGON((490937.208492 5881373.877118, 490951.730344 5881373.877118, 490951.730344 5881393.050262, 490937.208492 5881393.050262, 490937.208492 5881373.877118))
3; POLYGON((491008.908551 5881338.477863, 491018.667712 5881338.477863, 491018.667712 5881350.766669, 491008.908551 5881350.766669, 491008.908551 5881338.477863))
3; POLYGON((490937.200000 5881310.300000, 490947.936928 5881310.300000, 490947.936928 5881321.049646, 490937.200000 5881321.049646, 490937.200000 5881310.300000))
3; POLYGON((490939.107398 5881317.391406, 490952.537218 5881317.391406, 490952.537218 5881330.024158, 490939.107398 5881330.024158, 490939.107398 5881317.391406))
3; POLYGON((491007.491217 5881310.300000, 491024.293146 5881310.300000, 491024.293146 5881314.031293, 491007.491217 5881314.031293, 491007.491217 5881310.300000))
3; POLYGON((490947.243338 5881318.845679, 490970.815436 5881318.845679, 490970.815436 5881341.408386, 490947.243338 5881341.408386, 490947.243338 5881318.845679))
3; POLYGON((490985.043878 5881365.448907, 491002.501532 5881365.448907, 491002.501532 5881380.328073, 490985.043878 5881380.328073, 490985.043878 5881365.448907))
