3; POLYGON((489004.186566 5880250.096356, 489023.254999 5880250.096356, 489023.254999 5880263.635944, 489004.186566 5880263.635944, 489004.186566 5880250.096356))
3; POLYGON((488960.481293 5880235.758569, 488997.836084 5880235.758569, 488997.836084 5880256.313861, 488960.481293 5880256.313861, 488960.481293 5880235.758569))
3; POLYGON((489022.092615 5880260.770444, 489037.193903 5880260.770444, 489037.193903 5880295.906882, 489022.092615 5880295.906882, 489022.092615 5880260.770444))
3; POLYGON((488947.516094 5880250.183771, 488963.656482 5880250.183771, 488963.656482 5880265.555521, 488947.516094 5880265.555521, 488947.516094 5880250.183771))
3; POLYGON((488937.227142 5880226.407019, 488960.078787 5880226.407019, 488960.078787 5880246.233923, 488937.227142 5880246.233923, 488937.227142 5880226.407019))
3; POLYGON((489030.527374 5880223.176727, 489037.200000 5880223.176727, 489037.200000 5880238.652234, 489030.527374 5880238.652234, 489030.527374 5880223.176727))
3; POLYGON((488985.320624 5880210.300000, 489022.714099 5880210.300000, 489022.714099 5880228.856030, 488985.320624 5880228.856030, 488985.320624 5880210.300000))
3; POLYGON((489030.476935 5880210.979163, 489037.192065 5880210.979163, 489037.192065 5880238.241803, 489030.476935 5880238.241803, 489030.476935 5880210.979163))
3; POLYGON((488960.855829 5880210.300000, 488977.012204 5880210.300000, 488977.012204 5880213.809729, 488960.855829 5880213.809729, 488960.855829 5880210.300000))
3; POLYGON((488946.104134 5880210.300000, 488976.785562 5880210.300000, 488976.785562 5880213.869562, 488946.104134 5880213.869562, 488946.104134 5880210.300000))
3; POLYGON((489011.717938 5880210.300000, 489027.582355 5880210.300000, 489027.582355 5880214.868573, 489011.717938 5880214.868573, 489011.717938 5880210.300000))
