2; POLYGON((490754.175948 5881482.565121, 490773.152658 5881482.565121, 490773.152658 5881510.214914, 490754.175948 5881510.214914, 490754.175948 5881482.565121))
3; POLYGON((490737.205232 5881475.646375, 490743.143663 5881475.646375, 490743.143663 5881488.475558, 490737.205232 5881488.475558, 490737.205232 5881475.646375))
4; POLYGON((490779.249490 5881417.777667, 490786.950171 5881417.777667, 490786.950171 5881423.815796, 490779.249490 5881423.815796, 490779.249490 5881417.777667))
4; POLYGON((490766.505255 5881418.873779, 490774.634195 5881418.873779, 490774.634195 5881424.980371, 490766.505255 5881424.980371, 490766.505255 5881418.873779))
4; POLYGON((490828.602106 5881413.121704, 490836.595422 5881413.121704, 490836.595422 5881419.160846, 490828.602106 5881419.160846, 490828.602106 5881413.121704))
4; POLYGON((490766.506348 5881419.005597, 490773.394278 5881419.005597, 490773.394278 5881425.001300, 490766.506348 5881425.001300, 490766.506348 5881419.005597))
4; POLYGON((490828.584930 5881412.995850, 490837.010095 5881412.995850, 490837.010095 5881419.376532, 490828.584930 5881419.376532, 490828.584930 5881412.995850))
4; POLYGON((490809.140015 5881507.740309, 490829.393958 5881507.740309, 490829.393958 5881510.298362, 490809.140015 5881510.298362, 490809.140015 5881507.740309))
4; POLYGON((490816.240698 5881414.263403, 490824.403455 5881414.263403, 490824.403455 5881421.189032, 490816.240698 5881421.189032, 490816.240698 5881414.263403))
4; POLYGON((490754.217357 5881416.074017, 490758.807779 5881416.074017, 490758.807779 5881419.932202, 490754.217357 5881419.932202, 490754.217357 5881416.074017))
4; POLYGON((490740.338187 5881419.776117, 490744.129574 5881419.776117, 490744.129574 5881423.156848, 490740.338187 5881423.156848, 490740.338187 5881419.776117))
2; POLYGON((490755.426016 5881494.276604, 490772.519565 5881494.276604, 490772.519565 5881501.082598, 490755.426016 5881501.082598, 490755.426016 5881494.276604))
4; POLYGON((490819.147815 5881414.364075, 490824.427728 5881414.364075, 490824.427728 5881420.033990, 490819.147815 5881420.033990, 490819.147815 5881414.364075))
