4; POLYGON((490863.620288 5881323.386292, 490890.981006 5881323.386292, 490890.981006 5881338.011298, 490863.620288 5881338.011298, 490863.620288 5881323.386292))
4; POLYGON((490908.174908 5881356.048077, 490937.200000 5881356.048077, 490937.200000 5881392.639223, 490908.174908 5881392.639223, 490908.174908 5881356.048077))
3; POLYGON((490928.971442 5881310.334302, 490937.200000 5881310.334302, 490937.200000 5881321.212769, 490928.971442 5881321.212769, 490928.971442 5881310.334302))
4; POLYGON((490838.118552 5881335.564099, 490853.883757 5881335.564099, 490853.883757 5881343.159851, 490838.118552 5881343.159851, 490838.118552 5881335.564099))
3; POLYGON((490918.524487 5881310.300000, 490930.019958 5881310.300000, 490930.019958 5881312.808301, 490918.524487 5881312.808301, 490918.524487 5881310.300000))
4; POLYGON((490879.839377 5881326.616882, 490891.091693 5881326.616882, 490891.091693 5881338.044263, 490879.839377 5881338.044263, 490879.839377 5881326.616882))
4; POLYGON((490859.748781 5881347.784906, 490889.592041 5881347.784906, 490889.592041 5881356.794720, 490859.748781 5881356.794720, 490859.748781 5881347.784906))
3; POLYGON((490918.938147 5881310.300000, 490929.133972 5881310.300000, 490929.133972 5881312.813031, 490918.938147 5881312.813031, 490918.938147 5881310.300000))
3; POLYGON((490918.623108 5881310.300000, 490930.276483 5881310.300000, 490930.276483 5881313.102643, 490918.623108 5881313.102643, 490918.623108 5881310.300000))
4; POLYGON((490904.273749 5881399.017986, 490913.574146 5881399.017986, 490913.574146 5881410.280213, 490904.273749 5881410.280213, 490904.273749 5881399.017986))
3; POLYGON((490918.294110 5881310.300000, 490929.625214 5881310.300000, 490929.625214 5881313.021313, 490918.294110 5881313.021313, 490918.294110 5881310.300000))
4; POLYGON((490847.469924 5881372.282501, 490853.156392 5881372.282501, 490853.156392 5881379.761713, 490847.469924 5881379.761713, 490847.469924 5881372.282501))
4; POLYGON((490845.177271 5881310.300000, 490864.449847 5881310.300000, 490864.449847 5881311.488263, 490845.177271 5881311.488263, 490845.177271 5881310.300000))
3; POLYGON((490917.744031 5881310.300000, 490929.324603 5881310.300000, 490929.324603 5881312.686121, 490917.744031 5881312.686121, 490917.744031 5881310.300000))
