4; POLYGON((491737.200000 5881214.143378, 491756.295688 5881214.143378, 491756.295688 5881255.105774, 491737.200000 5881255.105774, 491737.200000 5881214.143378))
4; POLYGON((491804.873773 5881227.336871, 491828.872424 5881227.336871, 491828.872424 5881250.808539, 491804.873773 5881250.808539, 491804.873773 5881227.336871))
3; POLYGON((491812.935577 5881210.300000, 491837.200000 5881210.300000, 491837.200000 5881240.080511, 491812.935577 5881240.080511, 491812.935577 5881210.300000))
4; POLYGON((491798.232281 5881304.568329, 491815.402277 5881304.568329, 491815.402277 5881310.300000, 491798.232281 5881310.300000, 491798.232281 5881304.568329))
2; POLYGON((491774.177023 5881263.651901, 491802.080176 5881263.651901, 491802.080176 5881289.743118, 491774.177023 5881289.743118, 491774.177023 5881263.651901))
4; POLYGON((491798.431799 5881304.922706, 491814.346582 5881304.922706, 491814.346582 5881310.296597, 491798.431799 5881310.296597, 491798.431799 5881304.922706))
4; POLYGON((491798.178918 5881301.441038, 491815.563733 5881301.441038, 491815.563733 5881310.300000, 491798.178918 5881310.300000, 491798.178918 5881301.441038))
1; POLYGON((491774.215216 5881263.662592, 491802.117218 5881263.662592, 491802.117218 5881289.793552, 491774.215216 5881289.793552, 491774.215216 5881263.662592))
4; POLYGON((491816.863129 5881283.594675, 491823.870465 5881283.594675, 491823.870465 5881292.841193, 491816.863129 5881292.841193, 491816.863129 5881283.594675))
4; POLYGON((491795.917352 5881266.315356, 491815.934979 5881266.315356, 491815.934979 5881290.643921, 491795.917352 5881290.643921, 491795.917352 5881266.315356))
4; POLYGON((491798.033997 5881300.367622, 491815.419971 5881300.367622, 491815.419971 5881310.300000, 491798.033997 5881310.300000, 491798.033997 5881300.367622))
4; POLYGON((491816.876172 5881296.692268, 491822.736450 5881296.692268, 491822.736450 5881300.877271, 491816.876172 5881300.877271, 491816.876172 5881296.692268))
