3; POLYGON((489513.988647 5881792.160439, 489533.605811 5881792.160439, 489533.605811 5881809.517822, 489513.988647 5881809.517822, 489513.988647 5881792.160439))
3; POLYGON((489470.997833 5881710.300000, 489486.809146 5881710.300000, 489486.809146 5881716.966272, 489470.997833 5881716.966272, 489470.997833 5881710.300000))
3; POLYGON((489437.203099 5881710.300000, 489451.560754 5881710.300000, 489451.560754 5881792.449101, 489437.203099 5881792.449101, 489437.203099 5881710.300000))
3; POLYGON((489471.337579 5881717.627875, 489485.613657 5881717.627875, 489485.613657 5881727.651416, 489471.337579 5881727.651416, 489471.337579 5881717.627875))
3; POLYGON((489462.875159 5881782.972409, 489484.192938 5881782.972409, 489484.192938 5881809.056766, 489462.875159 5881809.056766, 489462.875159 5881782.972409))
3; POLYGON((489437.200000 5881773.445450, 489449.992913 5881773.445450, 489449.992913 5881792.171713, 489437.200000 5881792.171713, 489437.200000 5881773.445450))
3; POLYGON((489521.922906 5881740.133557, 489537.200000 5881740.133557, 489537.200000 5881794.703003, 489521.922906 5881794.703003, 489521.922906 5881740.133557))
3; POLYGON((489471.700668 5881768.747156, 489486.103653 5881768.747156, 489486.103653 5881784.742227, 489471.700668 5881784.742227, 489471.700668 5881768.747156))
3; POLYGON((489509.458856 5881807.163837, 489526.165881 5881807.163837, 489526.165881 5881810.295681, 489509.458856 5881810.295681, 489509.458856 5881807.163837))
3; POLYGON((489472.820038 5881737.069427, 489487.571661 5881737.069427, 489487.571661 5881752.295221, 489472.820038 5881752.295221, 489472.820038 5881737.069427))
3; POLYGON((489506.901550 5881807.345357, 489525.717755 5881807.345357, 489525.717755 5881810.294019, 489506.901550 5881810.294019, 489506.901550 5881807.345357))
3; POLYGON((489462.898648 5881796.813228, 489475.524377 5881796.813228, 489475.524377 5881809.114132, 489462.898648 5881809.114132, 489462.898648 5881796.813228))
