3; POLYGON((488968.688779 5882074.060025, 488985.553528 5882074.060025, 488985.553528 5882090.864496, 488968.688779 5882090.864496, 488968.688779 5882074.060025))
3; POLYGON((489000.828516 5882058.992328, 489018.347321 5882058.992328, 489018.347321 5882075.867252, 489000.828516 5882075.867252, 489000.828516 5882058.992328))
3; POLYGON((488984.658945 5882063.027933, 488997.370239 5882063.027933, 488997.370239 5882076.694577, 488984.658945 5882076.694577, 488984.658945 5882063.027933))
3; POLYGON((488993.803320 5882102.214617, 489012.409937 5882102.214617, 489012.409937 5882110.292488, 488993.803320 5882110.292488, 488993.803320 5882102.214617))
3; POLYGON((488954.412607 5882043.438098, 488970.766809 5882043.438098, 488970.766809 5882058.470227, 488954.412607 5882058.470227, 488954.412607 5882043.438098))
3; POLYGON((488972.457422 5882035.504736, 488988.379333 5882035.504736, 488988.379333 5882050.338306, 488972.457422 5882050.338306, 488972.457422 5882035.504736))
3; POLYGON((489013.689911 5882093.236902, 489032.722101 5882093.236902, 489032.722101 5882109.915721, 489013.689911 5882109.915721, 489013.689911 5882093.236902))
3; POLYGON((489030.326086 5882010.300000, 489037.200000 5882010.300000, 489037.200000 5882024.248053, 489030.326086 5882024.248053, 489030.326086 5882010.300000))
3; POLYGON((489032.537585 5882084.728191, 489037.200000 5882084.728191, 489037.200000 5882101.859398, 489032.537585 5882101.859398, 489032.537585 5882084.728191))
3; POLYGON((488972.402109 5882030.813208, 488992.172156 5882030.813208, 488992.172156 5882050.285815, 488972.402109 5882050.285815, 488972.402109 5882030.813208))
3; POLYGON((488943.636681 5882107.216283, 488956.491084 5882107.216283, 488956.491084 5882110.292453, 488943.636681 5882110.292453, 488943.636681 5882107.216283))
3; POLYGON((488937.467984 5882052.685687, 488952.907031 5882052.685687, 488952.907031 5882067.175937, 488937.467984 5882067.175937, 488937.467984 5882052.685687))
3; POLYGON((488943.483883 5882107.297774, 488957.526680 5882107.297774, 488957.526680 5882110.293383, 488943.483883 5882110.293383, 488943.483883 5882107.297774))
3; POLYGON((488941.780664 5882107.066548, 488956.651540 5882107.066548, 488956.651540 5882110.299777, 488941.780664 5882110.299777, 488941.780664 5882107.066548))
3; POLYGON((488937.210209 5882085.524965, 488950.280959 5882085.524965, 488950.280959 5882106.419436, 488937.210209 5882106.419436, 488937.210209 5882085.524965))
4; POLYGON((489014.121698 5882042.546027, 489037.200000 5882042.546027, 489037.200000 5882064.551132, 489014.121698 5882064.551132, 489014.121698 5882042.546027))
