3; POLYGON((489911.352277 5882268.382190, 489937.182898 5882268.382190, 489937.182898 5882310.293896, 489911.352277 5882310.293896, 489911.352277 5882268.382190))
3; POLYGON((489838.480466 5882257.721143, 489870.203265 5882257.721143, 489870.203265 5882283.810535, 489838.480466 5882283.810535, 489838.480466 5882257.721143))
3; POLYGON((489885.021259 5882264.465176, 489908.608698 5882264.465176, 489908.608698 5882296.875723, 489885.021259 5882296.875723, 489885.021259 5882264.465176))
3; POLYGON((489842.468681 5882290.278304, 489867.481931 5882290.278304, 489867.481931 5882310.300000, 489842.468681 5882310.300000, 489842.468681 5882290.278304))
3; POLYGON((489902.891846 5882221.066382, 489937.200000 5882221.066382, 489937.200000 5882257.341077, 489902.891846 5882257.341077, 489902.891846 5882221.066382))
3; POLYGON((489879.905469 5882305.641686, 489893.687769 5882305.641686, 489893.687769 5882310.294102, 489879.905469 5882310.294102, 489879.905469 5882305.641686))
3; POLYGON((489878.447906 5882305.617803, 489893.681018 5882305.617803, 489893.681018 5882310.300000, 489878.447906 5882310.300000, 489878.447906 5882305.617803))
3; POLYGON((489837.200000 5882210.300000, 489846.688070 5882210.300000, 489846.688070 5882220.803259, 489837.200000 5882220.803259, 489837.200000 5882210.300000))
3; POLYGON((489837.201562 5882210.300000, 489846.358371 5882210.300000, 489846.358371 5882222.032178, 489837.201562 5882222.032178, 489837.201562 5882210.300000))
3; POLYGON((489873.513800 5882305.658671, 489893.597028 5882305.658671, 489893.597028 5882310.300000, 489873.513800 5882310.300000, 489873.513800 5882305.658671))
4; POLYGON((489844.046407 5882228.761481, 489887.160703 5882228.761481, 489887.160703 5882256.312225, 489844.046407 5882256.312225, 489844.046407 5882228.761481))
3; POLYGON((489876.346814 5882305.627977, 489893.479657 5882305.627977, 489893.479657 5882310.292825, 489876.346814 5882310.292825, 489876.346814 5882305.627977))
3; POLYGON((489837.200000 5882210.300000, 489846.544310 5882210.300000, 489846.544310 5882225.926257, 489837.200000 5882225.926257, 489837.200000 5882210.300000))
3; POLYGON((489837.200000 5882210.300000, 489847.090413 5882210.300000, 489847.090413 5882224.409149, 489837.200000 5882224.409149, 489837.200000 5882210.300000))
3; POLYGON((489837.209532 5882210.300000, 489846.625114 5882210.300000, 489846.625114 5882227.543805, 489837.209532 5882227.543805, 489837.209532 5882210.300000))
3; POLYGON((489837.207447 5882210.300000, 489846.587891 5882210.300000, 489846.587891 5882229.465082, 489837.207447 5882229.465082, 489837.207447 5882210.300000))
3; POLYGON((489837.200000 5882210.300000, 489847.575131 5882210.300000, 489847.575131 5882220.448077, 489837.200000 5882220.448077, 489837.200000 5882210.300000))
