3; POLYGON((488537.200000 5881825.231085, 488617.049115 5881825.231085, 488617.049115 5881877.515179, 488537.200000 5881877.515179, 488537.200000 5881825.231085))
3; POLYGON((488537.226202 5881871.090829, 488590.063904 5881871.090829, 488590.063904 5881910.042180, 488537.226202 5881910.042180, 488537.226202 5881871.090829))
3; POLYGON((488537.335374 5881810.307397, 488603.967310 5881810.307397, 488603.967310 5881824.821173, 488537.335374 5881824.821173, 488537.335374 5881810.307397))
3; POLYGON((488589.017328 5881850.167841, 488636.831622 5881850.167841, 488636.831622 5881884.732994, 488589.017328 5881884.732994, 488589.017328 5881850.167841))
3; POLYGON((488589.119220 5881850.325848, 488633.544690 5881850.325848, 488633.544690 5881882.616122, 488589.119220 5881882.616122, 488589.119220 5881850.325848))
3; POLYGON((488537.200000 5881876.775302, 488577.431155 5881876.775302, 488577.431155 5881909.986006, 488537.200000 5881909.986006, 488537.200000 5881876.775302))
3; POLYGON((488630.238385 5881849.933801, 488637.200000 5881849.933801, 488637.200000 5881869.194446, 488630.238385 5881869.194446, 488630.238385 5881849.933801))
3; POLYGON((488589.480316 5881850.360583, 488634.484991 5881850.360583, 488634.484991 5881880.080911, 488589.480316 5881880.080911, 488589.480316 5881850.360583))
3; POLYGON((488575.669885 5881810.306531, 488604.120312 5881810.306531, 488604.120312 5881824.840088, 488575.669885 5881824.840088, 488575.669885 5881810.306531))
4; POLYGON((488580.904596 5881894.737553, 488597.090570 5881894.737553, 488597.090570 5881906.482947, 488580.904596 5881906.482947, 488580.904596 5881894.737553))
4; POLYGON((488594.441058 5881819.176367, 488602.635254 5881819.176367, 488602.635254 5881826.699542, 488594.441058 5881826.699542, 488594.441058 5881819.176367))
3; POLYGON((488635.646350 5881832.929120, 488637.200000 5881832.929120, 488637.200000 5881846.984253, 488635.646350 5881846.984253, 488635.646350 5881832.929120))
3; POLYGON((488635.768030 5881832.309662, 488637.200000 5881832.309662, 488637.200000 5881846.828711, 488635.768030 5881846.828711, 488635.768030 5881832.309662))
