3; POLYGON((489324.904742 5881381.480756, 489333.615234 5881381.480756, 489333.615234 5881390.054234, 489324.904742 5881390.054234, 489324.904742 5881381.480756))
3; POLYGON((489289.319019 5881379.391071, 489312.519580 5881379.391071, 489312.519580 5881403.022366, 489289.319019 5881403.022366, 489289.319019 5881379.391071))
3; POLYGON((489237.200000 5881347.573956, 489252.342461 5881347.573956, 489252.342461 5881368.291901, 489237.200000 5881368.291901, 489237.200000 5881347.573956))
3; POLYGON((489313.096741 5881398.911099, 489332.174432 5881398.911099, 489332.174432 5881410.292777, 489313.096741 5881410.292777, 489313.096741 5881398.911099))
3; POLYGON((489251.035007 5881310.300000, 489265.196109 5881310.300000, 489265.196109 5881318.290118, 489251.035007 5881318.290118, 489251.035007 5881310.300000))
3; POLYGON((489314.066980 5881310.300000, 489333.173901 5881310.300000, 489333.173901 5881319.775537, 489314.066980 5881319.775537, 489314.066980 5881310.300000))
3; POLYGON((489273.401837 5881310.568317, 489293.777423 5881310.568317, 489293.777423 5881337.832184, 489273.401837 5881337.832184, 489273.401837 5881310.568317))
4; POLYGON((489300.396246 5881396.395963, 489314.713348 5881396.395963, 489314.713348 5881409.585793, 489300.396246 5881409.585793, 489300.396246 5881396.395963))
3; POLYGON((489329.083759 5881362.991516, 489337.200000 5881362.991516, 489337.200000 5881384.220840, 489329.083759 5881384.220840, 489329.083759 5881362.991516))
3; POLYGON((489292.284705 5881310.300000, 489313.457867 5881310.300000, 489313.457867 5881327.292230, 489292.284705 5881327.292230, 489292.284705 5881310.300000))
3; POLYGON((489259.402344 5881329.898956, 489275.906964 5881329.898956, 489275.906964 5881345.128558, 489259.402344 5881345.128558, 489259.402344 5881329.898956))
3; POLYGON((489328.885242 5881355.561902, 489337.200000 5881355.561902, 489337.200000 5881384.307770, 489328.885242 5881384.307770, 489328.885242 5881355.561902))
3; POLYGON((489247.972600 5881404.976616, 489268.556989 5881404.976616, 489268.556989 5881410.300000, 489247.972600 5881410.300000, 489247.972600 5881404.976616))
3; POLYGON((489246.461917 5881404.911529, 489266.753745 5881404.911529, 489266.753745 5881410.290483, 489246.461917 5881410.290483, 489246.461917 5881404.911529))
3; POLYGON((489328.847864 5881352.510773, 489337.190533 5881352.510773, 489337.190533 5881384.284320, 489328.847864 5881384.284320, 489328.847864 5881352.510773))
3; POLYGON((489244.958360 5881404.867570, 489271.715039 5881404.867570, 489271.715039 5881410.297478, 489244.958360 5881410.297478, 489244.958360 5881404.867570))
3; POLYGON((489242.795940 5881404.850768, 489269.089597 5881404.850768, 489269.089597 5881410.297361, 489242.795940 5881410.297361, 489242.795940 5881404.850768))
2; POLYGON((489245.643359 5881346.932214, 489253.509363 5881346.932214, 489253.509363 5881353.835168, 489245.643359 5881353.835168, 489245.643359 5881346.932214))
3; POLYGON((489245.037778 5881404.882576, 489276.250140 5881404.882576, 489276.250140 5881410.297737, 489245.037778 5881410.297737, 489245.037778 5881404.882576))
