3; POLYGON((490427.348553 5882400.376521, 490437.200000 5882400.376521, 490437.200000 5882410.300000, 490427.348553 5882410.300000, 490427.348553 5882400.376521))
3; POLYGON((490407.762286 5882310.300000, 490423.544763 5882310.300000, 490423.544763 5882316.551605, 490407.762286 5882316.551605, 490407.762286 5882310.300000))
3; POLYGON((490387.201642 5882394.172559, 490409.631512 5882394.172559, 490409.631512 5882410.295510, 490387.201642 5882410.295510, 490387.201642 5882394.172559))
3; POLYGON((490351.144098 5882320.090979, 490362.369815 5882320.090979, 490362.369815 5882331.576520, 490351.144098 5882331.576520, 490351.144098 5882320.090979))
3; POLYGON((490337.200000 5882329.890216, 490350.778156 5882329.890216, 490350.778156 5882354.944171, 490337.200000 5882354.944171, 490337.200000 5882329.890216))
4; POLYGON((490410.223328 5882310.300000, 490437.200000 5882310.300000, 490437.200000 5882344.957648, 490410.223328 5882344.957648, 490410.223328 5882310.300000))
3; POLYGON((490367.168976 5882383.266257, 490384.360135 5882383.266257, 490384.360135 5882400.978255, 490367.168976 5882400.978255, 490367.168976 5882383.266257))
3; POLYGON((490378.757602 5882319.680737, 490391.499048 5882319.680737, 490391.499048 5882333.374951, 490378.757602 5882333.374951, 490378.757602 5882319.680737))
3; POLYGON((490413.310345 5882331.340698, 490426.130731 5882331.340698, 490426.130731 5882346.752161, 490413.310345 5882346.752161, 490413.310345 5882331.340698))
3; POLYGON((490337.209320 5882376.326242, 490342.377118 5882376.326242, 490342.377118 5882392.610106, 490337.209320 5882392.610106, 490337.209320 5882376.326242))
3; POLYGON((490419.687006 5882360.843292, 490433.954376 5882360.843292, 490433.954376 5882377.553299, 490419.687006 5882377.553299, 490419.687006 5882360.843292))
3; POLYGON((490337.208175 5882377.950476, 490342.425833 5882377.950476, 490342.425833 5882392.715845, 490337.208175 5882392.715845, 490337.208175 5882377.950476))
3; POLYGON((490383.265005 5882360.548883, 490405.416296 5882360.548883, 490405.416296 5882382.991763, 490383.265005 5882382.991763, 490383.265005 5882360.548883))
3; POLYGON((490416.381573 5882346.374945, 490428.350519 5882346.374945, 490428.350519 5882355.362219, 490416.381573 5882355.362219, 490416.381573 5882346.374945))
4; POLYGON((490426.154419 5882395.265942, 490437.103088 5882395.265942, 490437.103088 5882403.007576, 490426.154419 5882403.007576, 490426.154419 5882395.265942))
3; POLYGON((490337.202788 5882374.886795, 490342.760973 5882374.886795, 490342.760973 5882392.743539, 490337.202788 5882392.743539, 490337.202788 5882374.886795))
3; POLYGON((490352.453725 5882402.541939, 490365.161368 5882402.541939, 490365.161368 5882410.300000, 490352.453725 5882410.300000, 490352.453725 5882402.541939))
4; POLYGON((490371.417868 5882354.233691, 490387.889081 5882354.233691, 490387.889081 5882376.606973, 490371.417868 5882376.606973, 490371.417868 5882354.233691))
3; POLYGON((490353.728906 5882402.682677, 490365.156308 5882402.682677, 490365.156308 5882410.300000, 490353.728906 5882410.300000, 490353.728906 5882402.682677))
