3; POLYGON((488327.199371 5880952.697046, 488337.194141 5880952.697046, 488337.194141 5880981.557455, 488327.199371 5880981.557455, 488327.199371 5880952.697046))
3; POLYGON((488304.257324 5880991.130748, 488317.684259 5880991.130748, 488317.684259 5881007.381480, 488304.257324 5881007.381480, 488304.257324 5880991.130748))
3; POLYGON((488274.734790 5880910.300000, 488297.848407 5880910.300000, 488297.848407 5880931.096686, 488274.734790 5880931.096686, 488274.734790 5880910.300000))
4; POLYGON((488325.954041 5880945.203290, 488337.200000 5880945.203290, 488337.200000 5880956.364429, 488325.954041 5880956.364429, 488325.954041 5880945.203290))
3; POLYGON((488269.528760 5881005.079175, 488283.393741 5881005.079175, 488283.393741 5881010.300000, 488269.528760 5881010.300000, 488269.528760 5881005.079175))
3; POLYGON((488284.136063 5880938.996448, 488311.264545 5880938.996448, 488311.264545 5880983.039151, 488284.136063 5880983.039151, 488284.136063 5880938.996448))
3; POLYGON((488322.220099 5880930.665887, 488337.187750 5880930.665887, 488337.187750 5880949.401306, 488322.220099 5880949.401306, 488322.220099 5880930.665887))
3; POLYGON((488269.198126 5881005.081611, 488286.067963 5881005.081611, 488286.067963 5881010.300000, 488269.198126 5881010.300000, 488269.198126 5881005.081611))
3; POLYGON((488295.627985 5880972.503391, 488311.450549 5880972.503391, 488311.450549 5880983.181598, 488295.627985 5880983.181598, 488295.627985 5880972.503391))
3; POLYGON((488268.101196 5881005.099448, 488283.037216 5881005.099448, 488283.037216 5881010.300000, 488268.101196 5881010.300000, 488268.101196 5881005.099448))
3; POLYGON((488315.639697 5880910.376251, 488337.200000 5880910.376251, 488337.200000 5880949.103784, 488315.639697 5880949.103784, 488315.639697 5880910.376251))
3; POLYGON((488269.484903 5881005.137825, 488288.397574 5881005.137825, 488288.397574 5881010.299591, 488269.484903 5881010.299591, 488269.484903 5881005.137825))
