3; POLYGON((490437.200000 5881138.981329, 490456.569336 5881138.981329, 490456.569336 5881160.741565, 490437.200000 5881160.741565, 490437.200000 5881138.981329))
3; POLYGON((490477.792114 5881110.300000, 490497.040479 5881110.300000, 490497.040479 5881121.989252, 490477.792114 5881121.989252, 490477.792114 5881110.300000))
3; POLYGON((490514.911768 5881125.669556, 490537.125653 5881125.669556, 490537.125653 5881150.368622, 490514.911768 5881150.368622, 490514.911768 5881125.669556))
3; POLYGON((490449.154724 5881124.252905, 490467.652451 5881124.252905, 490467.652451 5881142.255078, 490449.154724 5881142.255078, 490449.154724 5881124.252905))
3; POLYGON((490437.205078 5881138.754163, 490463.729382 5881138.754163, 490463.729382 5881160.845554, 490437.205078 5881160.845554, 490437.205078 5881138.754163))
3; POLYGON((490495.458636 5881110.300000, 490509.228790 5881110.300000, 490509.228790 5881112.979840, 490495.458636 5881112.979840, 490495.458636 5881110.300000))
3; POLYGON((490495.402692 5881110.300000, 490508.706592 5881110.300000, 490508.706592 5881112.781097, 490495.402692 5881112.781097, 490495.402692 5881110.300000))
3; POLYGON((490462.591196 5881114.998566, 490483.704077 5881114.998566, 490483.704077 5881132.832349, 490462.591196 5881132.832349, 490462.591196 5881114.998566))
4; POLYGON((490503.835571 5881143.569348, 490533.041821 5881143.569348, 490533.041821 5881164.538953, 490503.835571 5881164.538953, 490503.835571 5881143.569348))
3; POLYGON((490494.780731 5881110.300000, 490509.975287 5881110.300000, 490509.975287 5881113.510333, 490494.780731 5881113.510333, 490494.780731 5881110.300000))
3; POLYGON((490494.157874 5881110.300000, 490509.319293 5881110.300000, 490509.319293 5881113.267688, 490494.157874 5881113.267688, 490494.157874 5881110.300000))
3; POLYGON((490475.654172 5881172.743384, 490493.237103 5881172.743384, 490493.237103 5881192.981078, 490475.654172 5881192.981078, 490475.654172 5881172.743384))
3; POLYGON((490495.038800 5881110.300000, 490510.012726 5881110.300000, 490510.012726 5881114.338458, 490495.038800 5881114.338458, 490495.038800 5881110.300000))
