3; POLYGON((489845.015566 5880010.465515, 489875.915845 5880010.465515, 489875.915845 5880079.973782, 489845.015566 5880079.973782, 489845.015566 5880010.465515))
3; POLYGON((489892.917749 5880055.999774, 489906.472607 5880055.999774, 489906.472607 5880070.941809, 489892.917749 5880070.941809, 489892.917749 5880055.999774))
3; POLYGON((489837.402203 5880085.879858, 489927.508673 5880085.879858, 489927.508673 5880110.213138, 489837.402203 5880110.213138, 489837.402203 5880085.879858))
3; POLYGON((489868.592902 5880010.380206, 489896.466791 5880010.380206, 489896.466791 5880048.234888, 489868.592902 5880048.234888, 489868.592902 5880010.380206))
3; POLYGON((489876.263116 5880070.095129, 489897.958502 5880070.095129, 489897.958502 5880085.906798, 489876.263116 5880085.906798, 489876.263116 5880070.095129))
3; POLYGON((489837.260543 5880013.432959, 489850.643083 5880013.432959, 489850.643083 5880080.595370, 489837.260543 5880080.595370, 489837.260543 5880013.432959))
3; POLYGON((489852.286548 5880027.242987, 489875.860727 5880027.242987, 489875.860727 5880079.808121, 489852.286548 5880079.808121, 489852.286548 5880027.242987))
3; POLYGON((489837.219155 5880019.355200, 489850.826303 5880019.355200, 489850.826303 5880080.746432, 489837.219155 5880080.746432, 489837.219155 5880019.355200))
3; POLYGON((489916.615924 5880048.274030, 489937.200000 5880048.274030, 489937.200000 5880106.717916, 489916.615924 5880106.717916, 489916.615924 5880048.274030))
3; POLYGON((489902.573920 5880010.335364, 489921.920251 5880010.335364, 489921.920251 5880040.528223, 489902.573920 5880040.528223, 489902.573920 5880010.335364))
3; POLYGON((489882.209741 5880031.963025, 489896.492169 5880031.963025, 489896.492169 5880048.313892, 489882.209741 5880048.313892, 489882.209741 5880031.963025))
