3; POLYGON((490082.373602 5881510.307489, 490137.127216 5881510.307489, 490137.127216 5881553.309778, 490082.373602 5881553.309778, 490082.373602 5881510.307489))
3; POLYGON((490122.325323 5881556.237042, 490137.200000 5881556.237042, 490137.200000 5881589.226857, 490122.325323 5881589.226857, 490122.325323 5881556.237042))
3; POLYGON((490122.261951 5881559.639380, 490137.186810 5881559.639380, 490137.186810 5881589.223241, 490122.261951 5881589.223241, 490122.261951 5881559.639380))
3; POLYGON((490037.200000 5881519.547601, 490058.139349 5881519.547601, 490058.139349 5881537.041418, 490037.200000 5881537.041418, 490037.200000 5881519.547601))
3; POLYGON((490074.362759 5881510.300000, 490095.942010 5881510.300000, 490095.942010 5881522.155145, 490074.362759 5881522.155145, 490074.362759 5881510.300000))
3; POLYGON((490037.208556 5881590.336832, 490043.576344 5881590.336832, 490043.576344 5881608.319013, 490037.208556 5881608.319013, 490037.208556 5881590.336832))
4; POLYGON((490037.279200 5881544.032990, 490053.983609 5881544.032990, 490053.983609 5881552.337561, 490037.279200 5881552.337561, 490037.279200 5881544.032990))
3; POLYGON((490122.268292 5881549.395569, 490137.200000 5881549.395569, 490137.200000 5881589.202122, 490122.268292 5881589.202122, 490122.268292 5881549.395569))
3; POLYGON((490101.754773 5881587.507173, 490128.430969 5881587.507173, 490128.430969 5881610.300000, 490101.754773 5881610.300000, 490101.754773 5881587.507173))
3; POLYGON((490037.207894 5881519.742706, 490043.319165 5881519.742706, 490043.319165 5881535.344397, 490037.207894 5881535.344397, 490037.207894 5881519.742706))
3; POLYGON((490049.300845 5881523.319855, 490057.954425 5881523.319855, 490057.954425 5881536.764801, 490049.300845 5881536.764801, 490049.300845 5881523.319855))
3; POLYGON((490067.334009 5881514.586340, 490086.791144 5881514.586340, 490086.791144 5881536.359894, 490067.334009 5881536.359894, 490067.334009 5881514.586340))
3; POLYGON((490122.302051 5881544.688763, 490137.186536 5881544.688763, 490137.186536 5881589.168384, 490122.302051 5881589.168384, 490122.302051 5881544.688763))
3; POLYGON((490090.941357 5881510.300000, 490137.135193 5881510.300000, 490137.135193 5881546.155298, 490090.941357 5881546.155298, 490090.941357 5881510.300000))
