4; POLYGON((490779.469937 5881241.200146, 490806.753961 5881241.200146, 490806.753961 5881256.072076, 490779.469937 5881256.072076, 490779.469937 5881241.200146))
4; POLYGON((490752.344737 5881210.300000, 490771.256320 5881210.300000, 490771.256320 5881216.088916, 490752.344737 5881216.088916, 490752.344737 5881210.300000))
4; POLYGON((490822.992834 5881271.552191, 490834.315710 5881271.552191, 490834.315710 5881282.915567, 490822.992834 5881282.915567, 490822.992834 5881271.552191))
4; POLYGON((490806.888794 5881268.397775, 490834.290979 5881268.397775, 490834.290979 5881282.933215, 490806.888794 5881282.933215, 490806.888794 5881268.397775))
4; POLYGON((490744.003709 5881278.296582, 490778.547293 5881278.296582, 490778.547293 5881310.300000, 490744.003709 5881310.300000, 490744.003709 5881278.296582))
4; POLYGON((490834.566638 5881294.570009, 490837.200000 5881294.570009, 490837.200000 5881306.339918, 490834.566638 5881306.339918, 490834.566638 5881294.570009))
4; POLYGON((490743.799733 5881278.049509, 490755.414133 5881278.049509, 490755.414133 5881291.156503, 490743.799733 5881291.156503, 490743.799733 5881278.049509))
3; POLYGON((490737.214502 5881225.207318, 490754.646486 5881225.207318, 490754.646486 5881240.395728, 490737.214502 5881240.395728, 490737.214502 5881225.207318))
4; POLYGON((490753.103764 5881221.893671, 490769.219958 5881221.893671, 490769.219958 5881229.905389, 490753.103764 5881229.905389, 490753.103764 5881221.893671))
4; POLYGON((490760.189651 5881278.998325, 490778.561877 5881278.998325, 490778.561877 5881310.300000, 490760.189651 5881310.300000, 490760.189651 5881278.998325))
3; POLYGON((490814.778442 5881210.300000, 490837.184399 5881210.300000, 490837.184399 5881214.362494, 490814.778442 5881214.362494, 490814.778442 5881210.300000))
4; POLYGON((490806.939899 5881268.334076, 490818.312012 5881268.334076, 490818.312012 5881279.486176, 490806.939899 5881279.486176, 490806.939899 5881268.334076))
4; POLYGON((490753.172154 5881221.980511, 490769.185684 5881221.980511, 490769.185684 5881236.413446, 490753.172154 5881236.413446, 490753.172154 5881221.980511))
