3; POLYGON((490171.551425 5882028.966534, 490196.400568 5882028.966534, 490196.400568 5882049.112592, 490171.551425 5882049.112592, 490171.551425 5882028.966534))
4; POLYGON((490143.196069 5882091.013737, 490157.337282 5882091.013737, 490157.337282 5882103.072394, 490143.196069 5882103.072394, 490143.196069 5882091.013737))
3; POLYGON((490160.770102 5882016.016864, 490178.844052 5882016.016864, 490178.844052 5882032.889459, 490160.770102 5882032.889459, 490160.770102 5882016.016864))
3; POLYGON((490191.029999 5882059.292355, 490208.660913 5882059.292355, 490208.660913 5882076.462607, 490191.029999 5882076.462607, 490191.029999 5882059.292355))
3; POLYGON((490137.207790 5882095.443225, 490167.069464 5882095.443225, 490167.069464 5882110.292634, 490137.207790 5882110.292634, 490137.207790 5882095.443225))
4; POLYGON((490161.103625 5882075.147882, 490195.345569 5882075.147882, 490195.345569 5882100.520559, 490161.103625 5882100.520559, 490161.103625 5882075.147882))
3; POLYGON((490229.030786 5882010.300000, 490237.200000 5882010.300000, 490237.200000 5882014.472333, 490229.030786 5882014.472333, 490229.030786 5882010.300000))
4; POLYGON((490137.200000 5882048.223041, 490160.816110 5882048.223041, 490160.816110 5882071.605469, 490137.200000 5882071.605469, 490137.200000 5882048.223041))
3; POLYGON((490227.644189 5882010.303937, 490237.176758 5882010.303937, 490237.176758 5882014.470264, 490227.644189 5882014.470264, 490227.644189 5882010.303937))
0; POLYGON((490179.196237 5882071.992984, 490187.001013 5882071.992984, 490187.001013 5882079.520718, 490179.196237 5882079.520718, 490179.196237 5882071.992984))
3; POLYGON((490137.207689 5882095.425710, 490153.112605 5882095.425710, 490153.112605 5882110.300000, 490137.207689 5882110.300000, 490137.207689 5882095.425710))
0; POLYGON((490179.189169 5882072.035846, 490186.834610 5882072.035846, 490186.834610 5882078.820108, 490179.189169 5882078.820108, 490179.189169 5882072.035846))
