4; POLYGON((491038.702625 5880619.888818, 491046.908064 5880619.888818, 491046.908064 5880626.510535, 491038.702625 5880626.510535, 491038.702625 5880619.888818))
4; POLYGON((491042.919195 5880638.543353, 491051.180112 5880638.543353, 491051.180112 5880645.064618, 491042.919195 5880645.064618, 491042.919195 5880638.543353))
4; POLYGON((491057.945961 5880626.567230, 491066.364236 5880626.567230, 491066.364236 5880633.590833, 491057.945961 5880633.590833, 491057.945961 5880626.567230))
4; POLYGON((491062.551201 5880663.189160, 491070.865594 5880663.189160, 491070.865594 5880671.362769, 491062.551201 5880671.362769, 491062.551201 5880663.189160))
4; POLYGON((491074.246274 5880653.952887, 491082.429572 5880653.952887, 491082.429572 5880662.264496, 491074.246274 5880662.264496, 491074.246274 5880653.952887))
4; POLYGON((491052.672491 5880610.310425, 491060.758774 5880610.310425, 491060.758774 5880615.862860, 491052.672491 5880615.862860, 491052.672491 5880610.310425))
4; POLYGON((491044.905387 5880680.316550, 491053.002226 5880680.316550, 491053.002226 5880688.323766, 491044.905387 5880688.323766, 491044.905387 5880680.316550))
4; POLYGON((491096.214606 5880617.363928, 491103.610535 5880617.363928, 491103.610535 5880624.051526, 491096.214606 5880624.051526, 491096.214606 5880617.363928))
4; POLYGON((491070.724066 5880626.757050, 491077.676083 5880626.757050, 491077.676083 5880635.330499, 491070.724066 5880635.330499, 491070.724066 5880626.757050))
4; POLYGON((491075.763602 5880623.974408, 491080.641638 5880623.974408, 491080.641638 5880629.405890, 491075.763602 5880629.405890, 491075.763602 5880623.974408))
