4; POLYGON((489051.686125 5880456.391852, 489073.105414 5880456.391852, 489073.105414 5880488.577577, 489051.686125 5880488.577577, 489051.686125 5880456.391852))
4; POLYGON((489092.265881 5880494.403961, 489137.176471 5880494.403961, 489137.176471 5880510.300000, 489092.265881 5880510.300000, 489092.265881 5880494.403961))
4; POLYGON((489037.200000 5880436.518512, 489080.850494 5880436.518512, 489080.850494 5880510.145195, 489037.200000 5880510.145195, 489037.200000 5880436.518512))
3; POLYGON((489037.231447 5880436.924854, 489080.598514 5880436.924854, 489080.598514 5880510.211535, 489037.231447 5880510.211535, 489037.231447 5880436.924854))
3; POLYGON((489037.434678 5880457.824194, 489080.193057 5880457.824194, 489080.193057 5880510.267408, 489037.434678 5880510.267408, 489037.434678 5880457.824194))
3; POLYGON((489037.203344 5880436.741815, 489056.471495 5880436.741815, 489056.471495 5880462.783279, 489037.203344 5880462.783279, 489037.203344 5880436.741815))
3; POLYGON((489132.303748 5880446.352661, 489137.189099 5880446.352661, 489137.189099 5880473.859247, 489132.303748 5880473.859247, 489132.303748 5880446.352661))
3; POLYGON((489132.188550 5880446.799347, 489137.185132 5880446.799347, 489137.185132 5880478.725735, 489132.188550 5880478.725735, 489132.188550 5880446.799347))
3; POLYGON((489132.370337 5880446.928094, 489137.200000 5880446.928094, 489137.200000 5880470.409976, 489132.370337 5880470.409976, 489132.370337 5880446.928094))
3; POLYGON((489132.167682 5880446.737439, 489137.190039 5880446.737439, 489137.190039 5880483.776059, 489132.167682 5880483.776059, 489132.167682 5880446.737439))
