3; POLYGON((491092.838324 5881765.321957, 491107.405457 5881765.321957, 491107.405457 5881780.176624, 491092.838324 5881780.176624, 491092.838324 5881765.321957))
3; POLYGON((491074.870599 5881777.773077, 491087.959540 5881777.773077, 491087.959540 5881791.057162, 491074.870599 5881791.057162, 491074.870599 5881777.773077))
3; POLYGON((491037.230589 5881799.270705, 491050.189317 5881799.270705, 491050.189317 5881810.294691, 491037.230589 5881810.294691, 491037.230589 5881799.270705))
3; POLYGON((491106.477948 5881754.403052, 491126.993701 5881754.403052, 491126.993701 5881774.008020, 491106.477948 5881774.008020, 491106.477948 5881754.403052))
3; POLYGON((491037.200913 5881710.372327, 491061.913573 5881710.372327, 491061.913573 5881748.516229, 491037.200913 5881748.516229, 491037.200913 5881710.372327))
3; POLYGON((491049.229742 5881792.340419, 491062.882239 5881792.340419, 491062.882239 5881806.516515, 491049.229742 5881806.516515, 491049.229742 5881792.340419))
3; POLYGON((491061.662032 5881783.868585, 491075.393103 5881783.868585, 491075.393103 5881798.901858, 491061.662032 5881798.901858, 491061.662032 5881783.868585))
3; POLYGON((491110.162195 5881710.300000, 491130.797894 5881710.300000, 491130.797894 5881726.222906, 491110.162195 5881726.222906, 491110.162195 5881710.300000))
3; POLYGON((491128.955359 5881740.206659, 491137.195276 5881740.206659, 491137.195276 5881764.076581, 491128.955359 5881764.076581, 491128.955359 5881740.206659))
3; POLYGON((491037.200000 5881710.300000, 491047.897667 5881710.300000, 491047.897667 5881726.289966, 491037.200000 5881726.289966, 491037.200000 5881710.300000))
4; POLYGON((491053.957750 5881710.314862, 491076.015656 5881710.314862, 491076.015656 5881718.467847, 491053.957750 5881718.467847, 491053.957750 5881710.314862))
3; POLYGON((491130.241925 5881741.890576, 491137.200000 5881741.890576, 491137.200000 5881763.370001, 491130.241925 5881763.370001, 491130.241925 5881741.890576))
3; POLYGON((491129.663550 5881741.369507, 491137.200000 5881741.369507, 491137.200000 5881763.056073, 491129.663550 5881763.056073, 491129.663550 5881741.369507))
3; POLYGON((491070.318805 5881772.625040, 491087.977502 5881772.625040, 491087.977502 5881791.088858, 491070.318805 5881791.088858, 491070.318805 5881772.625040))
