3; POLYGON((490598.413416 5882353.813416, 490618.419238 5882353.813416, 490618.419238 5882373.972836, 490598.413416 5882373.972836, 490598.413416 5882353.813416))
3; POLYGON((490613.410376 5882336.004138, 490633.274298 5882336.004138, 490633.274298 5882356.267389, 490613.410376 5882356.267389, 490613.410376 5882336.004138))
3; POLYGON((490626.872742 5882310.300000, 490637.200000 5882310.300000, 490637.200000 5882318.058435, 490626.872742 5882318.058435, 490626.872742 5882310.300000))
3; POLYGON((490614.563947 5882375.099713, 490631.904962 5882375.099713, 490631.904962 5882390.608388, 490614.563947 5882390.608388, 490614.563947 5882375.099713))
3; POLYGON((490563.297958 5882329.194977, 490580.499643 5882329.194977, 490580.499643 5882344.291327, 490563.297958 5882344.291327, 490563.297958 5882329.194977))
3; POLYGON((490537.200000 5882310.300000, 490557.475551 5882310.300000, 490557.475551 5882326.578619, 490537.200000 5882326.578619, 490537.200000 5882310.300000))
3; POLYGON((490576.806772 5882339.352979, 490595.341028 5882339.352979, 490595.341028 5882358.724866, 490576.806772 5882358.724866, 490576.806772 5882339.352979))
3; POLYGON((490537.208852 5882354.883673, 490540.011646 5882354.883673, 490540.011646 5882368.806165, 490537.208852 5882368.806165, 490537.208852 5882354.883673))
4; POLYGON((490537.211189 5882340.641583, 490549.382809 5882340.641583, 490549.382809 5882362.268695, 490537.211189 5882362.268695, 490537.211189 5882340.641583))
3; POLYGON((490537.204094 5882354.642242, 490540.277570 5882354.642242, 490540.277570 5882368.827747, 490537.204094 5882368.827747, 490537.204094 5882354.642242))
3; POLYGON((490606.895337 5882310.300000, 490623.809039 5882310.300000, 490623.809039 5882316.183197, 490606.895337 5882316.183197, 490606.895337 5882310.300000))
3; POLYGON((490537.206105 5882354.567108, 490540.466145 5882354.567108, 490540.466145 5882370.379291, 490537.206105 5882370.379291, 490537.206105 5882354.567108))
