3; POLYGON((489657.380197 5881266.253650, 489683.759988 5881266.253650, 489683.759988 5881278.936493, 489657.380197 5881278.936493, 489657.380197 5881266.253650))
3; POLYGON((489694.891144 5881265.014069, 489709.411810 5881265.014069, 489709.411810 5881277.575580, 489694.891144 5881277.575580, 489694.891144 5881265.014069))
3; POLYGON((489726.407025 5881210.300000, 489737.200000 5881210.300000, 489737.200000 5881221.370721, 489726.407025 5881221.370721, 489726.407025 5881210.300000))
3; POLYGON((489640.958527 5881225.728082, 489657.371364 5881225.728082, 489657.371364 5881236.016205, 489640.958527 5881236.016205, 489640.958527 5881225.728082))
3; POLYGON((489637.202997 5881264.169662, 489649.569603 5881264.169662, 489649.569603 5881277.615323, 489637.202997 5881277.615323, 489637.202997 5881264.169662))
3; POLYGON((489685.895667 5881210.300000, 489700.891003 5881210.300000, 489700.891003 5881212.219348, 489685.895667 5881212.219348, 489685.895667 5881210.300000))
3; POLYGON((489683.985263 5881210.300000, 489700.732782 5881210.300000, 489700.732782 5881212.109064, 489683.985263 5881212.109064, 489683.985263 5881210.300000))
3; POLYGON((489711.821198 5881232.288861, 489729.166980 5881232.288861, 489729.166980 5881250.469208, 489711.821198 5881250.469208, 489711.821198 5881232.288861))
3; POLYGON((489684.966943 5881210.300000, 489700.633765 5881210.300000, 489700.633765 5881212.366821, 489684.966943 5881212.366821, 489684.966943 5881210.300000))
3; POLYGON((489682.142264 5881210.300000, 489700.947327 5881210.300000, 489700.947327 5881212.226691, 489682.142264 5881212.226691, 489682.142264 5881210.300000))
3; POLYGON((489688.150650 5881210.300000, 489701.095941 5881210.300000, 489701.095941 5881212.289038, 489688.150650 5881212.289038, 489688.150650 5881210.300000))
3; POLYGON((489702.727936 5881210.300000, 489714.901086 5881210.300000, 489714.901086 5881213.012396, 489702.727936 5881213.012396, 489702.727936 5881210.300000))
3; POLYGON((489696.912048 5881215.613654, 489702.224493 5881215.613654, 489702.224493 5881222.813226, 489696.912048 5881222.813226, 489696.912048 5881215.613654))
3; POLYGON((489702.778400 5881210.300000, 489714.750824 5881210.300000, 489714.750824 5881213.802911, 489702.778400 5881213.802911, 489702.778400 5881210.300000))
3; POLYGON((489702.572137 5881210.300000, 489715.148010 5881210.300000, 489715.148010 5881214.081122, 489702.572137 5881214.081122, 489702.572137 5881210.300000))
