3; POLYGON((491458.896620 5881675.308920, 491468.207556 5881675.308920, 491468.207556 5881688.856966, 491458.896620 5881688.856966, 491458.896620 5881675.308920))
4; POLYGON((491437.200000 5881610.305438, 491517.222913 5881610.305438, 491517.222913 5881636.669025, 491437.200000 5881636.669025, 491437.200000 5881610.305438))
3; POLYGON((491444.766621 5881676.752390, 491453.787814 5881676.752390, 491453.787814 5881688.974649, 491444.766621 5881688.974649, 491444.766621 5881676.752390))
4; POLYGON((491463.902652 5881610.300000, 491516.814441 5881610.300000, 491516.814441 5881636.509918, 491463.902652 5881636.509918, 491463.902652 5881610.300000))
3; POLYGON((491437.206565 5881675.327866, 491439.569282 5881675.327866, 491439.569282 5881689.349680, 491437.206565 5881689.349680, 491437.206565 5881675.327866))
2; POLYGON((491438.968442 5881678.355304, 491442.908186 5881678.355304, 491442.908186 5881692.112733, 491438.968442 5881692.112733, 491438.968442 5881678.355304))
3; POLYGON((491437.205309 5881675.067111, 491439.697192 5881675.067111, 491439.697192 5881689.970407, 491437.205309 5881689.970407, 491437.205309 5881675.067111))
1; POLYGON((491504.462177 5881626.084271, 491516.732709 5881626.084271, 491516.732709 5881631.078253, 491504.462177 5881631.078253, 491504.462177 5881626.084271))
4; POLYGON((491499.021606 5881610.774042, 491517.145673 5881610.774042, 491517.145673 5881624.134186, 491499.021606 5881624.134186, 491499.021606 5881610.774042))
4; POLYGON((491437.209950 5881626.338147, 491440.297607 5881626.338147, 491440.297607 5881631.587646, 491437.209950 5881631.587646, 491437.209950 5881626.338147))
3; POLYGON((491437.207029 5881677.825562, 491439.375237 5881677.825562, 491439.375237 5881689.135672, 491437.207029 5881689.135672, 491437.207029 5881677.825562))
3; POLYGON((491437.200000 5881675.150665, 491440.680196 5881675.150665, 491440.680196 5881691.675349, 491437.200000 5881691.675349, 491437.200000 5881675.150665))
2; POLYGON((491439.283376 5881678.344333, 491443.047066 5881678.344333, 491443.047066 5881692.091733, 491439.283376 5881692.091733, 491439.283376 5881678.344333))
3; POLYGON((491437.200753 5881675.273297, 491440.027841 5881675.273297, 491440.027841 5881690.326526, 491437.200753 5881690.326526, 491437.200753 5881675.273297))
