3; POLYGON((490337.956636 5880310.407928, 490367.323062 5880310.407928, 490367.323062 5880356.580792, 490337.956636 5880356.580792, 490337.956636 5880310.407928))
3; POLYGON((490366.134161 5880344.898492, 490390.247754 5880344.898492, 490390.247754 5880362.189847, 490366.134161 5880362.189847, 490366.134161 5880344.898492))
4; POLYGON((490421.174438 5880310.300000, 490437.200000 5880310.300000, 490437.200000 5880337.373224, 490421.174438 5880337.373224, 490421.174438 5880310.300000))
3; POLYGON((490371.010309 5880310.300000, 490383.900458 5880310.300000, 490383.900458 5880317.399182, 490371.010309 5880317.399182, 490371.010309 5880310.300000))
4; POLYGON((490362.244446 5880392.842062, 490383.551196 5880392.842062, 490383.551196 5880410.287072, 490362.244446 5880410.287072, 490362.244446 5880392.842062))
2; POLYGON((490432.778735 5880312.250391, 490437.200000 5880312.250391, 490437.200000 5880328.493250, 490432.778735 5880328.493250, 490432.778735 5880312.250391))
4; POLYGON((490359.614310 5880310.300000, 490372.814670 5880310.300000, 490372.814670 5880317.278174, 490359.614310 5880317.278174, 490359.614310 5880310.300000))
3; POLYGON((490380.860696 5880386.623088, 490398.460468 5880386.623088, 490398.460468 5880399.237993, 490380.860696 5880399.237993, 490380.860696 5880386.623088))
2; POLYGON((490433.298871 5880312.885406, 490437.200000 5880312.885406, 490437.200000 5880328.056000, 490433.298871 5880328.056000, 490433.298871 5880312.885406))
4; POLYGON((490362.287421 5880400.949597, 490371.597260 5880400.949597, 490371.597260 5880410.300000, 490362.287421 5880410.300000, 490362.287421 5880400.949597))
3; POLYGON((490380.625137 5880386.653528, 490399.284851 5880386.653528, 490399.284851 5880410.293733, 490380.625137 5880410.293733, 490380.625137 5880386.653528))
2; POLYGON((490433.022137 5880313.019263, 490437.200000 5880313.019263, 490437.200000 5880328.591193, 490433.022137 5880328.591193, 490433.022137 5880313.019263))
3; POLYGON((490388.791968 5880398.878568, 490399.287006 5880398.878568, 490399.287006 5880410.300000, 490388.791968 5880410.300000, 490388.791968 5880398.878568))
4; POLYGON((490359.582729 5880310.300000, 490372.560519 5880310.300000, 490372.560519 5880316.346552, 490359.582729 5880316.346552, 490359.582729 5880310.300000))
