1; POLYGON((491756.822398 5881154.758820, 491780.456863 5881154.758820, 491780.456863 5881182.379578, 491756.822398 5881182.379578, 491756.822398 5881154.758820))
4; POLYGON((491764.764023 5881110.309998, 491826.090405 5881110.309998, 491826.090405 5881155.896570, 491764.764023 5881155.896570, 491764.764023 5881110.309998))
3; POLYGON((491740.518941 5881178.293243, 491774.605685 5881178.293243, 491774.605685 5881203.696181, 491740.518941 5881203.696181, 491740.518941 5881178.293243))
1; POLYGON((491779.479645 5881137.906775, 491792.894196 5881137.906775, 491792.894196 5881155.920099, 491779.479645 5881155.920099, 491779.479645 5881137.906775))
3; POLYGON((491822.002887 5881178.122809, 491837.200000 5881178.122809, 491837.200000 5881210.265972, 491822.002887 5881210.265972, 491822.002887 5881178.122809))
3; POLYGON((491821.914716 5881172.906741, 491837.200000 5881172.906741, 491837.200000 5881210.300000, 491821.914716 5881210.300000, 491821.914716 5881172.906741))
2; POLYGON((491739.351584 5881131.198523, 491759.061841 5881131.198523, 491759.061841 5881143.273462, 491739.351584 5881143.273462, 491739.351584 5881131.198523))
4; POLYGON((491737.200000 5881130.717255, 491760.464502 5881130.717255, 491760.464502 5881164.686197, 491737.200000 5881164.686197, 491737.200000 5881130.717255))
3; POLYGON((491821.731769 5881164.526263, 491837.200000 5881164.526263, 491837.200000 5881210.300000, 491821.731769 5881210.300000, 491821.731769 5881164.526263))
4; POLYGON((491738.682263 5881189.869543, 491753.053117 5881189.869543, 491753.053117 5881208.848529, 491738.682263 5881208.848529, 491738.682263 5881189.869543))
