3; POLYGON((490391.935004 5881010.300000, 490413.464319 5881010.300000, 490413.464319 5881022.894476, 490391.935004 5881022.894476, 490391.935004 5881010.300000))
3; POLYGON((490426.012750 5881073.324796, 490437.200000 5881073.324796, 490437.200000 5881089.397043, 490426.012750 5881089.397043, 490426.012750 5881073.324796))
3; POLYGON((490337.204455 5881028.217383, 490346.998211 5881028.217383, 490346.998211 5881049.251941, 490337.204455 5881049.251941, 490337.204455 5881028.217383))
3; POLYGON((490375.211514 5881032.773206, 490388.756317 5881032.773206, 490388.756317 5881047.580939, 490375.211514 5881047.580939, 490375.211514 5881032.773206))
3; POLYGON((490410.066803 5881085.897322, 490429.561597 5881085.897322, 490429.561597 5881103.755990, 490410.066803 5881103.755990, 490410.066803 5881085.897322))
4; POLYGON((490383.538937 5881020.716241, 490404.745386 5881020.716241, 490404.745386 5881040.526971, 490383.538937 5881040.526971, 490383.538937 5881020.716241))
3; POLYGON((490380.052859 5881108.011075, 490396.040179 5881108.011075, 490396.040179 5881110.295404, 490380.052859 5881110.295404, 490380.052859 5881108.011075))
3; POLYGON((490337.204517 5881055.134534, 490342.204409 5881055.134534, 490342.204409 5881080.179581, 490337.204517 5881080.179581, 490337.204517 5881055.134534))
3; POLYGON((490435.464392 5881061.137662, 490437.200000 5881061.137662, 490437.200000 5881078.090372, 490435.464392 5881078.090372, 490435.464392 5881061.137662))
3; POLYGON((490379.265277 5881107.809492, 490396.043201 5881107.809492, 490396.043201 5881110.300000, 490379.265277 5881110.300000, 490379.265277 5881107.809492))
