3; POLYGON((490021.336432 5881386.385506, 490035.834021 5881386.385506, 490035.834021 5881401.987837, 490021.336432 5881401.987837, 490021.336432 5881386.385506))
3; POLYGON((489950.782574 5881310.300000, 489968.579929 5881310.300000, 489968.579929 5881316.555963, 489950.782574 5881316.555963, 489950.782574 5881310.300000))
3; POLYGON((490006.397626 5881322.971918, 490037.189978 5881322.971918, 490037.189978 5881349.930548, 490006.397626 5881349.930548, 490006.397626 5881322.971918))
3; POLYGON((489944.748633 5881364.715717, 489962.298593 5881364.715717, 489962.298593 5881384.328934, 489944.748633 5881384.328934, 489944.748633 5881364.715717))
3; POLYGON((489981.572583 5881371.454907, 489996.336890 5881371.454907, 489996.336890 5881384.309824, 489981.572583 5881384.309824, 489981.572583 5881371.454907))
3; POLYGON((489972.259665 5881310.300000, 489995.312408 5881310.300000, 489995.312408 5881324.150574, 489972.259665 5881324.150574, 489972.259665 5881310.300000))
3; POLYGON((489972.249841 5881310.825800, 489990.146417 5881310.825800, 489990.146417 5881324.116901, 489972.249841 5881324.116901, 489972.249841 5881310.825800))
3; POLYGON((489937.200302 5881394.504610, 489947.528528 5881394.504610, 489947.528528 5881408.992614, 489937.200302 5881408.992614, 489937.200302 5881394.504610))
4; POLYGON((490011.800354 5881400.573042, 490026.972473 5881400.573042, 490026.972473 5881410.287443, 490011.800354 5881410.287443, 490011.800354 5881400.573042))
3; POLYGON((489967.417270 5881394.824379, 489985.603958 5881394.824379, 489985.603958 5881410.298018, 489967.417270 5881410.298018, 489967.417270 5881394.824379))
4; POLYGON((490013.369519 5881400.579119, 490026.656281 5881400.579119, 490026.656281 5881410.248473, 490013.369519 5881410.248473, 490013.369519 5881400.579119))
4; POLYGON((490010.239441 5881400.543820, 490026.851117 5881400.543820, 490026.851117 5881410.294625, 490010.239441 5881410.294625, 490010.239441 5881400.543820))
