3; POLYGON((490956.646968 5881557.727393, 491003.297040 5881557.727393, 491003.297040 5881603.744598, 490956.646968 5881603.744598, 490956.646968 5881557.727393))
3; POLYGON((491019.278210 5881510.300000, 491037.195441 5881510.300000, 491037.195441 5881565.749890, 491019.278210 5881565.749890, 491019.278210 5881510.300000))
4; POLYGON((491018.377124 5881574.596021, 491027.407715 5881574.596021, 491027.407715 5881604.345860, 491018.377124 5881604.345860, 491018.377124 5881574.596021))
4; POLYGON((490974.005121 5881527.453790, 490987.369519 5881527.453790, 490987.369519 5881536.656342, 490974.005121 5881536.656342, 490974.005121 5881527.453790))
2; POLYGON((490974.137115 5881588.218385, 490978.849911 5881588.218385, 490978.849911 5881592.743527, 490974.137115 5881592.743527, 490974.137115 5881588.218385))
3; POLYGON((491026.119751 5881588.110327, 491037.200000 5881588.110327, 491037.200000 5881605.246275, 491026.119751 5881605.246275, 491026.119751 5881588.110327))
4; POLYGON((490973.866898 5881527.515161, 490987.455920 5881527.515161, 490987.455920 5881537.604749, 490973.866898 5881537.604749, 490973.866898 5881527.515161))
4; POLYGON((491004.570648 5881574.662857, 491014.045996 5881574.662857, 491014.045996 5881605.874343, 491004.570648 5881605.874343, 491004.570648 5881574.662857))
4; POLYGON((490937.203105 5881517.316260, 490964.425772 5881517.316260, 490964.425772 5881534.031104, 490937.203105 5881534.031104, 490937.203105 5881517.316260))
2; POLYGON((490974.433887 5881588.164449, 490979.094101 5881588.164449, 490979.094101 5881592.790907, 490974.433887 5881592.790907, 490974.433887 5881588.164449))
