4; POLYGON((490237.200000 5879910.300000, 490311.591315 5879910.300000, 490311.591315 5880010.300000, 490237.200000 5880010.300000, 490237.200000 5879910.300000))
3; POLYGON((490329.021991 5879910.300000, 490337.197571 5879910.300000, 490337.197571 5879943.632147, 490329.021991 5879943.632147, 490329.021991 5879910.300000))
3; POLYGON((490328.971063 5879910.300000, 490337.200000 5879910.300000, 490337.200000 5879947.175488, 490328.971063 5879947.175488, 490328.971063 5879910.300000))
3; POLYGON((490329.171405 5879910.300000, 490337.200000 5879910.300000, 490337.200000 5879951.531897, 490329.171405 5879951.531897, 490329.171405 5879910.300000))
4; POLYGON((490243.819099 5880001.762697, 490264.990314 5880001.762697, 490264.990314 5880010.300000, 490243.819099 5880010.300000, 490243.819099 5880001.762697))
3; POLYGON((490329.350494 5879910.300000, 490337.192792 5879910.300000, 490337.192792 5879962.760757, 490329.350494 5879962.760757, 490329.350494 5879910.300000))
4; POLYGON((490243.708236 5880001.614184, 490267.236935 5880001.614184, 490267.236935 5880010.300000, 490243.708236 5880010.300000, 490243.708236 5880001.614184))
3; POLYGON((490328.802582 5879910.300000, 490337.200000 5879910.300000, 490337.200000 5879940.139331, 490328.802582 5879940.139331, 490328.802582 5879910.300000))
3; POLYGON((490327.630444 5879910.300000, 490337.200000 5879910.300000, 490337.200000 5879944.579877, 490327.630444 5879944.579877, 490327.630444 5879910.300000))
3; POLYGON((490329.661462 5879910.300000, 490337.200000 5879910.300000, 490337.200000 5879969.589505, 490329.661462 5879969.589505, 490329.661462 5879910.300000))
