3; POLYGON((491266.476364 5881811.088385, 491285.760049 5881811.088385, 491285.760049 5881826.675977, 491266.476364 5881826.675977, 491266.476364 5881811.088385))
3; POLYGON((491320.652838 5881864.099683, 491336.018988 5881864.099683, 491336.018988 5881876.945581, 491320.652838 5881876.945581, 491320.652838 5881864.099683))
3; POLYGON((491302.957721 5881866.329092, 491315.246985 5881866.329092, 491315.246985 5881876.574313, 491302.957721 5881876.574313, 491302.957721 5881866.329092))
3; POLYGON((491284.154730 5881866.430014, 491297.205084 5881866.430014, 491297.205084 5881880.109958, 491284.154730 5881880.109958, 491284.154730 5881866.430014))
4; POLYGON((491310.065576 5881828.393256, 491317.258093 5881828.393256, 491317.258093 5881836.503876, 491310.065576 5881836.503876, 491310.065576 5881828.393256))
3; POLYGON((491325.789331 5881810.300000, 491337.200000 5881810.300000, 491337.200000 5881819.750073, 491325.789331 5881819.750073, 491325.789331 5881810.300000))
3; POLYGON((491284.151654 5881867.777942, 491297.184100 5881867.777942, 491297.184100 5881880.088803, 491284.151654 5881880.088803, 491284.151654 5881867.777942))
3; POLYGON((491290.113159 5881810.306671, 491303.841553 5881810.306671, 491303.841553 5881822.311426, 491290.113159 5881822.311426, 491290.113159 5881810.306671))
3; POLYGON((491307.540076 5881901.282826, 491318.489331 5881901.282826, 491318.489331 5881910.300000, 491307.540076 5881910.300000, 491307.540076 5881901.282826))
3; POLYGON((491306.556976 5881810.300000, 491323.872278 5881810.300000, 491323.872278 5881824.449072, 491306.556976 5881824.449072, 491306.556976 5881810.300000))
3; POLYGON((491325.207483 5881897.386374, 491337.200000 5881897.386374, 491337.200000 5881910.286523, 491325.207483 5881910.286523, 491325.207483 5881897.386374))
3; POLYGON((491311.348932 5881812.339368, 491323.899353 5881812.339368, 491323.899353 5881824.412433, 491311.348932 5881824.412433, 491311.348932 5881812.339368))
