3; POLYGON((489097.103033 5882410.300000, 489116.850574 5882410.300000, 489116.850574 5882426.650513, 489097.103033 5882426.650513, 489097.103033 5882410.300000))
3; POLYGON((489054.161574 5882432.851080, 489068.771667 5882432.851080, 489068.771667 5882448.659363, 489054.161574 5882448.659363, 489054.161574 5882432.851080))
3; POLYGON((489066.322607 5882426.611572, 489079.613690 5882426.611572, 489079.613690 5882440.632776, 489066.322607 5882440.632776, 489066.322607 5882426.611572))
3; POLYGON((489037.200000 5882462.282751, 489055.959732 5882462.282751, 489055.959732 5882485.264096, 489037.200000 5882485.264096, 489037.200000 5882462.282751))
3; POLYGON((489086.383026 5882489.733571, 489105.893091 5882489.733571, 489105.893091 5882508.743864, 489086.383026 5882508.743864, 489086.383026 5882489.733571))
3; POLYGON((489058.596570 5882507.587687, 489071.989328 5882507.587687, 489071.989328 5882510.295658, 489058.596570 5882510.295658, 489058.596570 5882507.587687))
3; POLYGON((489075.495291 5882469.965396, 489091.701807 5882469.965396, 489091.701807 5882487.020038, 489075.495291 5882487.020038, 489075.495291 5882469.965396))
3; POLYGON((489046.280171 5882484.868571, 489066.626770 5882484.868571, 489066.626770 5882507.575788, 489046.280171 5882507.575788, 489046.280171 5882484.868571))
3; POLYGON((489058.560226 5882507.306310, 489072.360751 5882507.306310, 489072.360751 5882510.297813, 489058.560226 5882510.297813, 489058.560226 5882507.306310))
3; POLYGON((489079.811008 5882434.843707, 489085.751514 5882434.843707, 489085.751514 5882441.561603, 489079.811008 5882441.561603, 489079.811008 5882434.843707))
3; POLYGON((489059.509911 5882507.201346, 489072.733182 5882507.201346, 489072.733182 5882510.298713, 489059.509911 5882510.298713, 489059.509911 5882507.201346))
3; POLYGON((489037.209055 5882441.147070, 489038.761024 5882441.147070, 489038.761024 5882453.897302, 489037.209055 5882453.897302, 489037.209055 5882441.147070))
3; POLYGON((489107.898596 5882463.399539, 489129.050104 5882463.399539, 489129.050104 5882483.254263, 489107.898596 5882483.254263, 489107.898596 5882463.399539))
3; POLYGON((489057.617940 5882507.805946, 489071.688879 5882507.805946, 489071.688879 5882510.300000, 489057.617940 5882510.300000, 489057.617940 5882507.805946))
3; POLYGON((489081.723682 5882414.929993, 489100.979053 5882414.929993, 489100.979053 5882436.254541, 489081.723682 5882436.254541, 489081.723682 5882414.929993))
