3; POLYGON((490037.528925 5880168.739694, 490137.200000 5880168.739694, 490137.200000 5880209.409942, 490037.528925 5880209.409942, 490037.528925 5880168.739694))
3; POLYGON((490115.193005 5880201.603338, 490126.623352 5880201.603338, 490126.623352 5880210.291149, 490115.193005 5880210.291149, 490115.193005 5880201.603338))
3; POLYGON((490120.057532 5880136.623932, 490137.200000 5880136.623932, 490137.200000 5880151.384021, 490120.057532 5880151.384021, 490120.057532 5880136.623932))
3; POLYGON((490037.231662 5880110.444489, 490075.378598 5880110.444489, 490075.378598 5880175.199014, 490037.231662 5880175.199014, 490037.231662 5880110.444489))
3; POLYGON((490049.688186 5880110.300000, 490075.083710 5880110.300000, 490075.083710 5880150.222467, 490049.688186 5880150.222467, 490049.688186 5880110.300000))
3; POLYGON((490037.233703 5880150.907367, 490066.123843 5880150.907367, 490066.123843 5880174.650513, 490037.233703 5880174.650513, 490037.233703 5880150.907367))
3; POLYGON((490119.965503 5880128.807770, 490137.200000 5880128.807770, 490137.200000 5880151.273236, 490119.965503 5880151.273236, 490119.965503 5880128.807770))
1; POLYGON((490087.386703 5880136.730237, 490093.879913 5880136.730237, 490093.879913 5880149.397235, 490087.386703 5880149.397235, 490087.386703 5880136.730237))
4; POLYGON((490037.200000 5880127.392175, 490044.515102 5880127.392175, 490044.515102 5880146.792688, 490037.200000 5880146.792688, 490037.200000 5880127.392175))
3; POLYGON((490051.459177 5880151.132330, 490066.261108 5880151.132330, 490066.261108 5880165.285226, 490051.459177 5880165.285226, 490051.459177 5880151.132330))
