3; POLYGON((489923.512799 5881588.327095, 489937.189264 5881588.327095, 489937.189264 5881610.258813, 489923.512799 5881610.258813, 489923.512799 5881588.327095))
3; POLYGON((489870.805252 5881510.663220, 489925.008472 5881510.663220, 489925.008472 5881599.326291, 489870.805252 5881599.326291, 489870.805252 5881510.663220))
3; POLYGON((489857.911685 5881540.260004, 489871.153955 5881540.260004, 489871.153955 5881552.461383, 489857.911685 5881552.461383, 489857.911685 5881540.260004))
3; POLYGON((489862.541652 5881602.136383, 489882.101398 5881602.136383, 489882.101398 5881610.300000, 489862.541652 5881610.300000, 489862.541652 5881602.136383))
3; POLYGON((489930.059320 5881559.775757, 489937.200000 5881559.775757, 489937.200000 5881581.373843, 489930.059320 5881581.373843, 489930.059320 5881559.775757))
3; POLYGON((489930.004486 5881554.817981, 489937.192590 5881554.817981, 489937.192590 5881581.260278, 489930.004486 5881581.260278, 489930.004486 5881554.817981))
3; POLYGON((489872.323041 5881540.840778, 489906.823712 5881540.840778, 489906.823712 5881598.700532, 489872.323041 5881598.700532, 489872.323041 5881540.840778))
3; POLYGON((489929.997479 5881557.736371, 489937.197980 5881557.736371, 489937.197980 5881581.187885, 489929.997479 5881581.187885, 489929.997479 5881557.736371))
3; POLYGON((489930.049139 5881550.153381, 489937.200000 5881550.153381, 489937.200000 5881581.319754, 489930.049139 5881581.319754, 489930.049139 5881550.153381))
3; POLYGON((489837.211496 5881510.300000, 489849.055316 5881510.300000, 489849.055316 5881538.521851, 489837.211496 5881538.521851, 489837.211496 5881510.300000))
3; POLYGON((489930.071075 5881562.106143, 489937.200000 5881562.106143, 489937.200000 5881581.354745, 489930.071075 5881581.354745, 489930.071075 5881562.106143))
3; POLYGON((489930.020795 5881546.830145, 489937.200000 5881546.830145, 489937.200000 5881581.297769, 489930.020795 5881581.297769, 489930.020795 5881546.830145))
3; POLYGON((489837.215606 5881564.801883, 489853.914925 5881564.801883, 489853.914925 5881592.871341, 489837.215606 5881592.871341, 489837.215606 5881564.801883))
