3; POLYGON((490237.203897 5880182.797620, 490251.217880 5880182.797620, 490251.217880 5880210.300000, 490237.203897 5880210.300000, 490237.203897 5880182.797620))
3; POLYGON((490253.818530 5880177.517972, 490271.777380 5880177.517972, 490271.777380 5880210.300000, 490253.818530 5880210.300000, 490253.818530 5880177.517972))
3; POLYGON((490259.633035 5880144.728235, 490298.426947 5880144.728235, 490298.426947 5880160.499518, 490259.633035 5880160.499518, 490259.633035 5880144.728235))
4; POLYGON((490261.226424 5880159.219519, 490269.540149 5880159.219519, 490269.540149 5880169.351736, 490261.226424 5880169.351736, 490261.226424 5880159.219519))
3; POLYGON((490281.119327 5880200.423805, 490294.404163 5880200.423805, 490294.404163 5880210.300000, 490281.119327 5880210.300000, 490281.119327 5880200.423805))
3; POLYGON((490238.846613 5880110.300000, 490247.260396 5880110.300000, 490247.260396 5880115.870575, 490238.846613 5880115.870575, 490238.846613 5880110.300000))
3; POLYGON((490237.210031 5880121.175208, 490243.928901 5880121.175208, 490243.928901 5880134.412036, 490237.210031 5880134.412036, 490237.210031 5880121.175208))
4; POLYGON((490319.079993 5880194.951900, 490326.826483 5880194.951900, 490326.826483 5880203.544772, 490319.079993 5880203.544772, 490319.079993 5880194.951900))
4; POLYGON((490308.783246 5880199.220496, 490318.205640 5880199.220496, 490318.205640 5880210.298898, 490308.783246 5880210.298898, 490308.783246 5880199.220496))
4; POLYGON((490247.849177 5880110.306171, 490328.949640 5880110.306171, 490328.949640 5880127.277386, 490247.849177 5880127.277386, 490247.849177 5880110.306171))
