3; POLYGON((489265.250516 5881557.767645, 489294.231293 5881557.767645, 489294.231293 5881580.031589, 489265.250516 5881580.031589, 489265.250516 5881557.767645))
3; POLYGON((489242.932712 5881530.833698, 489268.153979 5881530.833698, 489268.153979 5881545.909430, 489242.932712 5881545.909430, 489242.932712 5881530.833698))
3; POLYGON((489327.140674 5881592.494890, 489337.200000 5881592.494890, 489337.200000 5881610.300000, 489327.140674 5881610.300000, 489327.140674 5881592.494890))
4; POLYGON((489319.139612 5881536.945508, 489337.200000 5881536.945508, 489337.200000 5881561.345050, 489319.139612 5881561.345050, 489319.139612 5881536.945508))
4; POLYGON((489237.203569 5881530.544006, 489245.029022 5881530.544006, 489245.029022 5881541.772852, 489237.203569 5881541.772852, 489237.203569 5881530.544006))
4; POLYGON((489237.216849 5881543.453717, 489257.364174 5881543.453717, 489257.364174 5881610.300000, 489237.216849 5881610.300000, 489237.216849 5881543.453717))
1; POLYGON((489285.204343 5881604.088007, 489305.219263 5881604.088007, 489305.219263 5881610.297617, 489285.204343 5881610.297617, 489285.204343 5881604.088007))
4; POLYGON((489333.849841 5881577.330493, 489337.200000 5881577.330493, 489337.200000 5881591.614949, 489333.849841 5881591.614949, 489333.849841 5881577.330493))
4; POLYGON((489237.373730 5881530.445044, 489268.134647 5881530.445044, 489268.134647 5881609.750284, 489237.373730 5881609.750284, 489237.373730 5881530.445044))
4; POLYGON((489333.817230 5881574.799820, 489337.200000 5881574.799820, 489337.200000 5881591.602049, 489333.817230 5881591.602049, 489333.817230 5881574.799820))
4; POLYGON((489237.204186 5881543.761005, 489240.752741 5881543.761005, 489240.752741 5881569.315350, 489237.204186 5881569.315350, 489237.204186 5881543.761005))
4; POLYGON((489333.917780 5881576.102301, 489337.200000 5881576.102301, 489337.200000 5881591.520717, 489333.917780 5881591.520717, 489333.917780 5881576.102301))
4; POLYGON((489237.206878 5881544.376752, 489240.281919 5881544.376752, 489240.281919 5881567.391632, 489237.206878 5881567.391632, 489237.206878 5881544.376752))
4; POLYGON((489237.205456 5881543.737292, 489240.596874 5881543.737292, 489240.596874 5881567.458841, 489237.205456 5881567.458841, 489237.205456 5881543.737292))
4; POLYGON((489237.208765 5881544.390192, 489240.292460 5881544.390192, 489240.292460 5881564.797400, 489237.208765 5881564.797400, 489237.208765 5881544.390192))
3; POLYGON((489285.088293 5881603.983498, 489306.467407 5881603.983498, 489306.467407 5881610.300000, 489285.088293 5881610.300000, 489285.088293 5881603.983498))
4; POLYGON((489333.918304 5881573.336795, 489337.200000 5881573.336795, 489337.200000 5881591.548503, 489333.918304 5881591.548503, 489333.918304 5881573.336795))
4; POLYGON((489237.208254 5881544.289294, 489240.329893 5881544.289294, 489240.329893 5881560.605029, 489237.208254 5881560.605029, 489237.208254 5881544.289294))
