3; POLYGON((491278.937573 5882145.808820, 491291.544952 5882145.808820, 491291.544952 5882152.141650, 491278.937573 5882152.141650, 491278.937573 5882145.808820))
3; POLYGON((491245.713095 5882120.155170, 491257.820160 5882120.155170, 491257.820160 5882131.061505, 491245.713095 5882131.061505, 491245.713095 5882120.155170))
3; POLYGON((491284.132404 5882169.816092, 491294.780139 5882169.816092, 491294.780139 5882184.173907, 491284.132404 5882184.173907, 491284.132404 5882169.816092))
3; POLYGON((491237.207297 5882119.699493, 491240.884750 5882119.699493, 491240.884750 5882130.794135, 491237.207297 5882130.794135, 491237.207297 5882119.699493))
3; POLYGON((491294.986652 5882110.300000, 491306.642694 5882110.300000, 491306.642694 5882117.675665, 491294.986652 5882117.675665, 491294.986652 5882110.300000))
3; POLYGON((491296.013818 5882122.829651, 491306.344843 5882122.829651, 491306.344843 5882132.249976, 491296.013818 5882132.249976, 491296.013818 5882122.829651))
3; POLYGON((491295.168268 5882145.404822, 491307.126459 5882145.404822, 491307.126459 5882163.120728, 491295.168268 5882163.120728, 491295.168268 5882145.404822))
3; POLYGON((491266.100650 5882150.511243, 491275.774564 5882150.511243, 491275.774564 5882158.936835, 491266.100650 5882158.936835, 491266.100650 5882150.511243))
3; POLYGON((491263.376355 5882118.268555, 491274.907910 5882118.268555, 491274.907910 5882130.387457, 491263.376355 5882130.387457, 491263.376355 5882118.268555))
3; POLYGON((491246.973013 5882150.508203, 491254.878877 5882150.508203, 491254.878877 5882163.799655, 491246.973013 5882163.799655, 491246.973013 5882150.508203))
4; POLYGON((491274.307239 5882116.948535, 491278.574585 5882116.948535, 491278.574585 5882126.192023, 491274.307239 5882126.192023, 491274.307239 5882116.948535))
