4; POLYGON((489757.711070 5882435.277814, 489793.997498 5882435.277814, 489793.997498 5882490.935645, 489757.711070 5882490.935645, 489757.711070 5882435.277814))
3; POLYGON((489816.452380 5882416.831067, 489837.200000 5882416.831067, 489837.200000 5882444.050201, 489816.452380 5882444.050201, 489816.452380 5882416.831067))
4; POLYGON((489737.200000 5882499.477560, 489755.408342 5882499.477560, 489755.408342 5882510.300000, 489737.200000 5882510.300000, 489737.200000 5882499.477560))
4; POLYGON((489787.928854 5882483.768973, 489814.121497 5882483.768973, 489814.121497 5882506.841062, 489787.928854 5882506.841062, 489787.928854 5882483.768973))
4; POLYGON((489803.789209 5882410.300000, 489817.002222 5882410.300000, 489817.002222 5882425.391724, 489803.789209 5882425.391724, 489803.789209 5882410.300000))
4; POLYGON((489820.951306 5882508.037212, 489837.058447 5882508.037212, 489837.058447 5882510.297317, 489820.951306 5882510.297317, 489820.951306 5882508.037212))
4; POLYGON((489821.163068 5882508.185112, 489836.294684 5882508.185112, 489836.294684 5882510.296950, 489821.163068 5882510.296950, 489821.163068 5882508.185112))
4; POLYGON((489826.893066 5882474.114832, 489837.200000 5882474.114832, 489837.200000 5882488.053075, 489826.893066 5882488.053075, 489826.893066 5882474.114832))
4; POLYGON((489775.228256 5882505.941337, 489789.721222 5882505.941337, 489789.721222 5882510.297106, 489775.228256 5882510.297106, 489775.228256 5882505.941337))
3; POLYGON((489834.905011 5882478.329697, 489837.200000 5882478.329697, 489837.200000 5882491.234483, 489834.905011 5882491.234483, 489834.905011 5882478.329697))
4; POLYGON((489758.389970 5882410.300000, 489801.427240 5882410.300000, 489801.427240 5882420.180487, 489758.389970 5882420.180487, 489758.389970 5882410.300000))
4; POLYGON((489745.674147 5882410.300000, 489801.326697 5882410.300000, 489801.326697 5882420.254218, 489745.674147 5882420.254218, 489745.674147 5882410.300000))
3; POLYGON((489834.782520 5882477.486404, 489837.186182 5882477.486404, 489837.186182 5882491.549518, 489834.782520 5882491.549518, 489834.782520 5882477.486404))
4; POLYGON((489751.962662 5882410.300000, 489801.483057 5882410.300000, 489801.483057 5882420.192352, 489751.962662 5882420.192352, 489751.962662 5882410.300000))
4; POLYGON((489739.286365 5882410.300000, 489801.070630 5882410.300000, 489801.070630 5882420.123450, 489739.286365 5882420.123450, 489739.286365 5882410.300000))
4; POLYGON((489744.298746 5882487.432033, 489760.981009 5882487.432033, 489760.981009 5882501.523067, 489744.298746 5882501.523067, 489744.298746 5882487.432033))
3; POLYGON((489834.907349 5882476.803397, 489837.200000 5882476.803397, 489837.200000 5882491.652615, 489834.907349 5882491.652615, 489834.907349 5882476.803397))
4; POLYGON((489764.264548 5882410.300000, 489801.298090 5882410.300000, 489801.298090 5882420.196246, 489764.264548 5882420.196246, 489764.264548 5882410.300000))
4; POLYGON((489797.625177 5882465.218961, 489826.610535 5882465.218961, 489826.610535 5882485.107550, 489797.625177 5882485.107550, 489797.625177 5882465.218961))
4; POLYGON((489820.942084 5882508.231306, 489834.864716 5882508.231306, 489834.864716 5882510.296160, 489820.942084 5882510.296160, 489820.942084 5882508.231306))
4; POLYGON((489780.300473 5882499.750748, 489799.976599 5882499.750748, 489799.976599 5882510.300000, 489780.300473 5882510.300000, 489780.300473 5882499.750748))
4; POLYGON((489818.752972 5882508.021581, 489836.583234 5882508.021581, 489836.583234 5882510.297190, 489818.752972 5882510.297190, 489818.752972 5882508.021581))
3; POLYGON((489834.725037 5882475.504385, 489837.181091 5882475.504385, 489837.181091 5882492.069444, 489834.725037 5882492.069444, 489834.725037 5882475.504385))
4; POLYGON((489774.497437 5882506.411723, 489788.584521 5882506.411723, 489788.584521 5882510.297599, 489774.497437 5882510.297599, 489774.497437 5882506.411723))
3; POLYGON((489834.520215 5882477.897766, 489837.200000 5882477.897766, 489837.200000 5882491.893402, 489834.520215 5882491.893402, 489834.520215 5882477.897766))
4; POLYGON((489772.064828 5882505.960298, 489788.929926 5882505.960298, 489788.929926 5882510.300000, 489772.064828 5882510.300000, 489772.064828 5882505.960298))
4; POLYGON((489821.318018 5882508.300480, 489837.029730 5882508.300480, 489837.029730 5882510.295848, 489821.318018 5882510.295848, 489821.318018 5882508.300480))
4; POLYGON((489803.860199 5882410.300000, 489815.808234 5882410.300000, 489815.808234 5882425.332214, 489803.860199 5882425.332214, 489803.860199 5882410.300000))
4; POLYGON((489780.168973 5882499.746275, 489804.840717 5882499.746275, 489804.840717 5882510.299440, 489780.168973 5882510.299440, 489780.168973 5882499.746275))
4; POLYGON((489767.898547 5882410.300000, 489801.389978 5882410.300000, 489801.389978 5882420.209137, 489767.898547 5882420.209137, 489767.898547 5882410.300000))
