4; POLYGON((490779.801855 5881329.640283, 490834.112463 5881329.640283, 490834.112463 5881345.028125, 490779.801855 5881345.028125, 490779.801855 5881329.640283))
4; POLYGON((490763.827628 5881310.300000, 490777.654318 5881310.300000, 490777.654318 5881319.795874, 490763.827628 5881319.795874, 490763.827628 5881310.300000))
4; POLYGON((490797.946783 5881351.854083, 490837.193805 5881351.854083, 490837.193805 5881362.315619, 490797.946783 5881362.315619, 490797.946783 5881351.854083))
4; POLYGON((490745.715888 5881334.680176, 490753.804587 5881334.680176, 490753.804587 5881353.092859, 490745.715888 5881353.092859, 490745.715888 5881334.680176))
4; POLYGON((490747.652251 5881356.953131, 490781.506400 5881356.953131, 490781.506400 5881366.959494, 490747.652251 5881366.959494, 490747.652251 5881356.953131))
4; POLYGON((490762.172768 5881342.408929, 490769.728485 5881342.408929, 490769.728485 5881351.538623, 490762.172768 5881351.538623, 490762.172768 5881342.408929))
4; POLYGON((490762.191928 5881343.313409, 490769.710190 5881343.313409, 490769.710190 5881351.552582, 490762.191928 5881351.552582, 490762.191928 5881343.313409))
4; POLYGON((490762.111209 5881341.592047, 490769.901724 5881341.592047, 490769.901724 5881351.517010, 490762.111209 5881351.517010, 490762.111209 5881341.592047))
4; POLYGON((490831.229877 5881373.738370, 490836.849445 5881373.738370, 490836.849445 5881381.375452, 490831.229877 5881381.375452, 490831.229877 5881373.738370))
4; POLYGON((490759.302510 5881382.802835, 490764.558731 5881382.802835, 490764.558731 5881387.973051, 490759.302510 5881387.973051, 490759.302510 5881382.802835))
4; POLYGON((490796.159552 5881329.663184, 490834.061163 5881329.663184, 490834.061163 5881344.895026, 490796.159552 5881344.895026, 490796.159552 5881329.663184))
