3; POLYGON((491693.053302 5882538.599872, 491717.041980 5882538.599872, 491717.041980 5882555.093475, 491693.053302 5882555.093475, 491693.053302 5882538.599872))
3; POLYGON((491637.209210 5882589.730495, 491647.051466 5882589.730495, 491647.051466 5882603.767280, 491637.209210 5882603.767280, 491637.209210 5882589.730495))
3; POLYGON((491663.903168 5882539.887976, 491684.602304 5882539.887976, 491684.602304 5882552.602637, 491663.903168 5882552.602637, 491663.903168 5882539.887976))
3; POLYGON((491724.285992 5882510.333087, 491734.552344 5882510.333087, 491734.552344 5882521.603845, 491724.285992 5882521.603845, 491724.285992 5882510.333087))
3; POLYGON((491697.805176 5882594.410350, 491715.313110 5882594.410350, 491715.313110 5882610.228781, 491697.805176 5882610.228781, 491697.805176 5882594.410350))
3; POLYGON((491688.919470 5882565.511725, 491694.126807 5882565.511725, 491694.126807 5882575.378632, 491688.919470 5882575.378632, 491688.919470 5882565.511725))
3; POLYGON((491676.485269 5882592.229150, 491692.804883 5882592.229150, 491692.804883 5882609.086223, 491676.485269 5882609.086223, 491676.485269 5882592.229150))
3; POLYGON((491726.092108 5882593.035492, 491737.200000 5882593.035492, 491737.200000 5882603.214713, 491726.092108 5882603.214713, 491726.092108 5882593.035492))
3; POLYGON((491653.967960 5882594.664983, 491670.973236 5882594.664983, 491670.973236 5882604.715260, 491653.967960 5882604.715260, 491653.967960 5882594.664983))
3; POLYGON((491640.297601 5882510.300000, 491647.759451 5882510.300000, 491647.759451 5882512.208191, 491640.297601 5882512.208191, 491640.297601 5882510.300000))
4; POLYGON((491689.957764 5882526.042865, 491697.089337 5882526.042865, 491697.089337 5882533.456396, 491689.957764 5882533.456396, 491689.957764 5882526.042865))
3; POLYGON((491651.683492 5882568.321512, 491657.015791 5882568.321512, 491657.015791 5882576.139758, 491651.683492 5882576.139758, 491651.683492 5882568.321512))
3; POLYGON((491640.315159 5882510.300000, 491647.685179 5882510.300000, 491647.685179 5882512.386072, 491640.315159 5882512.386072, 491640.315159 5882510.300000))
3; POLYGON((491637.201638 5882534.307343, 491648.204858 5882534.307343, 491648.204858 5882552.307648, 491637.201638 5882552.307648, 491637.201638 5882534.307343))
3; POLYGON((491665.137088 5882510.300000, 491686.166595 5882510.300000, 491686.166595 5882519.085315, 491665.137088 5882519.085315, 491665.137088 5882510.300000))
3; POLYGON((491637.200507 5882538.949811, 491648.055838 5882538.949811, 491648.055838 5882552.219556, 491637.200507 5882552.219556, 491637.200507 5882538.949811))
