3; POLYGON((489606.663098 5880183.192432, 489626.599316 5880183.192432, 489626.599316 5880210.300000, 489606.663098 5880210.300000, 489606.663098 5880183.192432))
3; POLYGON((489610.671527 5880110.300000, 489629.092175 5880110.300000, 489629.092175 5880137.724677, 489610.671527 5880137.724677, 489610.671527 5880110.300000))
3; POLYGON((489598.680615 5880148.800952, 489637.190527 5880148.800952, 489637.190527 5880170.827594, 489598.680615 5880170.827594, 489598.680615 5880148.800952))
3; POLYGON((489581.746899 5880110.391461, 489606.896136 5880110.391461, 489606.896136 5880145.824030, 489581.746899 5880145.824030, 489581.746899 5880110.391461))
3; POLYGON((489537.207045 5880119.636420, 489566.645895 5880119.636420, 489566.645895 5880209.771682, 489537.207045 5880209.771682, 489537.207045 5880119.636420))
3; POLYGON((489611.406622 5880131.638336, 489618.452460 5880131.638336, 489618.452460 5880139.700531, 489611.406622 5880139.700531, 489611.406622 5880131.638336))
3; POLYGON((489543.695714 5880110.419147, 489599.831189 5880110.419147, 489599.831189 5880209.999256, 489543.695714 5880209.999256, 489543.695714 5880110.419147))
3; POLYGON((489552.187700 5880110.488367, 489596.193384 5880110.488367, 489596.193384 5880209.799479, 489552.187700 5880209.799479, 489552.187700 5880110.488367))
3; POLYGON((489550.839182 5880110.528497, 489599.710260 5880110.528497, 489599.710260 5880209.993647, 489550.839182 5880209.993647, 489550.839182 5880110.528497))
3; POLYGON((489537.200000 5880113.858496, 489568.173267 5880113.858496, 489568.173267 5880210.159881, 489537.200000 5880210.159881, 489537.200000 5880113.858496))
3; POLYGON((489537.200000 5880111.097577, 489599.528491 5880111.097577, 489599.528491 5880210.224392, 489537.200000 5880210.224392, 489537.200000 5880111.097577))
