3; POLYGON((489461.875201 5880710.483960, 489530.163391 5880710.483960, 489530.163391 5880743.551184, 489461.875201 5880743.551184, 489461.875201 5880710.483960))
3; POLYGON((489455.247928 5880779.767923, 489528.738196 5880779.767923, 489528.738196 5880806.652267, 489455.247928 5880806.652267, 489455.247928 5880779.767923))
3; POLYGON((489437.200000 5880797.430391, 489453.388463 5880797.430391, 489453.388463 5880810.300000, 489437.200000 5880810.300000, 489437.200000 5880797.430391))
3; POLYGON((489437.200000 5880735.968530, 489461.351927 5880735.968530, 489461.351927 5880756.407043, 489437.200000 5880756.407043, 489437.200000 5880735.968530))
3; POLYGON((489528.720294 5880771.520868, 489537.200000 5880771.520868, 489537.200000 5880788.140599, 489528.720294 5880788.140599, 489528.720294 5880771.520868))
3; POLYGON((489511.429688 5880804.499054, 489537.169226 5880804.499054, 489537.169226 5880810.298457, 489511.429688 5880810.298457, 489511.429688 5880804.499054))
3; POLYGON((489530.604272 5880710.300000, 489537.151660 5880710.300000, 489537.151660 5880713.275848, 489530.604272 5880713.275848, 489530.604272 5880710.300000))
3; POLYGON((489528.775189 5880773.185172, 489537.200000 5880773.185172, 489537.200000 5880788.063193, 489528.775189 5880788.063193, 489528.775189 5880773.185172))
3; POLYGON((489530.359436 5880710.300000, 489537.173108 5880710.300000, 489537.173108 5880713.024750, 489530.359436 5880713.024750, 489530.359436 5880710.300000))
3; POLYGON((489510.251166 5880803.664944, 489537.164966 5880803.664944, 489537.164966 5880810.284035, 489510.251166 5880810.284035, 489510.251166 5880803.664944))
3; POLYGON((489437.200000 5880735.866199, 489461.383151 5880735.866199, 489461.383151 5880764.718079, 489437.200000 5880764.718079, 489437.200000 5880735.866199))
3; POLYGON((489505.829022 5880803.633456, 489537.183624 5880803.633456, 489537.183624 5880810.288905, 489505.829022 5880810.288905, 489505.829022 5880803.633456))
3; POLYGON((489515.248053 5880804.625523, 489537.167407 5880804.625523, 489537.167407 5880810.281010, 489515.248053 5880810.281010, 489515.248053 5880804.625523))
