3; POLYGON((490429.584283 5881431.330719, 490437.200000 5881431.330719, 490437.200000 5881445.536670, 490429.584283 5881445.536670, 490429.584283 5881431.330719))
3; POLYGON((490415.226599 5881430.712201, 490424.931116 5881430.712201, 490424.931116 5881443.986011, 490415.226599 5881443.986011, 490415.226599 5881430.712201))
3; POLYGON((490367.083960 5881490.056514, 490391.256787 5881490.056514, 490391.256787 5881504.389366, 490367.083960 5881504.389366, 490367.083960 5881490.056514))
3; POLYGON((490397.884698 5881492.230832, 490414.091119 5881492.230832, 490414.091119 5881508.474697, 490397.884698 5881508.474697, 490397.884698 5881492.230832))
3; POLYGON((490400.206958 5881428.949707, 490410.854327 5881428.949707, 490410.854327 5881442.719476, 490400.206958 5881442.719476, 490400.206958 5881428.949707))
3; POLYGON((490342.483744 5881487.695598, 490359.608247 5881487.695598, 490359.608247 5881498.437511, 490342.483744 5881498.437511, 490342.483744 5881487.695598))
4; POLYGON((490393.467596 5881492.878566, 490398.018768 5881492.878566, 490398.018768 5881500.513608, 490393.467596 5881500.513608, 490393.467596 5881492.878566))
4; POLYGON((490420.445392 5881494.569933, 490437.200000 5881494.569933, 490437.200000 5881510.300000, 490420.445392 5881510.300000, 490420.445392 5881494.569933))
4; POLYGON((490337.417491 5881421.496466, 490356.030737 5881421.496466, 490356.030737 5881441.450928, 490337.417491 5881441.450928, 490337.417491 5881421.496466))
4; POLYGON((490412.871466 5881424.305719, 490416.844519 5881424.305719, 490416.844519 5881431.499951, 490412.871466 5881431.499951, 490412.871466 5881424.305719))
