3; POLYGON((491141.691982 5882455.625958, 491173.664346 5882455.625958, 491173.664346 5882484.241846, 491141.691982 5882484.241846, 491141.691982 5882455.625958))
2; POLYGON((491155.881490 5882453.965479, 491162.336343 5882453.965479, 491162.336343 5882464.932672, 491155.881490 5882464.932672, 491155.881490 5882453.965479))
3; POLYGON((491215.843066 5882465.851752, 491237.200000 5882465.851752, 491237.200000 5882484.463385, 491215.843066 5882484.463385, 491215.843066 5882465.851752))
3; POLYGON((491185.774844 5882465.289154, 491208.776166 5882465.289154, 491208.776166 5882493.800932, 491185.774844 5882493.800932, 491185.774844 5882465.289154))
3; POLYGON((491145.713722 5882501.072305, 491159.666685 5882501.072305, 491159.666685 5882510.286972, 491145.713722 5882510.286972, 491145.713722 5882501.072305))
4; POLYGON((491137.209383 5882493.193890, 491147.087498 5882493.193890, 491147.087498 5882510.300000, 491137.209383 5882510.300000, 491137.209383 5882493.193890))
2; POLYGON((491156.348918 5882454.051886, 491162.457446 5882454.051886, 491162.457446 5882464.401459, 491156.348918 5882464.401459, 491156.348918 5882454.051886))
4; POLYGON((491137.206419 5882493.160919, 491146.115469 5882493.160919, 491146.115469 5882510.212871, 491137.206419 5882510.212871, 491137.206419 5882493.160919))
4; POLYGON((491229.363507 5882483.103815, 491237.200000 5882483.103815, 491237.200000 5882490.371135, 491229.363507 5882490.371135, 491229.363507 5882483.103815))
1; POLYGON((491145.951997 5882453.154987, 491158.467863 5882453.154987, 491158.467863 5882467.705099, 491145.951997 5882467.705099, 491145.951997 5882453.154987))
2; POLYGON((491155.706111 5882467.966455, 491165.440863 5882467.966455, 491165.440863 5882477.160556, 491155.706111 5882477.160556, 491155.706111 5882467.966455))
2; POLYGON((491226.320599 5882482.026038, 491230.771643 5882482.026038, 491230.771643 5882488.396033, 491226.320599 5882488.396033, 491226.320599 5882482.026038))
4; POLYGON((491145.929796 5882453.129565, 491158.544131 5882453.129565, 491158.544131 5882467.733060, 491145.929796 5882467.733060, 491145.929796 5882453.129565))
2; POLYGON((491155.048413 5882468.025610, 491164.753635 5882468.025610, 491164.753635 5882477.223764, 491155.048413 5882477.223764, 491155.048413 5882468.025610))
2; POLYGON((491154.578717 5882468.151138, 491163.927295 5882468.151138, 491163.927295 5882477.240799, 491154.578717 5882477.240799, 491154.578717 5882468.151138))
2; POLYGON((491183.277960 5882502.270149, 491197.050763 5882502.270149, 491197.050763 5882510.296307, 491183.277960 5882510.296307, 491183.277960 5882502.270149))
