3; POLYGON((489985.602960 5880718.766547, 489998.185809 5880718.766547, 489998.185809 5880731.242169, 489985.602960 5880731.242169, 489985.602960 5880718.766547))
3; POLYGON((490008.930963 5880783.042792, 490016.569580 5880783.042792, 490016.569580 5880790.812518, 490008.930963 5880790.812518, 490008.930963 5880783.042792))
4; POLYGON((489950.448267 5880798.174037, 489958.656601 5880798.174037, 489958.656601 5880803.781558, 489950.448267 5880803.781558, 489950.448267 5880798.174037))
4; POLYGON((490000.978436 5880791.852518, 490007.721881 5880791.852518, 490007.721881 5880798.428125, 490000.978436 5880798.428125, 490000.978436 5880791.852518))
3; POLYGON((489986.690430 5880718.783478, 489998.355762 5880718.783478, 489998.355762 5880730.590344, 489986.690430 5880730.590344, 489986.690430 5880718.783478))
4; POLYGON((490011.575861 5880714.293542, 490020.383344 5880714.293542, 490020.383344 5880726.400128, 490011.575861 5880726.400128, 490011.575861 5880714.293542))
4; POLYGON((490008.942841 5880783.060492, 490016.551172 5880783.060492, 490016.551172 5880790.836969, 490008.942841 5880790.836969, 490008.942841 5880783.060492))
4; POLYGON((489972.368146 5880730.297614, 489981.976044 5880730.297614, 489981.976044 5880738.352753, 489972.368146 5880738.352753, 489972.368146 5880730.297614))
4; POLYGON((489965.771439 5880728.001166, 489972.373114 5880728.001166, 489972.373114 5880735.211609, 489965.771439 5880735.211609, 489965.771439 5880728.001166))
4; POLYGON((489961.101271 5880794.945155, 489967.196857 5880794.945155, 489967.196857 5880802.571013, 489961.101271 5880802.571013, 489961.101271 5880794.945155))
3; POLYGON((489961.126459 5880794.953523, 489967.212027 5880794.953523, 489967.212027 5880802.569827, 489961.126459 5880802.569827, 489961.126459 5880794.953523))
4; POLYGON((489954.269374 5880802.926517, 489959.903079 5880802.926517, 489959.903079 5880809.357366, 489954.269374 5880809.357366, 489954.269374 5880802.926517))
4; POLYGON((490020.617255 5880777.702048, 490027.287970 5880777.702048, 490027.287970 5880783.408514, 490020.617255 5880783.408514, 490020.617255 5880777.702048))
4; POLYGON((490022.893500 5880710.644781, 490035.806464 5880710.644781, 490035.806464 5880722.122064, 490022.893500 5880722.122064, 490022.893500 5880710.644781))
4; POLYGON((489979.427362 5880788.073779, 489985.453671 5880788.073779, 489985.453671 5880793.528006, 489979.427362 5880793.528006, 489979.427362 5880788.073779))
0; POLYGON((489980.403275 5880725.685120, 489988.251141 5880725.685120, 489988.251141 5880732.462335, 489980.403275 5880732.462335, 489980.403275 5880725.685120))
0; POLYGON((489980.528986 5880725.321570, 489988.538226 5880725.321570, 489988.538226 5880732.492719, 489980.528986 5880732.492719, 489980.528986 5880725.321570))
4; POLYGON((490020.267651 5880710.553052, 490035.901331 5880710.553052, 490035.901331 5880726.179816, 490020.267651 5880726.179816, 490020.267651 5880710.553052))
3; POLYGON((489985.287540 5880718.761505, 490000.810913 5880718.761505, 490000.810913 5880732.640424, 489985.287540 5880732.640424, 489985.287540 5880718.761505))
4; POLYGON((489991.637463 5880788.425027, 489997.016815 5880788.425027, 489997.016815 5880794.768788, 489991.637463 5880794.768788, 489991.637463 5880788.425027))
4; POLYGON((490021.558508 5880721.081415, 490029.187518 5880721.081415, 490029.187518 5880726.348364, 490021.558508 5880726.348364, 490021.558508 5880721.081415))
4; POLYGON((489965.724689 5880727.877667, 489982.079703 5880727.877667, 489982.079703 5880738.313153, 489965.724689 5880738.313153, 489965.724689 5880727.877667))
4; POLYGON((489950.376425 5880798.138432, 489959.857843 5880798.138432, 489959.857843 5880809.382361, 489950.376425 5880809.382361, 489950.376425 5880798.138432))
