3; POLYGON((490667.946649 5881828.092493, 490705.079315 5881828.092493, 490705.079315 5881863.581052, 490667.946649 5881863.581052, 490667.946649 5881828.092493))
3; POLYGON((490637.239554 5881859.939188, 490671.137869 5881859.939188, 490671.137869 5881892.324182, 490637.239554 5881892.324182, 490637.239554 5881859.939188))
3; POLYGON((490644.186054 5881819.764758, 490664.251007 5881819.764758, 490664.251007 5881839.594409, 490644.186054 5881839.594409, 490644.186054 5881819.764758))
3; POLYGON((490703.299780 5881812.762323, 490722.776337 5881812.762323, 490722.776337 5881832.905713, 490703.299780 5881832.905713, 490703.299780 5881812.762323))
3; POLYGON((490674.710889 5881904.809643, 490691.602673 5881904.809643, 490691.602673 5881910.300000, 490674.710889 5881910.300000, 490674.710889 5881904.809643))
3; POLYGON((490637.200419 5881835.868695, 490646.950786 5881835.868695, 490646.950786 5881855.467853, 490637.200419 5881855.467853, 490637.200419 5881835.868695))
3; POLYGON((490724.328107 5881810.300000, 490737.200000 5881810.300000, 490737.200000 5881820.571936, 490724.328107 5881820.571936, 490724.328107 5881810.300000))
3; POLYGON((490696.848535 5881840.482422, 490737.200000 5881840.482422, 490737.200000 5881897.651722, 490696.848535 5881897.651722, 490696.848535 5881840.482422))
3; POLYGON((490637.215485 5881835.880029, 490646.975494 5881835.880029, 490646.975494 5881857.645233, 490637.215485 5881857.645233, 490637.215485 5881835.880029))
3; POLYGON((490637.216232 5881835.899365, 490646.990365 5881835.899365, 490646.990365 5881861.794772, 490637.216232 5881861.794772, 490637.216232 5881835.899365))
3; POLYGON((490662.389523 5881810.675122, 490676.616733 5881810.675122, 490676.616733 5881824.661053, 490662.389523 5881824.661053, 490662.389523 5881810.675122))
3; POLYGON((490667.775327 5881904.767752, 490691.402319 5881904.767752, 490691.402319 5881910.300000, 490667.775327 5881910.300000, 490667.775327 5881904.767752))
3; POLYGON((490673.881711 5881810.300000, 490690.547119 5881810.300000, 490690.547119 5881815.286493, 490673.881711 5881815.286493, 490673.881711 5881810.300000))
3; POLYGON((490674.253653 5881810.300000, 490692.775262 5881810.300000, 490692.775262 5881815.336481, 490674.253653 5881815.336481, 490674.253653 5881810.300000))
3; POLYGON((490637.219835 5881835.902435, 490647.022061 5881835.902435, 490647.022061 5881865.304391, 490637.219835 5881865.304391, 490637.219835 5881835.902435))
3; POLYGON((490676.274973 5881904.752996, 490691.586609 5881904.752996, 490691.586609 5881910.285825, 490676.274973 5881910.285825, 490676.274973 5881904.752996))
3; POLYGON((490674.185889 5881810.300000, 490689.269592 5881810.300000, 490689.269592 5881815.246057, 490674.185889 5881815.246057, 490674.185889 5881810.300000))
