3; POLYGON((490775.784433 5879910.300000, 490817.418738 5879910.300000, 490817.418738 5879934.174500, 490775.784433 5879934.174500, 490775.784433 5879910.300000))
3; POLYGON((490792.881311 5879990.851271, 490810.056909 5879990.851271, 490810.056909 5880002.373009, 490792.881311 5880002.373009, 490792.881311 5879990.851271))
3; POLYGON((490775.274985 5879980.308279, 490789.158423 5879980.308279, 490789.158423 5879992.368498, 490775.274985 5879992.368498, 490775.274985 5879980.308279))
4; POLYGON((490823.740875 5879910.675165, 490837.200000 5879910.675165, 490837.200000 5879945.476740, 490823.740875 5879945.476740, 490823.740875 5879910.675165))
4; POLYGON((490785.611081 5879942.041205, 490837.200000 5879942.041205, 490837.200000 5879992.341646, 490785.611081 5879992.341646, 490785.611081 5879942.041205))
4; POLYGON((490785.825488 5879942.660571, 490837.199445 5879942.660571, 490837.199445 5879987.115506, 490785.825488 5879987.115506, 490785.825488 5879942.660571))
2; POLYGON((490737.254263 5879920.591687, 490753.462199 5879920.591687, 490753.462199 5879939.374652, 490737.254263 5879939.374652, 490737.254263 5879920.591687))
4; POLYGON((490765.399805 5879973.104172, 490777.490051 5879973.104172, 490777.490051 5879990.124437, 490765.399805 5879990.124437, 490765.399805 5879973.104172))
4; POLYGON((490783.725644 5879910.746185, 490837.200000 5879910.746185, 490837.200000 5879988.972517, 490783.725644 5879988.972517, 490783.725644 5879910.746185))
1; POLYGON((490737.213098 5879924.966644, 490750.776274 5879924.966644, 490750.776274 5879955.391833, 490737.213098 5879955.391833, 490737.213098 5879924.966644))
4; POLYGON((490745.890893 5880007.465479, 490759.887172 5880007.465479, 490759.887172 5880010.293095, 490745.890893 5880010.293095, 490745.890893 5880007.465479))
4; POLYGON((490745.897272 5880007.322549, 490758.901280 5880007.322549, 490758.901280 5880010.300000, 490745.897272 5880010.300000, 490745.897272 5880007.322549))
4; POLYGON((490785.120972 5879941.643341, 490837.200000 5879941.643341, 490837.200000 5880001.241615, 490785.120972 5880001.241615, 490785.120972 5879941.643341))
4; POLYGON((490777.743066 5879910.756146, 490837.169965 5879910.756146, 490837.169965 5879991.643700, 490777.743066 5879991.643700, 490777.743066 5879910.756146))
4; POLYGON((490823.849054 5879910.767816, 490837.200000 5879910.767816, 490837.200000 5879949.063751, 490823.849054 5879949.063751, 490823.849054 5879910.767816))
4; POLYGON((490746.030138 5880007.565333, 490758.300928 5880007.565333, 490758.300928 5880010.293684, 490746.030138 5880010.293684, 490746.030138 5880007.565333))
4; POLYGON((490823.782440 5879910.574023, 490837.200000 5879910.574023, 490837.200000 5879954.560730, 490823.782440 5879954.560730, 490823.782440 5879910.574023))
