3; POLYGON((490565.091055 5881915.570343, 490601.600537 5881915.570343, 490601.600537 5881949.487592, 490565.091055 5881949.487592, 490565.091055 5881915.570343))
3; POLYGON((490537.459098 5881910.300000, 490566.730420 5881910.300000, 490566.730420 5881925.174835, 490537.459098 5881925.174835, 490537.459098 5881910.300000))
3; POLYGON((490599.235278 5881910.300000, 490629.022827 5881910.300000, 490629.022827 5881923.218451, 490599.235278 5881923.218451, 490599.235278 5881910.300000))
3; POLYGON((490599.214026 5881910.300000, 490625.900885 5881910.300000, 490625.900885 5881923.243274, 490599.214026 5881923.243274, 490599.214026 5881910.300000))
3; POLYGON((490599.342535 5881910.300000, 490635.608978 5881910.300000, 490635.608978 5881923.208264, 490599.342535 5881923.208264, 490599.342535 5881910.300000))
3; POLYGON((490612.093103 5881984.236792, 490637.123663 5881984.236792, 490637.123663 5882010.300000, 490612.093103 5882010.300000, 490612.093103 5881984.236792))
3; POLYGON((490578.209506 5881950.898132, 490619.961877 5881950.898132, 490619.961877 5881985.868242, 490578.209506 5881985.868242, 490578.209506 5881950.898132))
3; POLYGON((490578.651266 5881938.319757, 490637.146796 5881938.319757, 490637.146796 5881985.657068, 490578.651266 5881985.657068, 490578.651266 5881938.319757))
3; POLYGON((490616.098389 5881938.266046, 490637.200000 5881938.266046, 490637.200000 5881969.126382, 490616.098389 5881969.126382, 490616.098389 5881938.266046))
3; POLYGON((490632.458752 5881977.635577, 490637.200000 5881977.635577, 490637.200000 5881990.823140, 490632.458752 5881990.823140, 490632.458752 5881977.635577))
3; POLYGON((490537.291545 5881951.090991, 490554.152585 5881951.090991, 490554.152585 5881968.782840, 490537.291545 5881968.782840, 490537.291545 5881951.090991))
3; POLYGON((490586.188153 5881960.335779, 490620.076959 5881960.335779, 490620.076959 5881985.755727, 490586.188153 5881985.755727, 490586.188153 5881960.335779))
3; POLYGON((490612.074933 5881975.910019, 490637.200000 5881975.910019, 490637.200000 5882010.272951, 490612.074933 5882010.272951, 490612.074933 5881975.910019))
3; POLYGON((490545.145302 5881967.330420, 490572.371042 5881967.330420, 490572.371042 5881998.222601, 490545.145302 5881998.222601, 490545.145302 5881967.330420))
3; POLYGON((490563.689972 5881996.642116, 490595.046313 5881996.642116, 490595.046313 5882010.297747, 490563.689972 5882010.297747, 490563.689972 5881996.642116))
3; POLYGON((490615.925964 5881932.073102, 490637.200000 5881932.073102, 490637.200000 5881969.252499, 490615.925964 5881969.252499, 490615.925964 5881932.073102))
