3; POLYGON((489638.239880 5882119.960986, 489692.008521 5882119.960986, 489692.008521 5882164.976895, 489638.239880 5882164.976895, 489638.239880 5882119.960986))
3; POLYGON((489640.867551 5882176.234628, 489665.898383 5882176.234628, 489665.898383 5882203.341364, 489640.867551 5882203.341364, 489640.867551 5882176.234628))
3; POLYGON((489677.437067 5882159.342764, 489726.919910 5882159.342764, 489726.919910 5882209.126827, 489677.437067 5882209.126827, 489677.437067 5882159.342764))
3; POLYGON((489637.200000 5882110.300000, 489664.422440 5882110.300000, 489664.422440 5882136.440179, 489637.200000 5882136.440179, 489637.200000 5882110.300000))
3; POLYGON((489651.206590 5882167.020416, 489676.394974 5882167.020416, 489676.394974 5882194.092947, 489651.206590 5882194.092947, 489651.206590 5882167.020416))
3; POLYGON((489693.522955 5882110.300000, 489722.249957 5882110.300000, 489722.249957 5882123.294702, 489693.522955 5882123.294702, 489693.522955 5882110.300000))
3; POLYGON((489706.296405 5882191.244824, 489737.046216 5882191.244824, 489737.046216 5882210.300000, 489706.296405 5882210.300000, 489706.296405 5882191.244824))
3; POLYGON((489637.201244 5882187.838777, 489655.733582 5882187.838777, 489655.733582 5882210.300000, 489637.201244 5882210.300000, 489637.201244 5882187.838777))
3; POLYGON((489724.615308 5882134.586292, 489737.200000 5882134.586292, 489737.200000 5882160.833615, 489724.615308 5882160.833615, 489724.615308 5882134.586292))
3; POLYGON((489724.601550 5882131.628943, 489737.200000 5882131.628943, 489737.200000 5882160.856854, 489724.601550 5882160.856854, 489724.601550 5882131.628943))
3; POLYGON((489724.596320 5882126.952527, 489737.200000 5882126.952527, 489737.200000 5882160.951077, 489724.596320 5882160.951077, 489724.596320 5882126.952527))
3; POLYGON((489724.595984 5882121.918573, 489737.188409 5882121.918573, 489737.188409 5882160.886130, 489724.595984 5882160.886130, 489724.595984 5882121.918573))
3; POLYGON((489697.153424 5882191.266470, 489736.973260 5882191.266470, 489736.973260 5882210.271059, 489697.153424 5882210.271059, 489697.153424 5882191.266470))
