3; POLYGON((489078.497552 5882142.092712, 489096.919830 5882142.092712, 489096.919830 5882158.360248, 489078.497552 5882158.360248, 489078.497552 5882142.092712))
3; POLYGON((489049.051963 5882156.067297, 489062.221298 5882156.067297, 489062.221298 5882171.143356, 489049.051963 5882171.143356, 489049.051963 5882156.067297))
3; POLYGON((489076.631610 5882187.441525, 489092.372394 5882187.441525, 489092.372394 5882202.396433, 489076.631610 5882202.396433, 489076.631610 5882187.441525))
3; POLYGON((489054.752377 5882110.300000, 489066.839108 5882110.300000, 489066.839108 5882123.156488, 489054.752377 5882123.156488, 489054.752377 5882110.300000))
3; POLYGON((489092.275983 5882181.188013, 489110.824005 5882181.188013, 489110.824005 5882203.630781, 489092.275983 5882203.630781, 489092.275983 5882181.188013))
3; POLYGON((489062.071951 5882150.590533, 489079.554980 5882150.590533, 489079.554980 5882166.069083, 489062.071951 5882166.069083, 489062.071951 5882150.590533))
3; POLYGON((489112.451715 5882134.796912, 489123.396130 5882134.796912, 489123.396130 5882149.736896, 489112.451715 5882149.736896, 489112.451715 5882134.796912))
3; POLYGON((489099.840521 5882137.230518, 489111.332220 5882137.230518, 489111.332220 5882152.565216, 489099.840521 5882152.565216, 489099.840521 5882137.230518))
3; POLYGON((489066.007800 5882110.300000, 489082.791745 5882110.300000, 489082.791745 5882118.204785, 489066.007800 5882118.204785, 489066.007800 5882110.300000))
3; POLYGON((489060.311751 5882188.627449, 489074.826059 5882188.627449, 489074.826059 5882205.000612, 489060.311751 5882205.000612, 489060.311751 5882188.627449))
3; POLYGON((489037.208592 5882161.420767, 489051.697173 5882161.420767, 489051.697173 5882179.647525, 489037.208592 5882179.647525, 489037.208592 5882161.420767))
3; POLYGON((489037.200000 5882203.950925, 489049.696741 5882203.950925, 489049.696741 5882210.292900, 489037.200000 5882210.292900, 489037.200000 5882203.950925))
3; POLYGON((489107.284344 5882172.389810, 489124.937524 5882172.389810, 489124.937524 5882189.498309, 489107.284344 5882189.498309, 489107.284344 5882172.389810))
3; POLYGON((489038.199941 5882114.693231, 489056.633328 5882114.693231, 489056.633328 5882132.331177, 489038.199941 5882132.331177, 489038.199941 5882114.693231))
3; POLYGON((489065.821555 5882110.300000, 489082.656006 5882110.300000, 489082.656006 5882117.567371, 489065.821555 5882117.567371, 489065.821555 5882110.300000))
3; POLYGON((489037.209568 5882123.699524, 489039.155189 5882123.699524, 489039.155189 5882136.753107, 489037.209568 5882136.753107, 489037.209568 5882123.699524))
3; POLYGON((489126.425226 5882164.223663, 489137.200000 5882164.223663, 489137.200000 5882179.317657, 489126.425226 5882179.317657, 489126.425226 5882164.223663))
3; POLYGON((489124.784088 5882133.042456, 489135.968805 5882133.042456, 489135.968805 5882146.821783, 489124.784088 5882146.821783, 489124.784088 5882133.042456))
