3; POLYGON((489305.032050 5881038.994965, 489337.200000 5881038.994965, 489337.200000 5881059.618979, 489305.032050 5881059.618979, 489305.032050 5881038.994965))
3; POLYGON((489240.368520 5881055.660022, 489276.306577 5881055.660022, 489276.306577 5881080.777975, 489240.368520 5881080.777975, 489240.368520 5881055.660022))
3; POLYGON((489264.990128 5881093.816878, 489278.423749 5881093.816878, 489278.423749 5881108.306429, 489264.990128 5881108.306429, 489264.990128 5881093.816878))
3; POLYGON((489274.577133 5881010.300000, 489314.631763 5881010.300000, 489314.631763 5881022.818420, 489274.577133 5881022.818420, 489274.577133 5881010.300000))
3; POLYGON((489248.800884 5881078.497263, 489269.117844 5881078.497263, 489269.117844 5881099.146276, 489248.800884 5881099.146276, 489248.800884 5881078.497263))
3; POLYGON((489237.912652 5881021.177692, 489247.762938 5881021.177692, 489247.762938 5881035.339050, 489237.912652 5881035.339050, 489237.912652 5881021.177692))
3; POLYGON((489280.784262 5881051.657416, 489291.755292 5881051.657416, 489291.755292 5881061.799954, 489280.784262 5881061.799954, 489280.784262 5881051.657416))
3; POLYGON((489294.697113 5881048.680756, 489304.442603 5881048.680756, 489304.442603 5881060.091101, 489294.697113 5881060.091101, 489294.697113 5881048.680756))
3; POLYGON((489275.389441 5881101.202171, 489307.463916 5881101.202171, 489307.463916 5881110.296661, 489275.389441 5881110.296661, 489275.389441 5881101.202171))
3; POLYGON((489275.506741 5881101.299134, 489290.737415 5881101.299134, 489290.737415 5881110.282016, 489275.506741 5881110.282016, 489275.506741 5881101.299134))
3; POLYGON((489269.895242 5881086.460895, 489276.159500 5881086.460895, 489276.159500 5881093.256581, 489269.895242 5881093.256581, 489269.895242 5881086.460895))
