4; POLYGON((491244.878043 5880179.938135, 491292.015186 5880179.938135, 491292.015186 5880210.300000, 491244.878043 5880210.300000, 491244.878043 5880179.938135))
4; POLYGON((491295.761761 5880110.643341, 491337.200000 5880110.643341, 491337.200000 5880176.911945, 491295.761761 5880176.911945, 491295.761761 5880110.643341))
4; POLYGON((491280.152679 5880154.320416, 491304.636224 5880154.320416, 491304.636224 5880178.245483, 491280.152679 5880178.245483, 491280.152679 5880154.320416))
4; POLYGON((491237.203894 5880124.635577, 491249.129398 5880124.635577, 491249.129398 5880149.689032, 491237.203894 5880149.689032, 491237.203894 5880124.635577))
4; POLYGON((491237.200000 5880124.521869, 491249.131270 5880124.521869, 491249.131270 5880147.299615, 491237.200000 5880147.299615, 491237.200000 5880124.521869))
1; POLYGON((491260.067873 5880110.300000, 491275.497916 5880110.300000, 491275.497916 5880116.709271, 491260.067873 5880116.709271, 491260.067873 5880110.300000))
4; POLYGON((491237.209982 5880124.760425, 491249.116370 5880124.760425, 491249.116370 5880161.222327, 491237.209982 5880161.222327, 491237.209982 5880124.760425))
4; POLYGON((491280.173694 5880110.886432, 491337.200000 5880110.886432, 491337.200000 5880177.625833, 491280.173694 5880177.625833, 491280.173694 5880110.886432))
4; POLYGON((491237.207140 5880195.840149, 491249.066616 5880195.840149, 491249.066616 5880210.300000, 491237.207140 5880210.300000, 491237.207140 5880195.840149))
4; POLYGON((491332.646960 5880186.356261, 491337.200000 5880186.356261, 491337.200000 5880202.555355, 491332.646960 5880202.555355, 491332.646960 5880186.356261))
4; POLYGON((491244.872726 5880180.158276, 491277.893817 5880180.158276, 491277.893817 5880210.286318, 491244.872726 5880210.286318, 491244.872726 5880180.158276))
4; POLYGON((491332.637878 5880186.220082, 491337.200000 5880186.220082, 491337.200000 5880200.575913, 491332.637878 5880200.575913, 491332.637878 5880186.220082))
4; POLYGON((491237.207737 5880124.755048, 491249.096839 5880124.755048, 491249.096839 5880166.005582, 491237.207737 5880166.005582, 491237.207737 5880124.755048))
4; POLYGON((491332.679437 5880186.404037, 491337.200000 5880186.404037, 491337.200000 5880207.544454, 491332.679437 5880207.544454, 491332.679437 5880186.404037))
4; POLYGON((491237.211237 5880124.544098, 491249.111007 5880124.544098, 491249.111007 5880157.344934, 491237.211237 5880157.344934, 491237.211237 5880124.544098))
