4; POLYGON((491027.637061 5880571.157303, 491035.604913 5880571.157303, 491035.604913 5880578.637662, 491027.637061 5880578.637662, 491027.637061 5880571.157303))
4; POLYGON((490962.831415 5880589.416898, 490970.253564 5880589.416898, 490970.253564 5880596.157709, 490962.831415 5880596.157709, 490962.831415 5880589.416898))
4; POLYGON((490948.443425 5880591.595807, 490954.995522 5880591.595807, 490954.995522 5880599.134194, 490948.443425 5880599.134194, 490948.443425 5880591.595807))
4; POLYGON((490993.317236 5880583.002124, 491001.530005 5880583.002124, 491001.530005 5880589.801237, 490993.317236 5880589.801237, 490993.317236 5880583.002124))
3; POLYGON((490955.840192 5880564.778510, 490962.837531 5880564.778510, 490962.837531 5880572.304663, 490955.840192 5880572.304663, 490955.840192 5880564.778510))
4; POLYGON((490955.827618 5880564.784888, 490962.836377 5880564.784888, 490962.836377 5880572.325360, 490955.827618 5880572.325360, 490955.827618 5880564.784888))
4; POLYGON((490977.363562 5880582.650964, 490984.595596 5880582.650964, 490984.595596 5880590.430235, 490977.363562 5880590.430235, 490977.363562 5880582.650964))
4; POLYGON((491013.879639 5880548.298395, 491020.893817 5880548.298395, 491020.893817 5880556.376550, 491013.879639 5880556.376550, 491013.879639 5880548.298395))
3; POLYGON((490987.170108 5880557.196582, 490994.131195 5880557.196582, 490994.131195 5880565.130881, 490987.170108 5880565.130881, 490987.170108 5880557.196582))
4; POLYGON((490993.209113 5880583.352209, 491001.694714 5880583.352209, 491001.694714 5880590.057420, 490993.209113 5880590.057420, 490993.209113 5880583.352209))
