4; POLYGON((489071.722717 5880535.882068, 489137.199103 5880535.882068, 489137.199103 5880599.860003, 489071.722717 5880599.860003, 489071.722717 5880535.882068))
4; POLYGON((489042.999469 5880559.190628, 489079.471063 5880559.190628, 489079.471063 5880610.300000, 489042.999469 5880610.300000, 489042.999469 5880559.190628))
3; POLYGON((489051.562202 5880510.315363, 489086.290753 5880510.315363, 489086.290753 5880541.974438, 489051.562202 5880541.974438, 489051.562202 5880510.315363))
4; POLYGON((489092.829156 5880510.311963, 489137.010675 5880510.311963, 489137.010675 5880529.198193, 489092.829156 5880529.198193, 489092.829156 5880510.311963))
2; POLYGON((489083.320325 5880568.792871, 489097.196606 5880568.792871, 489097.196606 5880585.226479, 489083.320325 5880585.226479, 489083.320325 5880568.792871))
4; POLYGON((489122.071106 5880605.783807, 489137.200000 5880605.783807, 489137.200000 5880610.300000, 489122.071106 5880610.300000, 489122.071106 5880605.783807))
4; POLYGON((489121.803094 5880605.174279, 489137.197046 5880605.174279, 489137.197046 5880610.300000, 489121.803094 5880610.300000, 489121.803094 5880605.174279))
4; POLYGON((489098.580511 5880510.300000, 489137.200000 5880510.300000, 489137.200000 5880544.924591, 489098.580511 5880544.924591, 489098.580511 5880510.300000))
4; POLYGON((489103.829333 5880521.539795, 489137.094043 5880521.539795, 489137.094043 5880545.053589, 489103.829333 5880545.053589, 489103.829333 5880521.539795))
4; POLYGON((489102.519238 5880510.335638, 489137.200000 5880510.335638, 489137.200000 5880544.855023, 489102.519238 5880544.855023, 489102.519238 5880510.335638))
4; POLYGON((489092.692126 5880510.330347, 489137.185547 5880510.330347, 489137.185547 5880540.019086, 489092.692126 5880540.019086, 489092.692126 5880510.330347))
