3; POLYGON((489037.204168 5882084.595581, 489052.897115 5882084.595581, 489052.897115 5882101.209953, 489037.204168 5882101.209953, 489037.204168 5882084.595581))
3; POLYGON((489051.816817 5882076.166437, 489069.763559 5882076.166437, 489069.763559 5882093.105211, 489051.816817 5882093.105211, 489051.816817 5882076.166437))
3; POLYGON((489066.180377 5882100.501225, 489083.036606 5882100.501225, 489083.036606 5882110.300000, 489066.180377 5882110.300000, 489066.180377 5882100.501225))
3; POLYGON((489099.423578 5882025.490820, 489118.411261 5882025.490820, 489118.411261 5882051.820563, 489099.423578 5882051.820563, 489099.423578 5882025.490820))
3; POLYGON((489053.753407 5882108.412092, 489065.662122 5882108.412092, 489065.662122 5882110.297191, 489053.753407 5882110.297191, 489053.753407 5882108.412092))
3; POLYGON((489067.586618 5882067.789160, 489083.635562 5882067.789160, 489083.635562 5882082.635757, 489067.586618 5882082.635757, 489067.586618 5882067.789160))
3; POLYGON((489057.670268 5882010.300000, 489074.012775 5882010.300000, 489074.012775 5882026.885046, 489057.670268 5882026.885046, 489057.670268 5882010.300000))
3; POLYGON((489081.681696 5882055.069232, 489101.160297 5882055.069232, 489101.160297 5882075.146268, 489081.681696 5882075.146268, 489081.681696 5882055.069232))
3; POLYGON((489076.320230 5882014.846844, 489092.032922 5882014.846844, 489092.032922 5882034.455737, 489076.320230 5882034.455737, 489076.320230 5882014.846844))
3; POLYGON((489083.907327 5882090.974658, 489102.975519 5882090.974658, 489102.975519 5882108.273985, 489083.907327 5882108.273985, 489083.907327 5882090.974658))
3; POLYGON((489086.781625 5882041.924237, 489094.956354 5882041.924237, 489094.956354 5882050.455286, 489086.781625 5882050.455286, 489086.781625 5882041.924237))
3; POLYGON((489102.000604 5882083.729776, 489115.278394 5882083.729776, 489115.278394 5882097.345056, 489102.000604 5882097.345056, 489102.000604 5882083.729776))
3; POLYGON((489037.200000 5882010.300000, 489048.316276 5882010.300000, 489048.316276 5882024.053326, 489037.200000 5882024.053326, 489037.200000 5882010.300000))
3; POLYGON((489053.953229 5882108.522016, 489066.027075 5882108.522016, 489066.027075 5882110.295486, 489053.953229 5882110.295486, 489053.953229 5882108.522016))
3; POLYGON((489111.232916 5882063.953302, 489128.341913 5882063.953302, 489128.341913 5882083.096143, 489111.232916 5882083.096143, 489111.232916 5882063.953302))
3; POLYGON((489129.657001 5882032.102905, 489137.200000 5882032.102905, 489137.200000 5882045.221149, 489129.657001 5882045.221149, 489129.657001 5882032.102905))
