3; POLYGON((489647.928361 5881176.673178, 489665.877161 5881176.673178, 489665.877161 5881192.017570, 489647.928361 5881192.017570, 489647.928361 5881176.673178))
3; POLYGON((489667.123230 5881183.736325, 489687.421042 5881183.736325, 489687.421042 5881200.906568, 489667.123230 5881200.906568, 489667.123230 5881183.736325))
3; POLYGON((489726.573950 5881173.058246, 489737.200000 5881173.058246, 489737.200000 5881187.978621, 489726.573950 5881187.978621, 489726.573950 5881173.058246))
3; POLYGON((489668.958807 5881150.301379, 489698.034955 5881150.301379, 489698.034955 5881170.212869, 489668.958807 5881170.212869, 489668.958807 5881150.301379))
3; POLYGON((489651.497733 5881144.028375, 489668.723608 5881144.028375, 489668.723608 5881159.632037, 489651.497733 5881159.632037, 489651.497733 5881144.028375))
3; POLYGON((489698.766095 5881161.264621, 489727.137769 5881161.264621, 489727.137769 5881180.232153, 489698.766095 5881180.232153, 489698.766095 5881161.264621))
3; POLYGON((489637.200000 5881172.001987, 489648.364466 5881172.001987, 489648.364466 5881186.326530, 489637.200000 5881186.326530, 489637.200000 5881172.001987))
3; POLYGON((489687.503891 5881110.300000, 489737.160114 5881110.300000, 489737.160114 5881136.822662, 489687.503891 5881136.822662, 489687.503891 5881110.300000))
3; POLYGON((489703.846466 5881197.414528, 489716.590387 5881197.414528, 489716.590387 5881210.295875, 489703.846466 5881210.295875, 489703.846466 5881197.414528))
3; POLYGON((489687.524329 5881192.555299, 489703.953278 5881192.555299, 489703.953278 5881207.910834, 489687.524329 5881207.910834, 489687.524329 5881192.555299))
3; POLYGON((489637.209100 5881137.078143, 489652.583281 5881137.078143, 489652.583281 5881154.692682, 489637.209100 5881154.692682, 489637.209100 5881137.078143))
3; POLYGON((489726.746442 5881206.643283, 489737.191345 5881206.643283, 489737.191345 5881210.296652, 489726.746442 5881210.296652, 489726.746442 5881206.643283))
