4; POLYGON((490024.029681 5880110.304834, 490037.200000 5880110.304834, 490037.200000 5880145.757959, 490024.029681 5880145.757959, 490024.029681 5880110.304834))
4; POLYGON((489992.236932 5880110.300000, 490027.967578 5880110.300000, 490027.967578 5880159.370206, 489992.236932 5880159.370206, 489992.236932 5880110.300000))
3; POLYGON((490006.057867 5880156.550250, 490037.200000 5880156.550250, 490037.200000 5880180.613211, 490006.057867 5880180.613211, 490006.057867 5880156.550250))
3; POLYGON((490006.371100 5880196.246295, 490037.200000 5880196.246295, 490037.200000 5880210.294977, 490006.371100 5880210.294977, 490006.371100 5880196.246295))
3; POLYGON((489939.284714 5880131.949451, 489970.411020 5880131.949451, 489970.411020 5880176.362317, 489939.284714 5880176.362317, 489939.284714 5880131.949451))
3; POLYGON((489989.592896 5880166.998294, 490005.439435 5880166.998294, 490005.439435 5880184.906235, 489989.592896 5880184.906235, 489989.592896 5880166.998294))
3; POLYGON((489988.080524 5880160.203241, 490005.681677 5880160.203241, 490005.681677 5880184.880397, 489988.080524 5880184.880397, 489988.080524 5880160.203241))
3; POLYGON((489937.230978 5880185.850800, 489954.124535 5880185.850800, 489954.124535 5880202.794276, 489937.230978 5880202.794276, 489937.230978 5880185.850800))
4; POLYGON((489937.234271 5880159.625333, 489948.850277 5880159.625333, 489948.850277 5880169.966617, 489937.234271 5880169.966617, 489937.234271 5880159.625333))
3; POLYGON((489955.674306 5880158.597162, 489970.381366 5880158.597162, 489970.381366 5880176.321094, 489955.674306 5880176.321094, 489955.674306 5880158.597162))
3; POLYGON((490006.374451 5880194.147173, 490037.200000 5880194.147173, 490037.200000 5880210.267045, 490006.374451 5880210.267045, 490006.374451 5880194.147173))
