3; POLYGON((490598.420044 5881892.827332, 490631.640356 5881892.827332, 490631.640356 5881910.300000, 490598.420044 5881910.300000, 490598.420044 5881892.827332))
3; POLYGON((490584.413162 5881861.708246, 490612.915070 5881861.708246, 490612.915070 5881888.213141, 490584.413162 5881888.213141, 490584.413162 5881861.708246))
3; POLYGON((490610.718567 5881834.419495, 490637.200000 5881834.419495, 490637.200000 5881867.321091, 490610.718567 5881867.321091, 490610.718567 5881834.419495))
3; POLYGON((490584.318088 5881810.300000, 490598.575781 5881810.300000, 490598.575781 5881821.570636, 490584.318088 5881821.570636, 490584.318088 5881810.300000))
3; POLYGON((490573.500427 5881883.144327, 490587.083527 5881883.144327, 490587.083527 5881897.119510, 490573.500427 5881897.119510, 490573.500427 5881883.144327))
3; POLYGON((490632.548828 5881873.436465, 490637.200000 5881873.436465, 490637.200000 5881893.481949, 490632.548828 5881893.481949, 490632.548828 5881873.436465))
3; POLYGON((490632.751581 5881874.849454, 490637.200000 5881874.849454, 490637.200000 5881893.271582, 490632.751581 5881893.271582, 490632.751581 5881874.849454))
3; POLYGON((490632.870361 5881872.491275, 490637.196820 5881872.491275, 490637.196820 5881893.609425, 490632.870361 5881893.609425, 490632.870361 5881872.491275))
3; POLYGON((490632.762500 5881869.776343, 490637.186621 5881869.776343, 490637.186621 5881893.370178, 490632.762500 5881893.370178, 490632.762500 5881869.776343))
3; POLYGON((490537.230240 5881876.685461, 490578.575739 5881876.685461, 490578.575739 5881910.300000, 490537.230240 5881910.300000, 490537.230240 5881876.685461))
3; POLYGON((490633.546179 5881875.490909, 490637.200000 5881875.490909, 490637.200000 5881893.074994, 490633.546179 5881893.074994, 490633.546179 5881875.490909))
3; POLYGON((490633.361859 5881876.338260, 490637.200000 5881876.338260, 490637.200000 5881893.270316, 490633.361859 5881893.270316, 490633.361859 5881876.338260))
