3; POLYGON((490547.680869 5882058.410870, 490618.917377 5882058.410870, 490618.917377 5882110.178681, 490547.680869 5882110.178681, 490547.680869 5882058.410870))
3; POLYGON((490578.925882 5882033.271667, 490594.084967 5882033.271667, 490594.084967 5882046.272162, 490578.925882 5882046.272162, 490578.925882 5882033.271667))
3; POLYGON((490628.814203 5882013.218195, 490637.200000 5882013.218195, 490637.200000 5882031.415979, 490628.814203 5882031.415979, 490628.814203 5882013.218195))
3; POLYGON((490589.463055 5882018.011145, 490623.185706 5882018.011145, 490623.185706 5882055.436798, 490589.463055 5882055.436798, 490589.463055 5882018.011145))
3; POLYGON((490616.310120 5882010.300000, 490634.790918 5882010.300000, 490634.790918 5882019.998871, 490616.310120 5882019.998871, 490616.310120 5882010.300000))
3; POLYGON((490584.145386 5882081.960706, 490628.863623 5882081.960706, 490628.863623 5882110.300000, 490584.145386 5882110.300000, 490584.145386 5882081.960706))
3; POLYGON((490585.710858 5882064.505038, 490637.200000 5882064.505038, 490637.200000 5882110.300000, 490585.710858 5882110.300000, 490585.710858 5882064.505038))
3; POLYGON((490537.200000 5882010.300000, 490594.735364 5882010.300000, 490594.735364 5882054.954871, 490537.200000 5882054.954871, 490537.200000 5882010.300000))
3; POLYGON((490625.334723 5882066.368610, 490637.200000 5882066.368610, 490637.200000 5882087.904799, 490625.334723 5882087.904799, 490625.334723 5882066.368610))
3; POLYGON((490585.141843 5882094.499724, 490613.405444 5882094.499724, 490613.405444 5882110.300000, 490585.141843 5882110.300000, 490585.141843 5882094.499724))
3; POLYGON((490537.206539 5882021.381824, 490562.480241 5882021.381824, 490562.480241 5882054.041412, 490537.206539 5882054.041412, 490537.206539 5882021.381824))
3; POLYGON((490569.002747 5882010.300000, 490595.173560 5882010.300000, 490595.173560 5882018.775116, 490569.002747 5882018.775116, 490569.002747 5882010.300000))
3; POLYGON((490544.818582 5882010.300000, 490595.032513 5882010.300000, 490595.032513 5882038.609540, 490544.818582 5882038.609540, 490544.818582 5882010.300000))
3; POLYGON((490565.867770 5882010.300000, 490595.161615 5882010.300000, 490595.161615 5882018.795074, 490565.867770 5882018.795074, 490565.867770 5882010.300000))
3; POLYGON((490537.243297 5882010.300000, 490594.414008 5882010.300000, 490594.414008 5882061.270090, 490537.243297 5882061.270090, 490537.243297 5882010.300000))
