3; POLYGON((489381.616437 5881214.149091, 489403.542206 5881214.149091, 489403.542206 5881234.689264, 489381.616437 5881234.689264, 489381.616437 5881214.149091))
3; POLYGON((489346.632088 5881273.224429, 489375.082803 5881273.224429, 489375.082803 5881295.470012, 489346.632088 5881295.470012, 489346.632088 5881273.224429))
3; POLYGON((489401.931805 5881223.450671, 489423.924854 5881223.450671, 489423.924854 5881244.683704, 489401.931805 5881244.683704, 489401.931805 5881223.450671))
4; POLYGON((489337.207474 5881252.447540, 489374.502258 5881252.447540, 489374.502258 5881277.816513, 489337.207474 5881277.816513, 489337.207474 5881252.447540))
3; POLYGON((489394.154016 5881268.142020, 489411.062317 5881268.142020, 489411.062317 5881287.503264, 489394.154016 5881287.503264, 489394.154016 5881268.142020))
3; POLYGON((489414.337909 5881266.043762, 489433.204303 5881266.043762, 489433.204303 5881281.948318, 489414.337909 5881281.948318, 489414.337909 5881266.043762))
4; POLYGON((489369.948859 5881268.918845, 489388.508380 5881268.918845, 489388.508380 5881289.040585, 489369.948859 5881289.040585, 489369.948859 5881268.918845))
4; POLYGON((489353.679665 5881274.778244, 489362.319167 5881274.778244, 489362.319167 5881280.089142, 489353.679665 5881280.089142, 489353.679665 5881274.778244))
3; POLYGON((489363.634772 5881210.300000, 489375.513083 5881210.300000, 489375.513083 5881217.938153, 489363.634772 5881217.938153, 489363.634772 5881210.300000))
4; POLYGON((489370.075156 5881272.729968, 489379.304086 5881272.729968, 489379.304086 5881290.119786, 489370.075156 5881290.119786, 489370.075156 5881272.729968))
4; POLYGON((489353.624802 5881274.371704, 489362.399489 5881274.371704, 489362.399489 5881279.983566, 489353.624802 5881279.983566, 489353.624802 5881274.371704))
3; POLYGON((489346.113609 5881210.300000, 489364.246191 5881210.300000, 489364.246191 5881214.899768, 489346.113609 5881214.899768, 489346.113609 5881210.300000))
3; POLYGON((489345.524060 5881210.300000, 489364.763895 5881210.300000, 489364.763895 5881217.183960, 489345.524060 5881217.183960, 489345.524060 5881210.300000))
3; POLYGON((489347.378049 5881210.300000, 489364.636072 5881210.300000, 489364.636072 5881214.621057, 489347.378049 5881214.621057, 489347.378049 5881210.300000))
3; POLYGON((489343.774922 5881210.300000, 489364.740994 5881210.300000, 489364.740994 5881216.913965, 489343.774922 5881216.913965, 489343.774922 5881210.300000))
