3; POLYGON((490237.200000 5882531.163135, 490267.748004 5882531.163135, 490267.748004 5882566.041934, 490237.200000 5882566.041934, 490237.200000 5882531.163135))
3; POLYGON((490318.180933 5882564.424820, 490334.053900 5882564.424820, 490334.053900 5882610.300000, 490318.180933 5882610.300000, 490318.180933 5882564.424820))
3; POLYGON((490283.822766 5882528.824078, 490310.114490 5882528.824078, 490310.114490 5882555.132733, 490283.822766 5882555.132733, 490283.822766 5882528.824078))
3; POLYGON((490286.584763 5882597.958251, 490299.861151 5882597.958251, 490299.861151 5882610.295536, 490286.584763 5882610.295536, 490286.584763 5882597.958251))
3; POLYGON((490312.663531 5882510.300000, 490335.689374 5882510.300000, 490335.689374 5882526.198352, 490312.663531 5882526.198352, 490312.663531 5882510.300000))
3; POLYGON((490243.581342 5882510.300000, 490268.173209 5882510.300000, 490268.173209 5882524.137024, 490243.581342 5882524.137024, 490243.581342 5882510.300000))
3; POLYGON((490237.209123 5882564.198410, 490240.282301 5882564.198410, 490240.282301 5882580.876993, 490237.209123 5882580.876993, 490237.209123 5882564.198410))
3; POLYGON((490237.202000 5882563.952875, 490240.598134 5882563.952875, 490240.598134 5882581.315704, 490237.202000 5882581.315704, 490237.202000 5882563.952875))
3; POLYGON((490237.203915 5882564.140909, 490240.615146 5882564.140909, 490240.615146 5882583.428888, 490237.203915 5882583.428888, 490237.203915 5882564.140909))
3; POLYGON((490237.210234 5882563.810782, 490240.161345 5882563.810782, 490240.161345 5882579.692987, 490237.210234 5882579.692987, 490237.210234 5882563.810782))
3; POLYGON((490237.215100 5882563.823032, 490240.425522 5882563.823032, 490240.425522 5882589.397691, 490237.215100 5882589.397691, 490237.215100 5882563.823032))
3; POLYGON((490237.213240 5882563.211255, 490240.380089 5882563.211255, 490240.380089 5882584.016183, 490237.213240 5882584.016183, 490237.213240 5882563.211255))
3; POLYGON((490237.204664 5882564.199332, 490240.691575 5882564.199332, 490240.691575 5882585.750154, 490237.204664 5882585.750154, 490237.204664 5882564.199332))
3; POLYGON((490237.203763 5882562.367487, 490240.713841 5882562.367487, 490240.713841 5882580.067358, 490237.203763 5882580.067358, 490237.203763 5882562.367487))
3; POLYGON((490237.200000 5882581.189285, 490261.494052 5882581.189285, 490261.494052 5882610.300000, 490237.200000 5882610.300000, 490237.200000 5882581.189285))
3; POLYGON((490237.209953 5882564.735352, 490240.380613 5882564.735352, 490240.380613 5882584.862527, 490237.209953 5882584.862527, 490237.209953 5882564.735352))
3; POLYGON((490237.210055 5882563.401340, 490239.755240 5882563.401340, 490239.755240 5882579.339764, 490237.210055 5882579.339764, 490237.210055 5882563.401340))
3; POLYGON((490237.204047 5882564.029276, 490240.757874 5882564.029276, 490240.757874 5882587.844928, 490237.204047 5882587.844928, 490237.204047 5882564.029276))
