4; POLYGON((491537.246790 5880425.597003, 491592.906464 5880425.597003, 491592.906464 5880457.912561, 491537.246790 5880457.912561, 491537.246790 5880425.597003))
4; POLYGON((491597.607373 5880464.306763, 491637.200000 5880464.306763, 491637.200000 5880510.273863, 491597.607373 5880510.273863, 491597.607373 5880464.306763))
4; POLYGON((491591.257965 5880501.198443, 491612.394202 5880501.198443, 491612.394202 5880510.299953, 491591.257965 5880510.299953, 491591.257965 5880501.198443))
4; POLYGON((491630.140955 5880433.187488, 491637.200000 5880433.187488, 491637.200000 5880448.150183, 491630.140955 5880448.150183, 491630.140955 5880433.187488))
4; POLYGON((491599.385883 5880410.300000, 491620.070886 5880410.300000, 491620.070886 5880422.076654, 491599.385883 5880422.076654, 491599.385883 5880410.300000))
4; POLYGON((491599.489105 5880410.300732, 491622.389825 5880410.300732, 491622.389825 5880422.016309, 491599.489105 5880422.016309, 491599.489105 5880410.300732))
4; POLYGON((491594.248956 5880501.179194, 491611.860388 5880501.179194, 491611.860388 5880510.298887, 491594.248956 5880510.298887, 491594.248956 5880501.179194))
4; POLYGON((491537.200000 5880458.635828, 491586.925351 5880458.635828, 491586.925351 5880500.722446, 491537.200000 5880500.722446, 491537.200000 5880458.635828))
4; POLYGON((491630.200372 5880426.048010, 491637.190228 5880426.048010, 491637.190228 5880447.452289, 491630.200372 5880447.452289, 491630.200372 5880426.048010))
4; POLYGON((491599.543127 5880410.318481, 491631.257593 5880410.318481, 491631.257593 5880422.021893, 491599.543127 5880422.021893, 491599.543127 5880410.318481))
