4; POLYGON((488637.680517 5880726.977435, 488644.961513 5880726.977435, 488644.961513 5880736.407318, 488637.680517 5880736.407318, 488637.680517 5880726.977435))
3; POLYGON((488720.174176 5880738.315961, 488737.200000 5880738.315961, 488737.200000 5880780.951947, 488720.174176 5880780.951947, 488720.174176 5880738.315961))
3; POLYGON((488711.447510 5880710.300000, 488731.897742 5880710.300000, 488731.897742 5880728.080035, 488711.447510 5880728.080035, 488711.447510 5880710.300000))
4; POLYGON((488638.366707 5880788.423416, 488674.595639 5880788.423416, 488674.595639 5880803.495749, 488638.366707 5880803.495749, 488638.366707 5880788.423416))
3; POLYGON((488637.200000 5880710.514868, 488648.175032 5880710.514868, 488648.175032 5880748.011078, 488637.200000 5880748.011078, 488637.200000 5880710.514868))
3; POLYGON((488637.326347 5880753.181128, 488686.096680 5880753.181128, 488686.096680 5880779.467358, 488637.326347 5880779.467358, 488637.326347 5880753.181128))
4; POLYGON((488729.402386 5880777.584799, 488737.200000 5880777.584799, 488737.200000 5880810.300000, 488729.402386 5880810.300000, 488729.402386 5880777.584799))
3; POLYGON((488637.201311 5880749.249603, 488690.347382 5880749.249603, 488690.347382 5880780.167899, 488637.201311 5880780.167899, 488637.201311 5880749.249603))
3; POLYGON((488637.200000 5880710.311523, 488643.186995 5880710.311523, 488643.186995 5880729.723395, 488637.200000 5880729.723395, 488637.200000 5880710.311523))
3; POLYGON((488637.248426 5880753.942181, 488680.728387 5880753.942181, 488680.728387 5880779.627930, 488637.248426 5880779.627930, 488637.248426 5880753.942181))
3; POLYGON((488637.209936 5880730.455841, 488648.259439 5880730.455841, 488648.259439 5880748.152802, 488637.209936 5880748.152802, 488637.209936 5880730.455841))
