3; POLYGON((489248.296703 5881136.255090, 489311.048102 5881136.255090, 489311.048102 5881185.591451, 489248.296703 5881185.591451, 489248.296703 5881136.255090))
3; POLYGON((489237.517921 5881127.454663, 489253.369736 5881127.454663, 489253.369736 5881143.554712, 489237.517921 5881143.554712, 489237.517921 5881127.454663))
3; POLYGON((489324.614722 5881184.480063, 489337.200000 5881184.480063, 489337.200000 5881204.116901, 489324.614722 5881204.116901, 489324.614722 5881184.480063))
3; POLYGON((489247.322227 5881185.135895, 489287.502139 5881185.135895, 489287.502139 5881210.005037, 489247.322227 5881210.005037, 489247.322227 5881185.135895))
3; POLYGON((489290.167749 5881204.140538, 489320.512494 5881204.140538, 489320.512494 5881210.300000, 489290.167749 5881210.300000, 489290.167749 5881204.140538))
3; POLYGON((489282.465686 5881204.129281, 489320.602783 5881204.129281, 489320.602783 5881210.297193, 489282.465686 5881210.297193, 489282.465686 5881204.129281))
3; POLYGON((489293.270477 5881204.095711, 489320.517694 5881204.095711, 489320.517694 5881210.292109, 489293.270477 5881210.292109, 489293.270477 5881204.095711))
3; POLYGON((489237.202210 5881117.993524, 489242.011693 5881117.993524, 489242.011693 5881134.745575, 489237.202210 5881134.745575, 489237.202210 5881117.993524))
3; POLYGON((489277.082373 5881204.042416, 489320.640607 5881204.042416, 489320.640607 5881210.286625, 489277.082373 5881210.286625, 489277.082373 5881204.042416))
3; POLYGON((489275.413162 5881110.300000, 489291.044714 5881110.300000, 489291.044714 5881119.071234, 489275.413162 5881119.071234, 489275.413162 5881110.300000))
3; POLYGON((489270.424960 5881203.949364, 489320.780536 5881203.949364, 489320.780536 5881210.278460, 489270.424960 5881210.278460, 489270.424960 5881203.949364))
3; POLYGON((489324.130530 5881134.967029, 489337.200000 5881134.967029, 489337.200000 5881151.580847, 489324.130530 5881151.580847, 489324.130530 5881134.967029))
3; POLYGON((489299.839008 5881120.737878, 489317.048846 5881120.737878, 489317.048846 5881137.467706, 489299.839008 5881137.467706, 489299.839008 5881120.737878))
4; POLYGON((489330.133551 5881116.304187, 489337.200000 5881116.304187, 489337.200000 5881136.245349, 489330.133551 5881136.245349, 489330.133551 5881116.304187))
