3; POLYGON((488237.200000 5881042.036444, 488254.916666 5881042.036444, 488254.916666 5881064.388959, 488237.200000 5881064.388959, 488237.200000 5881042.036444))
3; POLYGON((488239.422913 5881093.688712, 488320.170544 5881093.688712, 488320.170544 5881110.300000, 488239.422913 5881110.300000, 488239.422913 5881093.688712))
3; POLYGON((488237.200000 5881041.692389, 488255.047835 5881041.692389, 488255.047835 5881068.897855, 488237.200000 5881068.897855, 488237.200000 5881041.692389))
3; POLYGON((488300.879755 5881026.335992, 488314.303101 5881026.335992, 488314.303101 5881043.529150, 488300.879755 5881043.529150, 488300.879755 5881026.335992))
4; POLYGON((488237.206884 5881037.612024, 488240.427529 5881037.612024, 488240.427529 5881047.800769, 488237.206884 5881047.800769, 488237.206884 5881037.612024))
4; POLYGON((488250.450887 5881047.669434, 488264.872614 5881047.669434, 488264.872614 5881063.560257, 488250.450887 5881063.560257, 488250.450887 5881047.669434))
4; POLYGON((488237.224647 5881036.664227, 488246.232341 5881036.664227, 488246.232341 5881046.007971, 488237.224647 5881046.007971, 488237.224647 5881036.664227))
3; POLYGON((488237.200000 5881035.072827, 488255.055255 5881035.072827, 488255.055255 5881065.186758, 488237.200000 5881065.186758, 488237.200000 5881035.072827))
3; POLYGON((488237.215068 5881041.446478, 488255.167044 5881041.446478, 488255.167044 5881075.161234, 488237.215068 5881075.161234, 488237.215068 5881041.446478))
4; POLYGON((488237.204730 5881036.910175, 488240.355837 5881036.910175, 488240.355837 5881048.151801, 488237.204730 5881048.151801, 488237.204730 5881036.910175))
4; POLYGON((488237.206846 5881037.840521, 488240.273656 5881037.840521, 488240.273656 5881048.338379, 488237.206846 5881048.338379, 488237.206846 5881037.840521))
2; POLYGON((488323.762177 5881066.739807, 488329.369159 5881066.739807, 488329.369159 5881071.996173, 488323.762177 5881071.996173, 488323.762177 5881066.739807))
4; POLYGON((488246.019643 5881057.791339, 488253.653365 5881057.791339, 488253.653365 5881065.561041, 488246.019643 5881065.561041, 488246.019643 5881057.791339))
3; POLYGON((488263.578189 5881010.338116, 488318.124377 5881010.338116, 488318.124377 5881043.641638, 488263.578189 5881043.641638, 488263.578189 5881010.338116))
3; POLYGON((488301.194617 5881025.936273, 488325.572748 5881025.936273, 488325.572748 5881043.547620, 488301.194617 5881043.547620, 488301.194617 5881025.936273))
