4; POLYGON((490696.420868 5880446.026324, 490737.200000 5880446.026324, 490737.200000 5880483.167120, 490696.420868 5880483.167120, 490696.420868 5880446.026324))
4; POLYGON((490637.225940 5880487.726256, 490664.043225 5880487.726256, 490664.043225 5880510.295087, 490637.225940 5880510.295087, 490637.225940 5880487.726256))
4; POLYGON((490644.468655 5880410.517493, 490698.893616 5880410.517493, 490698.893616 5880455.805194, 490644.468655 5880455.805194, 490644.468655 5880410.517493))
4; POLYGON((490684.374020 5880410.311273, 490737.200000 5880410.311273, 490737.200000 5880441.661572, 490684.374020 5880441.661572, 490684.374020 5880410.311273))
1; POLYGON((490663.514590 5880410.328259, 490688.186966 5880410.328259, 490688.186966 5880424.918127, 490663.514590 5880424.918127, 490663.514590 5880410.328259))
4; POLYGON((490644.503679 5880410.328412, 490737.200000 5880410.328412, 490737.200000 5880455.763684, 490644.503679 5880455.763684, 490644.503679 5880410.328412))
1; POLYGON((490683.849893 5880410.300000, 490737.200000 5880410.300000, 490737.200000 5880441.620312, 490683.849893 5880441.620312, 490683.849893 5880410.300000))
1; POLYGON((490643.957500 5880410.300000, 490737.200000 5880410.300000, 490737.200000 5880455.195319, 490643.957500 5880455.195319, 490643.957500 5880410.300000))
1; POLYGON((490667.595667 5880419.537567, 490691.995575 5880419.537567, 490691.995575 5880434.550616, 490667.595667 5880434.550616, 490667.595667 5880419.537567))
1; POLYGON((490661.955156 5880410.300000, 490686.351096 5880410.300000, 490686.351096 5880415.061627, 490661.955156 5880415.061627, 490661.955156 5880410.300000))
1; POLYGON((490668.178870 5880419.399701, 490695.541998 5880419.399701, 490695.541998 5880442.750476, 490668.178870 5880442.750476, 490668.178870 5880419.399701))
1; POLYGON((490676.343607 5880410.300000, 490737.200000 5880410.300000, 490737.200000 5880441.637073, 490676.343607 5880441.637073, 490676.343607 5880410.300000))
4; POLYGON((490735.343390 5880439.939142, 490737.200000 5880439.939142, 490737.200000 5880452.665326, 490735.343390 5880452.665326, 490735.343390 5880439.939142))
4; POLYGON((490735.398492 5880440.607916, 490737.200000 5880440.607916, 490737.200000 5880453.070007, 490735.398492 5880453.070007, 490735.398492 5880440.607916))
2; POLYGON((490692.543573 5880410.300000, 490715.679688 5880410.300000, 490715.679688 5880416.867627, 490692.543573 5880416.867627, 490692.543573 5880410.300000))
4; POLYGON((490735.367365 5880440.429199, 490737.200000 5880440.429199, 490737.200000 5880454.215063, 490735.367365 5880454.215063, 490735.367365 5880440.429199))
4; POLYGON((490735.103174 5880439.473663, 490737.182208 5880439.473663, 490737.182208 5880455.209692, 490735.103174 5880455.209692, 490735.103174 5880439.473663))
1; POLYGON((490661.562589 5880410.300000, 490682.864963 5880410.300000, 490682.864963 5880414.881934, 490661.562589 5880414.881934, 490661.562589 5880410.300000))
2; POLYGON((490692.259991 5880410.300000, 490719.409698 5880410.300000, 490719.409698 5880416.915656, 490692.259991 5880416.915656, 490692.259991 5880410.300000))
