3; POLYGON((490481.461972 5882419.452179, 490506.567151 5882419.452179, 490506.567151 5882448.574054, 490481.461972 5882448.574054, 490481.461972 5882419.452179))
3; POLYGON((490438.200115 5882452.217053, 490451.447964 5882452.217053, 490451.447964 5882464.347644, 490438.200115 5882464.347644, 490438.200115 5882452.217053))
3; POLYGON((490445.297018 5882434.562512, 490461.037030 5882434.562512, 490461.037030 5882449.038831, 490445.297018 5882449.038831, 490445.297018 5882434.562512))
4; POLYGON((490437.202052 5882413.492328, 490452.070050 5882413.492328, 490452.070050 5882435.159167, 490437.202052 5882435.159167, 490437.202052 5882413.492328))
3; POLYGON((490486.466241 5882453.741833, 490495.674323 5882453.741833, 490495.674323 5882466.771124, 490486.466241 5882466.771124, 490486.466241 5882453.741833))
4; POLYGON((490474.942566 5882447.255469, 490485.324973 5882447.255469, 490485.324973 5882457.753278, 490474.942566 5882457.753278, 490474.942566 5882447.255469))
4; POLYGON((490473.451352 5882410.300000, 490501.677417 5882410.300000, 490501.677417 5882430.205145, 490473.451352 5882430.205145, 490473.451352 5882410.300000))
3; POLYGON((490500.881622 5882495.403020, 490517.250677 5882495.403020, 490517.250677 5882510.269827, 490500.881622 5882510.269827, 490500.881622 5882495.403020))
4; POLYGON((490453.182304 5882424.559961, 490459.189630 5882424.559961, 490459.189630 5882430.127130, 490453.182304 5882430.127130, 490453.182304 5882424.559961))
4; POLYGON((490454.227756 5882428.987408, 490465.895233 5882428.987408, 490465.895233 5882438.809918, 490454.227756 5882438.809918, 490454.227756 5882428.987408))
3; POLYGON((490494.882709 5882489.907951, 490503.977753 5882489.907951, 490503.977753 5882500.426746, 490494.882709 5882500.426746, 490494.882709 5882489.907951))
4; POLYGON((490456.760330 5882441.093060, 490466.283316 5882441.093060, 490466.283316 5882450.909772, 490456.760330 5882450.909772, 490456.760330 5882441.093060))
4; POLYGON((490465.570129 5882424.806476, 490479.621420 5882424.806476, 490479.621420 5882441.659344, 490465.570129 5882441.659344, 490465.570129 5882424.806476))
