4; POLYGON((491624.035150 5880719.236719, 491631.564838 5880719.236719, 491631.564838 5880726.177631, 491624.035150 5880726.177631, 491624.035150 5880719.236719))
4; POLYGON((491607.002173 5880726.348438, 491614.213428 5880726.348438, 491614.213428 5880733.433142, 491607.002173 5880733.433142, 491607.002173 5880726.348438))
4; POLYGON((491604.201190 5880752.037756, 491611.522919 5880752.037756, 491611.522919 5880758.884302, 491604.201190 5880758.884302, 491604.201190 5880752.037756))
4; POLYGON((491576.443094 5880770.718579, 491584.886115 5880770.718579, 491584.886115 5880778.391125, 491576.443094 5880778.391125, 491576.443094 5880770.718579))
4; POLYGON((491582.389001 5880761.283505, 491590.299811 5880761.283505, 491590.299811 5880769.165887, 491582.389001 5880769.165887, 491582.389001 5880761.283505))
4; POLYGON((491537.215853 5880734.340845, 491544.073832 5880734.340845, 491544.073832 5880741.921912, 491537.215853 5880741.921912, 491537.215853 5880734.340845))
3; POLYGON((491582.340161 5880761.144647, 491590.328784 5880761.144647, 491590.328784 5880769.153580, 491582.340161 5880769.153580, 491582.340161 5880761.144647))
4; POLYGON((491562.830084 5880798.421491, 491570.135474 5880798.421491, 491570.135474 5880806.450927, 491562.830084 5880806.450927, 491562.830084 5880798.421491))
4; POLYGON((491598.461749 5880737.461359, 491605.824579 5880737.461359, 491605.824579 5880745.456842, 491598.461749 5880745.456842, 491598.461749 5880737.461359))
4; POLYGON((491618.554175 5880727.155029, 491625.465759 5880727.155029, 491625.465759 5880734.315643, 491618.554175 5880734.315643, 491618.554175 5880727.155029))
4; POLYGON((491610.013660 5880744.361383, 491616.242822 5880744.361383, 491616.242822 5880750.305646, 491610.013660 5880750.305646, 491610.013660 5880744.361383))
4; POLYGON((491618.566150 5880726.820404, 491626.018304 5880726.820404, 491626.018304 5880734.261713, 491618.566150 5880734.261713, 491618.566150 5880726.820404))
4; POLYGON((491610.563336 5880739.195929, 491614.837872 5880739.195929, 491614.837872 5880743.703137, 491610.563336 5880743.703137, 491610.563336 5880739.195929))
3; POLYGON((491630.749530 5880710.300000, 491637.200000 5880710.300000, 491637.200000 5880712.954083, 491630.749530 5880712.954083, 491630.749530 5880710.300000))
3; POLYGON((491630.428253 5880710.300000, 491637.200000 5880710.300000, 491637.200000 5880712.624396, 491630.428253 5880712.624396, 491630.428253 5880710.300000))
4; POLYGON((491591.475043 5880752.795679, 491599.530994 5880752.795679, 491599.530994 5880759.917764, 491591.475043 5880759.917764, 491591.475043 5880752.795679))
3; POLYGON((491630.887054 5880710.300000, 491637.200000 5880710.300000, 491637.200000 5880712.734985, 491630.887054 5880712.734985, 491630.887054 5880710.300000))
3; POLYGON((491612.788458 5880710.500409, 491620.804071 5880710.500409, 491620.804071 5880718.600586, 491612.788458 5880718.600586, 491612.788458 5880710.500409))
4; POLYGON((491537.216075 5880747.015369, 491540.068631 5880747.015369, 491540.068631 5880754.783691, 491537.216075 5880754.783691, 491537.216075 5880747.015369))
3; POLYGON((491631.202075 5880710.306708, 491637.200000 5880710.306708, 491637.200000 5880713.234509, 491631.202075 5880713.234509, 491631.202075 5880710.306708))
4; POLYGON((491610.319183 5880739.160791, 491615.226813 5880739.160791, 491615.226813 5880743.793842, 491610.319183 5880743.793842, 491610.319183 5880739.160791))
