3; POLYGON((488673.585095 5880523.383594, 488711.284741 5880523.383594, 488711.284741 5880544.762958, 488673.585095 5880544.762958, 488673.585095 5880523.383594))
4; POLYGON((488637.200000 5880578.177322, 488668.266568 5880578.177322, 488668.266568 5880610.274719, 488637.200000 5880610.274719, 488637.200000 5880578.177322))
3; POLYGON((488681.835663 5880554.558282, 488737.200000 5880554.558282, 488737.200000 5880610.181297, 488681.835663 5880610.181297, 488681.835663 5880554.558282))
4; POLYGON((488708.424365 5880602.931740, 488726.012762 5880602.931740, 488726.012762 5880610.300000, 488708.424365 5880610.300000, 488708.424365 5880602.931740))
3; POLYGON((488714.561060 5880510.300000, 488727.405408 5880510.300000, 488727.405408 5880512.718323, 488714.561060 5880512.718323, 488714.561060 5880510.300000))
3; POLYGON((488692.146466 5880510.300000, 488704.408832 5880510.300000, 488704.408832 5880517.816748, 488692.146466 5880517.816748, 488692.146466 5880510.300000))
3; POLYGON((488684.925195 5880581.413165, 488705.235242 5880581.413165, 488705.235242 5880610.291065, 488684.925195 5880610.291065, 488684.925195 5880581.413165))
3; POLYGON((488714.457928 5880510.300000, 488729.494855 5880510.300000, 488729.494855 5880512.649707, 488714.457928 5880512.649707, 488714.457928 5880510.300000))
3; POLYGON((488637.200000 5880510.383826, 488660.332074 5880510.383826, 488660.332074 5880555.375989, 488637.200000 5880555.375989, 488637.200000 5880510.383826))
4; POLYGON((488709.260486 5880588.358188, 488736.424109 5880588.358188, 488736.424109 5880604.847326, 488709.260486 5880604.847326, 488709.260486 5880588.358188))
3; POLYGON((488670.140540 5880510.300000, 488685.001706 5880510.300000, 488685.001706 5880522.087646, 488670.140540 5880522.087646, 488670.140540 5880510.300000))
3; POLYGON((488716.052338 5880516.976709, 488725.910205 5880516.976709, 488725.910205 5880535.690790, 488716.052338 5880535.690790, 488716.052338 5880516.976709))
3; POLYGON((488714.470685 5880510.300000, 488728.130469 5880510.300000, 488728.130469 5880512.958960, 488714.470685 5880512.958960, 488714.470685 5880510.300000))
3; POLYGON((488714.011743 5880510.300000, 488726.396887 5880510.300000, 488726.396887 5880512.570337, 488714.011743 5880512.570337, 488714.011743 5880510.300000))
