4; POLYGON((491467.530466 5880478.487820, 491501.504858 5880478.487820, 491501.504858 5880505.654709, 491467.530466 5880505.654709, 491467.530466 5880478.487820))
4; POLYGON((491470.834085 5880410.300000, 491506.071826 5880410.300000, 491506.071826 5880431.665326, 491470.834085 5880431.665326, 491470.834085 5880410.300000))
4; POLYGON((491439.321642 5880429.443713, 491474.144357 5880429.443713, 491474.144357 5880466.444629, 491439.321642 5880466.444629, 491439.321642 5880429.443713))
4; POLYGON((491503.173456 5880496.442348, 491523.308118 5880496.442348, 491523.308118 5880510.294810, 491503.173456 5880510.294810, 491503.173456 5880496.442348))
4; POLYGON((491478.550360 5880433.658075, 491497.982690 5880433.658075, 491497.982690 5880452.546991, 491478.550360 5880452.546991, 491478.550360 5880433.658075))
4; POLYGON((491523.445068 5880423.647748, 491537.200000 5880423.647748, 491537.200000 5880439.763464, 491523.445068 5880439.763464, 491523.445068 5880423.647748))
4; POLYGON((491523.433374 5880423.692120, 491537.193463 5880423.692120, 491537.193463 5880443.924463, 491523.433374 5880443.924463, 491523.433374 5880423.692120))
4; POLYGON((491437.203090 5880467.197025, 491447.241586 5880467.197025, 491447.241586 5880488.197667, 491437.203090 5880488.197667, 491437.203090 5880467.197025))
4; POLYGON((491508.629333 5880451.735712, 491537.200000 5880451.735712, 491537.200000 5880480.519458, 491508.629333 5880480.519458, 491508.629333 5880451.735712))
4; POLYGON((491437.204044 5880469.466534, 491447.200187 5880469.466534, 491447.200187 5880488.208298, 491437.204044 5880488.208298, 491437.204044 5880469.466534))
4; POLYGON((491523.469183 5880423.621356, 491537.200000 5880423.621356, 491537.200000 5880446.279584, 491523.469183 5880446.279584, 491523.469183 5880423.621356))
4; POLYGON((491437.206071 5880463.184836, 491447.297747 5880463.184836, 491447.297747 5880488.212729, 491437.206071 5880488.212729, 491437.206071 5880463.184836))
4; POLYGON((491437.207305 5880459.727524, 491447.264828 5880459.727524, 491447.264828 5880488.247183, 491437.207305 5880488.247183, 491437.207305 5880459.727524))
