3; POLYGON((488238.506605 5880647.707349, 488316.350220 5880647.707349, 488316.350220 5880679.416934, 488238.506605 5880679.416934, 488238.506605 5880647.707349))
3; POLYGON((488329.649243 5880674.638181, 488337.195740 5880674.638181, 488337.195740 5880710.292400, 488329.649243 5880710.292400, 488329.649243 5880674.638181))
4; POLYGON((488297.272266 5880676.009305, 488319.240387 5880676.009305, 488319.240387 5880686.589378, 488297.272266 5880686.589378, 488297.272266 5880676.009305))
3; POLYGON((488321.485602 5880642.903168, 488337.200000 5880642.903168, 488337.200000 5880662.399951, 488321.485602 5880662.399951, 488321.485602 5880642.903168))
3; POLYGON((488248.370654 5880685.967302, 488272.954111 5880685.967302, 488272.954111 5880710.300000, 488248.370654 5880710.300000, 488248.370654 5880685.967302))
4; POLYGON((488325.786597 5880661.578821, 488335.901306 5880661.578821, 488335.901306 5880677.185510, 488325.786597 5880677.185510, 488325.786597 5880661.578821))
3; POLYGON((488237.400862 5880610.575891, 488336.981122 5880610.575891, 488336.981122 5880633.540704, 488237.400862 5880633.540704, 488237.400862 5880610.575891))
3; POLYGON((488256.527831 5880647.610876, 488315.962811 5880647.610876, 488315.962811 5880674.068423, 488256.527831 5880674.068423, 488256.527831 5880647.610876))
3; POLYGON((488301.854510 5880682.851923, 488318.705426 5880682.851923, 488318.705426 5880694.992542, 488301.854510 5880694.992542, 488301.854510 5880682.851923))
3; POLYGON((488292.987311 5880647.856525, 488316.299402 5880647.856525, 488316.299402 5880668.593304, 488292.987311 5880668.593304, 488292.987311 5880647.856525))
