3; POLYGON((488937.476506 5879951.582471, 489011.719214 5879951.582471, 489011.719214 5879987.384084, 488937.476506 5879987.384084, 488937.476506 5879951.582471))
3; POLYGON((488968.564148 5879979.353751, 489027.232593 5879979.353751, 489027.232593 5880008.832450, 488968.564148 5880008.832450, 488968.564148 5879979.353751))
3; POLYGON((488982.684933 5879927.387335, 489002.137061 5879927.387335, 489002.137061 5879945.324585, 488982.684933 5879945.324585, 488982.684933 5879927.387335))
3; POLYGON((488937.205184 5879998.567796, 488959.653375 5879998.567796, 488959.653375 5880010.294903, 488937.205184 5880010.294903, 488937.205184 5879998.567796))
4; POLYGON((489024.057520 5879982.429276, 489033.986609 5879982.429276, 489033.986609 5879999.128917, 489024.057520 5879999.128917, 489024.057520 5879982.429276))
3; POLYGON((489015.108795 5879924.121832, 489037.199396 5879924.121832, 489037.199396 5879975.786661, 489015.108795 5879975.786661, 489015.108795 5879924.121832))
4; POLYGON((489034.687482 5879976.385287, 489037.200000 5879976.385287, 489037.200000 5879984.241275, 489034.687482 5879984.241275, 489034.687482 5879976.385287))
3; POLYGON((488937.200000 5879910.300000, 488954.507104 5879910.300000, 488954.507104 5879931.568231, 488937.200000 5879931.568231, 488937.200000 5879910.300000))
3; POLYGON((488937.200000 5879910.300000, 488954.468755 5879910.300000, 488954.468755 5879934.149744, 488937.200000 5879934.149744, 488937.200000 5879910.300000))
3; POLYGON((488991.092798 5879999.695355, 489037.159894 5879999.695355, 489037.159894 5880010.297322, 488991.092798 5880010.297322, 488991.092798 5879999.695355))
