3; POLYGON((489437.472843 5880344.873621, 489475.952396 5880344.873621, 489475.952396 5880378.902039, 489437.472843 5880378.902039, 489437.472843 5880344.873621))
4; POLYGON((489522.457501 5880395.030142, 489537.200000 5880395.030142, 489537.200000 5880410.295814, 489522.457501 5880410.295814, 489522.457501 5880395.030142))
4; POLYGON((489523.669037 5880318.083203, 489537.200000 5880318.083203, 489537.200000 5880340.840521, 489523.669037 5880340.840521, 489523.669037 5880318.083203))
4; POLYGON((489458.772168 5880382.321429, 489486.403809 5880382.321429, 489486.403809 5880410.291438, 489458.772168 5880410.291438, 489458.772168 5880382.321429))
4; POLYGON((489441.770898 5880359.907895, 489459.582500 5880359.907895, 489459.582500 5880376.277426, 489441.770898 5880376.277426, 489441.770898 5880359.907895))
4; POLYGON((489505.303009 5880355.860437, 489523.000891 5880355.860437, 489523.000891 5880395.339140, 489505.303009 5880395.339140, 489505.303009 5880355.860437))
4; POLYGON((489441.642917 5880359.887610, 489461.953593 5880359.887610, 489461.953593 5880376.468979, 489441.642917 5880376.468979, 489441.642917 5880359.887610))
4; POLYGON((489488.792419 5880317.812909, 489537.082013 5880317.812909, 489537.082013 5880396.039879, 489488.792419 5880396.039879, 489488.792419 5880317.812909))
4; POLYGON((489488.738788 5880317.850317, 489532.921191 5880317.850317, 489532.921191 5880359.796057, 489488.738788 5880359.796057, 489488.738788 5880317.850317))
4; POLYGON((489488.686725 5880318.249170, 489523.711609 5880318.249170, 489523.711609 5880395.462868, 489488.686725 5880395.462868, 489488.686725 5880318.249170))
4; POLYGON((489523.633820 5880318.305353, 489535.627228 5880318.305353, 489535.627228 5880331.862567, 489523.633820 5880331.862567, 489523.633820 5880318.305353))
4; POLYGON((489488.748206 5880317.883386, 489529.853033 5880317.883386, 489529.853033 5880395.529732, 489488.748206 5880395.529732, 489488.748206 5880317.883386))
3; POLYGON((489503.758740 5880401.605390, 489519.787714 5880401.605390, 489519.787714 5880410.297727, 489503.758740 5880410.297727, 489503.758740 5880401.605390))
4; POLYGON((489488.516602 5880317.928864, 489527.386530 5880317.928864, 489527.386530 5880360.166333, 489488.516602 5880360.166333, 489488.516602 5880317.928864))
4; POLYGON((489443.160155 5880310.300000, 489454.638780 5880310.300000, 489454.638780 5880322.823560, 489443.160155 5880322.823560, 489443.160155 5880310.300000))
3; POLYGON((489437.204738 5880354.193695, 489441.365247 5880354.193695, 489441.365247 5880366.968301, 489437.204738 5880366.968301, 489437.204738 5880354.193695))
