3; POLYGON((490757.389069 5882170.186081, 490788.873718 5882170.186081, 490788.873718 5882205.446183, 490757.389069 5882205.446183, 490757.389069 5882170.186081))
3; POLYGON((490749.479236 5882157.437671, 490766.309433 5882157.437671, 490766.309433 5882173.847913, 490749.479236 5882173.847913, 490749.479236 5882157.437671))
3; POLYGON((490737.830133 5882204.060466, 490754.897543 5882204.060466, 490754.897543 5882210.300000, 490737.830133 5882210.300000, 490737.830133 5882204.060466))
3; POLYGON((490737.200804 5882187.027425, 490744.242496 5882187.027425, 490744.242496 5882205.794882, 490737.200804 5882205.794882, 490737.200804 5882187.027425))
3; POLYGON((490737.206691 5882188.579247, 490744.155557 5882188.579247, 490744.155557 5882206.120728, 490737.206691 5882206.120728, 490737.206691 5882188.579247))
3; POLYGON((490738.037684 5882203.887154, 490753.624570 5882203.887154, 490753.624570 5882210.292226, 490738.037684 5882210.292226, 490738.037684 5882203.887154))
3; POLYGON((490737.592115 5882144.440656, 490756.450296 5882144.440656, 490756.450296 5882164.955273, 490737.592115 5882164.955273, 490737.592115 5882144.440656))
3; POLYGON((490742.273769 5882150.845697, 490756.260114 5882150.845697, 490756.260114 5882165.034299, 490742.273769 5882165.034299, 490742.273769 5882150.845697))
3; POLYGON((490737.959549 5882204.002992, 490757.405048 5882204.002992, 490757.405048 5882210.300000, 490737.959549 5882210.300000, 490737.959549 5882204.002992))
3; POLYGON((490737.210580 5882180.786929, 490744.241220 5882180.786929, 490744.241220 5882206.190069, 490737.210580 5882206.190069, 490737.210580 5882180.786929))
3; POLYGON((490797.371222 5882187.125513, 490819.452948 5882187.125513, 490819.452948 5882210.300000, 490797.371222 5882210.300000, 490797.371222 5882187.125513))
1; POLYGON((490820.426733 5882169.607428, 490837.198767 5882169.607428, 490837.198767 5882187.883971, 490820.426733 5882187.883971, 490820.426733 5882169.607428))
3; POLYGON((490737.200000 5882134.353448, 490747.833198 5882134.353448, 490747.833198 5882150.119019, 490737.200000 5882150.119019, 490737.200000 5882134.353448))
