4; POLYGON((491237.209829 5879974.407108, 491262.589067 5879974.407108, 491262.589067 5880005.626326, 491237.209829 5880005.626326, 491237.209829 5879974.407108))
4; POLYGON((491266.505557 5879965.750067, 491288.368021 5879965.750067, 491288.368021 5879986.315903, 491266.505557 5879986.315903, 491266.505557 5879965.750067))
4; POLYGON((491280.804266 5879910.300000, 491337.122546 5879910.300000, 491337.122546 5879965.400159, 491280.804266 5879965.400159, 491280.804266 5879910.300000))
4; POLYGON((491291.828955 5879973.119128, 491337.200000 5879973.119128, 491337.200000 5880010.296707, 491291.828955 5880010.296707, 491291.828955 5879973.119128))
4; POLYGON((491237.201265 5879989.685777, 491250.670253 5879989.685777, 491250.670253 5880010.300000, 491237.201265 5880010.300000, 491237.201265 5879989.685777))
1; POLYGON((491293.074487 5879972.582645, 491337.198767 5879972.582645, 491337.198767 5880010.284026, 491293.074487 5880010.284026, 491293.074487 5879972.582645))
4; POLYGON((491237.212542 5879983.274893, 491250.693808 5879983.274893, 491250.693808 5880010.295416, 491237.212542 5880010.295416, 491237.212542 5879983.274893))
2; POLYGON((491256.187547 5879953.317365, 491277.530539 5879953.317365, 491277.530539 5879974.041907, 491256.187547 5879974.041907, 491256.187547 5879953.317365))
4; POLYGON((491237.200000 5879991.889461, 491250.671570 5879991.889461, 491250.671570 5880010.295507, 491237.200000 5880010.295507, 491237.200000 5879991.889461))
4; POLYGON((491286.760953 5879971.921936, 491337.200000 5879971.921936, 491337.200000 5880010.300000, 491286.760953 5880010.300000, 491286.760953 5879971.921936))
4; POLYGON((491237.219985 5879980.404291, 491250.904492 5879980.404291, 491250.904492 5880010.300000, 491237.219985 5880010.300000, 491237.219985 5879980.404291))
4; POLYGON((491246.700846 5879972.546915, 491257.627962 5879972.546915, 491257.627962 5879984.251132, 491246.700846 5879984.251132, 491246.700846 5879972.546915))
4; POLYGON((491259.853661 5879953.382434, 491288.358841 5879953.382434, 491288.358841 5879986.381766, 491259.853661 5879986.381766, 491259.853661 5879953.382434))
