2; POLYGON((491074.488467 5879988.582697, 491091.553265 5879988.582697, 491091.553265 5880004.482243, 491074.488467 5880004.482243, 491074.488467 5879988.582697))
4; POLYGON((491074.945264 5879926.153210, 491093.476227 5879926.153210, 491093.476227 5879937.164117, 491074.945264 5879937.164117, 491074.945264 5879926.153210))
4; POLYGON((491037.432631 5879976.878241, 491129.136157 5879976.878241, 491129.136157 5880010.300000, 491037.432631 5880010.300000, 491037.432631 5879976.878241))
2; POLYGON((491096.739185 5879975.645023, 491108.726703 5879975.645023, 491108.726703 5879986.794846, 491096.739185 5879986.794846, 491096.739185 5879975.645023))
4; POLYGON((491037.200000 5879994.613948, 491064.885474 5879994.613948, 491064.885474 5880010.300000, 491037.200000 5880010.300000, 491037.200000 5879994.613948))
1; POLYGON((491037.206375 5879917.416559, 491040.327025 5879917.416559, 491040.327025 5879943.363727, 491037.206375 5879943.363727, 491037.206375 5879917.416559))
4; POLYGON((491114.898486 5879915.199933, 491137.109778 5879915.199933, 491137.109778 5879931.742328, 491114.898486 5879931.742328, 491114.898486 5879915.199933))
4; POLYGON((491128.133496 5879923.305701, 491137.200000 5879923.305701, 491137.200000 5879945.099091, 491128.133496 5879945.099091, 491128.133496 5879923.305701))
1; POLYGON((491114.958856 5879915.270996, 491137.078784 5879915.270996, 491137.078784 5879931.400684, 491114.958856 5879931.400684, 491114.958856 5879915.270996))
1; POLYGON((491037.226448 5879917.383789, 491046.300684 5879917.383789, 491046.300684 5879943.558142, 491037.226448 5879943.558142, 491037.226448 5879917.383789))
4; POLYGON((491115.013226 5879914.696954, 491137.200000 5879914.696954, 491137.200000 5879946.785339, 491115.013226 5879946.785339, 491115.013226 5879914.696954))
1; POLYGON((491037.206266 5879917.330096, 491040.891713 5879917.330096, 491040.891713 5879943.307349, 491037.206266 5879943.307349, 491037.206266 5879917.330096))
1; POLYGON((491037.204922 5879917.501642, 491040.040527 5879917.501642, 491040.040527 5879944.053552, 491037.204922 5879944.053552, 491037.204922 5879917.501642))
4; POLYGON((491037.200000 5879994.588519, 491073.298276 5879994.588519, 491073.298276 5880010.300000, 491037.200000 5880010.300000, 491037.200000 5879994.588519))
4; POLYGON((491037.221705 5879994.678580, 491078.687677 5879994.678580, 491078.687677 5880010.300000, 491037.221705 5880010.300000, 491037.221705 5879994.678580))
4; POLYGON((491117.623340 5879913.957526, 491137.200000 5879913.957526, 491137.200000 5879946.688055, 491117.623340 5879946.688055, 491117.623340 5879913.957526))
4; POLYGON((491037.207559 5879917.413428, 491041.964750 5879917.413428, 491041.964750 5879943.439972, 491037.207559 5879943.439972, 491037.207559 5879917.413428))
4; POLYGON((491128.156049 5879923.314594, 491137.199408 5879923.314594, 491137.199408 5879952.281464, 491128.156049 5879952.281464, 491128.156049 5879923.314594))
