4; POLYGON((490710.923383 5880790.601018, 490719.058105 5880790.601018, 490719.058105 5880798.853319, 490710.923383 5880798.853319, 490710.923383 5880790.601018))
4; POLYGON((490725.284930 5880727.035883, 490732.122467 5880727.035883, 490732.122467 5880736.078430, 490725.284930 5880736.078430, 490725.284930 5880727.035883))
3; POLYGON((490719.483453 5880746.014050, 490727.648682 5880746.014050, 490727.648682 5880754.400208, 490719.483453 5880754.400208, 490719.483453 5880746.014050))
4; POLYGON((490724.968329 5880753.647900, 490733.416418 5880753.647900, 490733.416418 5880761.440335, 490724.968329 5880761.440335, 490724.968329 5880753.647900))
4; POLYGON((490652.835643 5880746.669818, 490659.870337 5880746.669818, 490659.870337 5880753.479932, 490652.835643 5880753.479932, 490652.835643 5880746.669818))
4; POLYGON((490699.318463 5880716.277661, 490705.719489 5880716.277661, 490705.719489 5880723.336365, 490699.318463 5880723.336365, 490699.318463 5880716.277661))
4; POLYGON((490669.601660 5880750.491168, 490678.209412 5880750.491168, 490678.209412 5880758.363898, 490669.601660 5880758.363898, 490669.601660 5880750.491168))
4; POLYGON((490730.084656 5880712.283624, 490735.871405 5880712.283624, 490735.871405 5880719.252362, 490730.084656 5880719.252362, 490730.084656 5880712.283624))
4; POLYGON((490693.383087 5880722.443097, 490700.189484 5880722.443097, 490700.189484 5880728.180774, 490693.383087 5880728.180774, 490693.383087 5880722.443097))
4; POLYGON((490700.967944 5880801.463317, 490708.531427 5880801.463317, 490708.531427 5880808.773226, 490700.967944 5880808.773226, 490700.967944 5880801.463317))
4; POLYGON((490666.632181 5880725.459625, 490673.446518 5880725.459625, 490673.446518 5880733.009625, 490666.632181 5880733.009625, 490666.632181 5880725.459625))
