4; POLYGON((490916.874194 5880717.194281, 490925.316272 5880717.194281, 490925.316272 5880725.750848, 490916.874194 5880725.750848, 490916.874194 5880717.194281))
4; POLYGON((490931.064923 5880713.397217, 490937.200000 5880713.397217, 490937.200000 5880721.473358, 490931.064923 5880721.473358, 490931.064923 5880713.397217))
4; POLYGON((490925.145264 5880734.100061, 490932.745789 5880734.100061, 490932.745789 5880741.692584, 490925.145264 5880741.692584, 490925.145264 5880734.100061))
4; POLYGON((490911.342609 5880713.191882, 490918.753894 5880713.191882, 490918.753894 5880720.107971, 490911.342609 5880720.107971, 490911.342609 5880713.191882))
4; POLYGON((490867.988675 5880786.995282, 490875.265854 5880786.995282, 490875.265854 5880794.011971, 490867.988675 5880794.011971, 490867.988675 5880786.995282))
4; POLYGON((490845.853032 5880726.768994, 490854.262457 5880726.768994, 490854.262457 5880735.246875, 490845.853032 5880735.246875, 490845.853032 5880726.768994))
4; POLYGON((490870.296573 5880713.275281, 490878.683997 5880713.275281, 490878.683997 5880721.236505, 490870.296573 5880721.236505, 490870.296573 5880713.275281))
4; POLYGON((490927.131030 5880754.442041, 490935.389514 5880754.442041, 490935.389514 5880762.480072, 490927.131030 5880762.480072, 490927.131030 5880754.442041))
4; POLYGON((490879.267822 5880758.523669, 490887.259351 5880758.523669, 490887.259351 5880766.310840, 490879.267822 5880766.310840, 490879.267822 5880758.523669))
4; POLYGON((490851.986380 5880751.465295, 490859.660820 5880751.465295, 490859.660820 5880759.108734, 490851.986380 5880759.108734, 490851.986380 5880751.465295))
4; POLYGON((490837.200000 5880737.606689, 490843.209143 5880737.606689, 490843.209143 5880745.085406, 490837.200000 5880745.085406, 490837.200000 5880737.606689))
4; POLYGON((490837.213851 5880714.090009, 490840.692593 5880714.090009, 490840.692593 5880720.693597, 490837.213851 5880720.693597, 490837.213851 5880714.090009))
4; POLYGON((490887.059671 5880771.642310, 490894.981641 5880771.642310, 490894.981641 5880778.942090, 490887.059671 5880778.942090, 490887.059671 5880771.642310))
4; POLYGON((490908.606476 5880803.210251, 490916.370386 5880803.210251, 490916.370386 5880810.282122, 490908.606476 5880810.282122, 490908.606476 5880803.210251))
4; POLYGON((490883.743048 5880804.437227, 490890.297260 5880804.437227, 490890.297260 5880810.300000, 490883.743048 5880810.300000, 490883.743048 5880804.437227))
4; POLYGON((490837.210672 5880713.805426, 490840.737660 5880713.805426, 490840.737660 5880720.369232, 490837.210672 5880720.369232, 490837.210672 5880713.805426))
4; POLYGON((490851.929675 5880737.927533, 490858.314607 5880737.927533, 490858.314607 5880744.514777, 490851.929675 5880744.514777, 490851.929675 5880737.927533))
4; POLYGON((490884.798843 5880791.143050, 490892.612091 5880791.143050, 490892.612091 5880798.877475, 490884.798843 5880798.877475, 490884.798843 5880791.143050))
4; POLYGON((490867.660904 5880801.019304, 490875.178204 5880801.019304, 490875.178204 5880808.188181, 490867.660904 5880808.188181, 490867.660904 5880801.019304))
4; POLYGON((490896.963428 5880776.253790, 490904.308197 5880776.253790, 490904.308197 5880783.499445, 490896.963428 5880783.499445, 490896.963428 5880776.253790))
4; POLYGON((490862.223483 5880772.638571, 490869.703763 5880772.638571, 490869.703763 5880780.171835, 490862.223483 5880780.171835, 490862.223483 5880772.638571))
4; POLYGON((490851.886589 5880737.889954, 490858.928955 5880737.889954, 490858.928955 5880744.499011, 490851.886589 5880744.499011, 490851.886589 5880737.889954))
4; POLYGON((490856.974319 5880799.854194, 490863.052451 5880799.854194, 490863.052451 5880805.986108, 490856.974319 5880805.986108, 490856.974319 5880799.854194))
4; POLYGON((490914.056714 5880763.616861, 490918.881232 5880763.616861, 490918.881232 5880768.395563, 490914.056714 5880768.395563, 490914.056714 5880763.616861))
