3; POLYGON((489278.204034 5880247.137128, 489337.162598 5880247.137128, 489337.162598 5880300.666668, 489278.204034 5880300.666668, 489278.204034 5880247.137128))
4; POLYGON((489319.393646 5880220.032513, 489337.200000 5880220.032513, 489337.200000 5880256.011353, 489319.393646 5880256.011353, 489319.393646 5880220.032513))
4; POLYGON((489300.265863 5880214.117792, 489317.694128 5880214.117792, 489317.694128 5880236.580847, 489300.265863 5880236.580847, 489300.265863 5880214.117792))
3; POLYGON((489272.419833 5880210.323096, 489307.969653 5880210.323096, 489307.969653 5880230.980585, 489272.419833 5880230.980585, 489272.419833 5880210.323096))
4; POLYGON((489237.260797 5880236.935992, 489285.721265 5880236.935992, 489285.721265 5880280.839767, 489237.260797 5880280.839767, 489237.260797 5880236.935992))
4; POLYGON((489237.200000 5880236.664233, 489285.839142 5880236.664233, 489285.839142 5880309.968491, 489237.200000 5880309.968491, 489237.200000 5880236.664233))
4; POLYGON((489330.594073 5880210.506573, 489337.200000 5880210.506573, 489337.200000 5880219.381500, 489330.594073 5880219.381500, 489330.594073 5880210.506573))
4; POLYGON((489237.200000 5880237.051666, 489285.695227 5880237.051666, 489285.695227 5880287.949202, 489237.200000 5880287.949202, 489237.200000 5880237.051666))
4; POLYGON((489237.230389 5880236.831616, 489285.828656 5880236.831616, 489285.828656 5880276.393939, 489237.230389 5880276.393939, 489237.230389 5880236.831616))
3; POLYGON((489266.108514 5880210.300000, 489308.521399 5880210.300000, 489308.521399 5880230.912805, 489266.108514 5880230.912805, 489266.108514 5880210.300000))
3; POLYGON((489274.709778 5880210.631934, 489302.029700 5880210.631934, 489302.029700 5880231.065271, 489274.709778 5880231.065271, 489274.709778 5880210.631934))
