3; POLYGON((490260.634386 5880631.786334, 490286.376105 5880631.786334, 490286.376105 5880655.092896, 490260.634386 5880655.092896, 490260.634386 5880631.786334))
3; POLYGON((490298.758801 5880616.002203, 490337.200000 5880616.002203, 490337.200000 5880642.900635, 490298.758801 5880642.900635, 490298.758801 5880616.002203))
3; POLYGON((490261.430797 5880610.300000, 490279.251413 5880610.300000, 490279.251413 5880615.492157, 490261.430797 5880615.492157, 490261.430797 5880610.300000))
4; POLYGON((490292.109265 5880624.529095, 490301.286224 5880624.529095, 490301.286224 5880644.003278, 490292.109265 5880644.003278, 490292.109265 5880624.529095))
3; POLYGON((490261.581284 5880610.300000, 490287.051300 5880610.300000, 490287.051300 5880615.457953, 490261.581284 5880615.457953, 490261.581284 5880610.300000))
4; POLYGON((490324.131909 5880636.567517, 490330.894794 5880636.567517, 490330.894794 5880643.356866, 490324.131909 5880643.356866, 490324.131909 5880636.567517))
4; POLYGON((490291.958508 5880624.662836, 490300.648914 5880624.662836, 490300.648914 5880643.204352, 490291.958508 5880643.204352, 490291.958508 5880624.662836))
4; POLYGON((490293.820953 5880706.927804, 490318.736743 5880706.927804, 490318.736743 5880710.298591, 490293.820953 5880710.298591, 490293.820953 5880706.927804))
3; POLYGON((490261.564363 5880610.300000, 490291.744470 5880610.300000, 490291.744470 5880615.515875, 490261.564363 5880615.515875, 490261.564363 5880610.300000))
4; POLYGON((490296.725751 5880706.935624, 490318.416071 5880706.935624, 490318.416071 5880710.296264, 490296.725751 5880710.296264, 490296.725751 5880706.935624))
