3; POLYGON((491519.864551 5880729.704535, 491527.900891 5880729.704535, 491527.900891 5880737.865186, 491519.864551 5880737.865186, 491519.864551 5880729.704535))
4; POLYGON((491453.661926 5880710.300000, 491462.074911 5880710.300000, 491462.074911 5880715.386597, 491453.661926 5880715.386597, 491453.661926 5880710.300000))
4; POLYGON((491447.972749 5880756.781830, 491455.565781 5880756.781830, 491455.565781 5880763.648593, 491447.972749 5880763.648593, 491447.972749 5880756.781830))
4; POLYGON((491517.433026 5880739.725684, 491524.765063 5880739.725684, 491524.765063 5880746.280194, 491517.433026 5880746.280194, 491517.433026 5880739.725684))
4; POLYGON((491534.062622 5880734.309125, 491537.200000 5880734.309125, 491537.200000 5880741.341864, 491534.062622 5880741.341864, 491534.062622 5880734.309125))
4; POLYGON((491450.007841 5880740.966656, 491457.897021 5880740.966656, 491457.897021 5880748.828015, 491450.007841 5880748.828015, 491450.007841 5880740.966656))
4; POLYGON((491499.809369 5880769.117389, 491507.622778 5880769.117389, 491507.622778 5880776.157520, 491499.809369 5880776.157520, 491499.809369 5880769.117389))
4; POLYGON((491524.292609 5880713.727405, 491532.544135 5880713.727405, 491532.544135 5880721.719885, 491524.292609 5880721.719885, 491524.292609 5880713.727405))
4; POLYGON((491504.199365 5880788.726202, 491511.293536 5880788.726202, 491511.293536 5880795.500804, 491504.199365 5880795.500804, 491504.199365 5880788.726202))
4; POLYGON((491439.860526 5880733.532910, 491448.069577 5880733.532910, 491448.069577 5880742.057495, 491439.860526 5880742.057495, 491439.860526 5880733.532910))
4; POLYGON((491482.175171 5880790.289575, 491490.233289 5880790.289575, 491490.233289 5880798.434740, 491482.175171 5880798.434740, 491482.175171 5880790.289575))
4; POLYGON((491463.495618 5880712.241101, 491471.125311 5880712.241101, 491471.125311 5880719.486084, 491463.495618 5880719.486084, 491463.495618 5880712.241101))
4; POLYGON((491530.350195 5880747.215033, 491537.200000 5880747.215033, 491537.200000 5880755.266858, 491530.350195 5880755.266858, 491530.350195 5880747.215033))
3; POLYGON((491496.699066 5880801.307465, 491504.510492 5880801.307465, 491504.510492 5880808.778757, 491496.699066 5880808.778757, 491496.699066 5880801.307465))
4; POLYGON((491480.903552 5880806.398938, 491487.464511 5880806.398938, 491487.464511 5880810.293826, 491480.903552 5880810.293826, 491480.903552 5880806.398938))
4; POLYGON((491534.020624 5880734.371790, 491537.200000 5880734.371790, 491537.200000 5880742.555896, 491534.020624 5880742.555896, 491534.020624 5880734.371790))
4; POLYGON((491440.546967 5880769.447153, 491448.794550 5880769.447153, 491448.794550 5880777.279117, 491440.546967 5880777.279117, 491440.546967 5880769.447153))
4; POLYGON((491480.817276 5880806.135915, 491487.694412 5880806.135915, 491487.694412 5880810.300000, 491480.817276 5880810.300000, 491480.817276 5880806.135915))
4; POLYGON((491496.788690 5880801.494686, 491504.541846 5880801.494686, 491504.541846 5880808.820147, 491496.788690 5880808.820147, 491496.788690 5880801.494686))
4; POLYGON((491480.804507 5880804.229507, 491488.364685 5880804.229507, 491488.364685 5880810.300000, 491480.804507 5880810.300000, 491480.804507 5880804.229507))
3; POLYGON((491449.990038 5880740.890179, 491457.781531 5880740.890179, 491457.781531 5880748.755969, 491449.990038 5880748.755969, 491449.990038 5880740.890179))
4; POLYGON((491437.214184 5880745.768176, 491440.322936 5880745.768176, 491440.322936 5880752.472150, 491437.214184 5880752.472150, 491437.214184 5880745.768176))
4; POLYGON((491480.714880 5880803.731663, 491488.801105 5880803.731663, 491488.801105 5880810.284743, 491480.714880 5880810.284743, 491480.714880 5880803.731663))
4; POLYGON((491511.118921 5880773.457144, 491517.603931 5880773.457144, 491517.603931 5880779.659341, 491511.118921 5880779.659341, 491511.118921 5880773.457144))
4; POLYGON((491494.705164 5880782.592908, 491502.576813 5880782.592908, 491502.576813 5880790.683969, 491494.705164 5880790.683969, 491494.705164 5880782.592908))
4; POLYGON((491534.205609 5880733.926666, 491537.200000 5880733.926666, 491537.200000 5880740.988812, 491534.205609 5880740.988812, 491534.205609 5880733.926666))
4; POLYGON((491447.501302 5880765.899203, 491452.948930 5880765.899203, 491452.948930 5880771.251569, 491447.501302 5880771.251569, 491447.501302 5880765.899203))
3; POLYGON((491437.200234 5880745.598865, 491440.225299 5880745.598865, 491440.225299 5880752.518964, 491437.200234 5880752.518964, 491437.200234 5880745.598865))
