3; POLYGON((490473.526337 5882145.652899, 490510.048865 5882145.652899, 490510.048865 5882171.089789, 490473.526337 5882171.089789, 490473.526337 5882145.652899))
3; POLYGON((490508.691132 5882163.179733, 490529.690295 5882163.179733, 490529.690295 5882189.671791, 490508.691132 5882189.671791, 490508.691132 5882163.179733))
3; POLYGON((490526.926953 5882149.316058, 490537.200000 5882149.316058, 490537.200000 5882171.185214, 490526.926953 5882171.185214, 490526.926953 5882149.316058))
3; POLYGON((490472.188754 5882206.705613, 490485.754221 5882206.705613, 490485.754221 5882210.300000, 490472.188754 5882210.300000, 490472.188754 5882206.705613))
3; POLYGON((490455.777756 5882144.310358, 490480.689380 5882144.310358, 490480.689380 5882166.018878, 490455.777756 5882166.018878, 490455.777756 5882144.310358))
3; POLYGON((490473.665564 5882115.092407, 490537.163269 5882115.092407, 490537.163269 5882171.405325, 490473.665564 5882171.405325, 490473.665564 5882115.092407))
3; POLYGON((490437.205230 5882151.427222, 490440.592003 5882151.427222, 490440.592003 5882162.350723, 490437.205230 5882162.350723, 490437.205230 5882151.427222))
3; POLYGON((490439.008974 5882138.005719, 490461.368126 5882138.005719, 490461.368126 5882161.287616, 490439.008974 5882161.287616, 490439.008974 5882138.005719))
3; POLYGON((490454.298627 5882110.300000, 490470.264767 5882110.300000, 490470.264767 5882116.315759, 490454.298627 5882116.315759, 490454.298627 5882110.300000))
3; POLYGON((490454.121626 5882110.300000, 490473.824643 5882110.300000, 490473.824643 5882116.263629, 490454.121626 5882116.263629, 490454.121626 5882110.300000))
3; POLYGON((490437.208209 5882150.804565, 490440.450719 5882150.804565, 490440.450719 5882162.499997, 490437.208209 5882162.499997, 490437.208209 5882150.804565))
3; POLYGON((490454.482231 5882110.300000, 490469.068533 5882110.300000, 490469.068533 5882116.438269, 490454.482231 5882116.438269, 490454.482231 5882110.300000))
3; POLYGON((490454.578697 5882110.300000, 490477.274274 5882110.300000, 490477.274274 5882116.523126, 490454.578697 5882116.523126, 490454.578697 5882110.300000))
3; POLYGON((490437.214165 5882113.243854, 490452.366882 5882113.243854, 490452.366882 5882134.490588, 490437.214165 5882134.490588, 490437.214165 5882113.243854))
3; POLYGON((490454.701143 5882110.300000, 490481.172974 5882110.300000, 490481.172974 5882116.554895, 490454.701143 5882116.554895, 490454.701143 5882110.300000))
3; POLYGON((490454.472824 5882110.300000, 490472.881299 5882110.300000, 490472.881299 5882117.110077, 490454.472824 5882117.110077, 490454.472824 5882110.300000))
3; POLYGON((490472.498642 5882206.967093, 490485.905109 5882206.967093, 490485.905109 5882210.295110, 490472.498642 5882210.295110, 490472.498642 5882206.967093))
3; POLYGON((490437.277030 5882110.300000, 490461.434167 5882110.300000, 490461.434167 5882134.155634, 490437.277030 5882134.155634, 490437.277030 5882110.300000))
3; POLYGON((490437.206599 5882151.325946, 490440.917324 5882151.325946, 490440.917324 5882164.439456, 490437.206599 5882164.439456, 490437.206599 5882151.325946))
