3; POLYGON((489294.923785 5882267.475967, 489308.308655 5882267.475967, 489308.308655 5882283.164624, 489294.923785 5882283.164624, 489294.923785 5882267.475967))
3; POLYGON((489306.982886 5882255.343042, 489326.455243 5882255.343042, 489326.455243 5882273.022501, 489306.982886 5882273.022501, 489306.982886 5882255.343042))
3; POLYGON((489282.115878 5882278.140710, 489299.888025 5882278.140710, 489299.888025 5882293.815901, 489282.115878 5882293.815901, 489282.115878 5882278.140710))
3; POLYGON((489290.998877 5882210.300000, 489306.157648 5882210.300000, 489306.157648 5882215.799188, 489290.998877 5882215.799188, 489290.998877 5882210.300000))
3; POLYGON((489265.346844 5882286.224596, 489284.452515 5882286.224596, 489284.452515 5882307.362244, 489265.346844 5882307.362244, 489265.346844 5882286.224596))
3; POLYGON((489240.600185 5882215.362958, 489274.130884 5882215.362958, 489274.130884 5882245.755219, 489240.600185 5882245.755219, 489240.600185 5882215.362958))
3; POLYGON((489327.675574 5882245.148895, 489337.187305 5882245.148895, 489337.187305 5882266.490613, 489327.675574 5882266.490613, 489327.675574 5882245.148895))
3; POLYGON((489271.922177 5882210.300000, 489285.801855 5882210.300000, 489285.801855 5882222.386957, 489271.922177 5882222.386957, 489271.922177 5882210.300000))
3; POLYGON((489237.200000 5882304.506755, 489249.565208 5882304.506755, 489249.565208 5882310.296729, 489237.200000 5882310.296729, 489237.200000 5882304.506755))
3; POLYGON((489248.345100 5882294.303644, 489266.199152 5882294.303644, 489266.199152 5882310.300000, 489248.345100 5882310.300000, 489248.345100 5882294.303644))
