3; POLYGON((490612.644672 5882144.198645, 490637.200000 5882144.198645, 490637.200000 5882173.128995, 490612.644672 5882173.128995, 490612.644672 5882144.198645))
3; POLYGON((490540.392428 5882173.429260, 490556.770323 5882173.429260, 490556.770323 5882190.087285, 490540.392428 5882190.087285, 490540.392428 5882173.429260))
3; POLYGON((490549.998523 5882110.300000, 490611.555969 5882110.300000, 490611.555969 5882151.961493, 490549.998523 5882151.961493, 490549.998523 5882110.300000))
3; POLYGON((490605.064484 5882202.687875, 490625.923199 5882202.687875, 490625.923199 5882210.297821, 490605.064484 5882210.297821, 490605.064484 5882202.687875))
3; POLYGON((490537.261333 5882110.556378, 490611.550745 5882110.556378, 490611.550745 5882174.722549, 490537.261333 5882174.722549, 490537.261333 5882110.556378))
3; POLYGON((490604.886877 5882202.765520, 490623.913751 5882202.765520, 490623.913751 5882210.288505, 490604.886877 5882210.288505, 490604.886877 5882202.765520))
3; POLYGON((490604.799780 5882202.738453, 490629.796228 5882202.738453, 490629.796228 5882210.296120, 490604.799780 5882210.296120, 490604.799780 5882202.738453))
3; POLYGON((490537.200000 5882110.304382, 490570.388980 5882110.304382, 490570.388980 5882137.649225, 490537.200000 5882137.649225, 490537.200000 5882110.304382))
3; POLYGON((490537.208625 5882110.300000, 490571.213495 5882110.300000, 490571.213495 5882140.600977, 490537.208625 5882140.600977, 490537.208625 5882110.300000))
3; POLYGON((490537.200000 5882110.363629, 490572.242978 5882110.363629, 490572.242978 5882146.310303, 490537.200000 5882146.310303, 490537.200000 5882110.363629))
3; POLYGON((490604.741309 5882202.691685, 490633.809766 5882202.691685, 490633.809766 5882210.296088, 490604.741309 5882210.296088, 490604.741309 5882202.691685))
3; POLYGON((490537.200000 5882110.333740, 490574.808783 5882110.333740, 490574.808783 5882144.481787, 490537.200000 5882144.481787, 490537.200000 5882110.333740))
3; POLYGON((490555.304088 5882179.583612, 490581.692545 5882179.583612, 490581.692545 5882203.606438, 490555.304088 5882203.606438, 490555.304088 5882179.583612))
