3; POLYGON((488448.207222 5880016.984644, 488465.559149 5880016.984644, 488465.559149 5880032.962787, 488448.207222 5880032.962787, 488448.207222 5880016.984644))
3; POLYGON((488473.457294 5880010.300000, 488486.704498 5880010.300000, 488486.704498 5880028.127350, 488473.457294 5880028.127350, 488473.457294 5880010.300000))
3; POLYGON((488437.207254 5880019.861066, 488443.239449 5880019.861066, 488443.239449 5880032.347369, 488437.207254 5880032.347369, 488437.207254 5880019.861066))
3; POLYGON((488437.205251 5880071.478931, 488470.450836 5880071.478931, 488470.450836 5880085.064403, 488437.205251 5880085.064403, 488437.205251 5880071.478931))
3; POLYGON((488437.234004 5880094.569029, 488473.093631 5880094.569029, 488473.093631 5880108.398406, 488437.234004 5880108.398406, 488437.234004 5880094.569029))
3; POLYGON((488501.806305 5880087.160948, 488537.200000 5880087.160948, 488537.200000 5880103.451400, 488501.806305 5880103.451400, 488501.806305 5880087.160948))
3; POLYGON((488478.097198 5880042.154901, 488494.782019 5880042.154901, 488494.782019 5880079.722586, 488478.097198 5880079.722586, 488478.097198 5880042.154901))
3; POLYGON((488497.544623 5880037.808508, 488535.344263 5880037.808508, 488535.344263 5880051.590399, 488497.544623 5880051.590399, 488497.544623 5880037.808508))
3; POLYGON((488437.200000 5880046.124579, 488448.026762 5880046.124579, 488448.026762 5880059.423566, 488437.200000 5880059.423566, 488437.200000 5880046.124579))
3; POLYGON((488500.538837 5880063.070856, 488537.147565 5880063.070856, 488537.147565 5880078.260312, 488500.538837 5880078.260312, 488500.538837 5880063.070856))
3; POLYGON((488483.886594 5880092.414589, 488498.312549 5880092.414589, 488498.312549 5880110.288653, 488483.886594 5880110.288653, 488483.886594 5880092.414589))
