3; POLYGON((489340.352713 5881138.705627, 489356.637839 5881138.705627, 489356.637839 5881155.454987, 489340.352713 5881155.454987, 489340.352713 5881138.705627))
3; POLYGON((489355.975986 5881147.480621, 489380.962955 5881147.480621, 489380.962955 5881167.056183, 489355.975986 5881167.056183, 489355.975986 5881147.480621))
3; POLYGON((489345.165418 5881193.761441, 489366.194351 5881193.761441, 489366.194351 5881210.296313, 489345.165418 5881210.296313, 489345.165418 5881193.761441))
3; POLYGON((489387.242554 5881118.516785, 489397.708392 5881118.516785, 489397.708392 5881128.329712, 489387.242554 5881128.329712, 489387.242554 5881118.516785))
3; POLYGON((489337.206337 5881184.662808, 489346.651839 5881184.662808, 489346.651839 5881203.656910, 489337.206337 5881203.656910, 489337.206337 5881184.662808))
3; POLYGON((489431.760248 5881180.724670, 489437.200000 5881180.724670, 489437.200000 5881198.300477, 489431.760248 5881198.300477, 489431.760248 5881180.724670))
3; POLYGON((489337.204857 5881134.265198, 489342.000623 5881134.265198, 489342.000623 5881151.695514, 489337.204857 5881151.695514, 489337.204857 5881134.265198))
3; POLYGON((489381.660199 5881152.510577, 489430.858643 5881152.510577, 489430.858643 5881192.323372, 489381.660199 5881192.323372, 489381.660199 5881152.510577))
3; POLYGON((489337.200422 5881134.189056, 489341.711705 5881134.189056, 489341.711705 5881152.481244, 489337.200422 5881152.481244, 489337.200422 5881134.189056))
3; POLYGON((489363.684183 5881202.805845, 489375.386505 5881202.805845, 489375.386505 5881210.296527, 489363.684183 5881210.296527, 489363.684183 5881202.805845))
