3; POLYGON((489461.979784 5882443.642084, 489507.982629 5882443.642084, 489507.982629 5882477.312653, 489461.979784 5882477.312653, 489461.979784 5882443.642084))
3; POLYGON((489437.214746 5882471.258185, 489462.872409 5882471.258185, 489462.872409 5882497.878399, 489437.214746 5882497.878399, 489437.214746 5882471.258185))
3; POLYGON((489507.107220 5882417.946008, 489537.179834 5882417.946008, 489537.179834 5882449.122760, 489507.107220 5882449.122760, 489507.107220 5882417.946008))
3; POLYGON((489466.793073 5882410.300000, 489491.276862 5882410.300000, 489491.276862 5882432.830298, 489466.793073 5882432.830298, 489466.793073 5882410.300000))
3; POLYGON((489451.483167 5882502.535638, 489475.849677 5882502.535638, 489475.849677 5882510.295832, 489451.483167 5882510.295832, 489451.483167 5882502.535638))
3; POLYGON((489439.523341 5882411.566992, 489466.857202 5882411.566992, 489466.857202 5882448.278113, 489439.523341 5882448.278113, 489439.523341 5882411.566992))
3; POLYGON((489477.421494 5882471.193954, 489523.421979 5882471.193954, 489523.421979 5882507.710107, 489477.421494 5882507.710107, 489477.421494 5882471.193954))
3; POLYGON((489515.995428 5882499.372549, 489537.200000 5882499.372549, 489537.200000 5882510.299797, 489515.995428 5882510.299797, 489515.995428 5882499.372549))
3; POLYGON((489514.076898 5882499.626207, 489537.200000 5882499.626207, 489537.200000 5882510.300000, 489514.076898 5882510.300000, 489514.076898 5882499.626207))
3; POLYGON((489511.012659 5882499.445310, 489537.200000 5882499.445310, 489537.200000 5882510.300000, 489511.012659 5882510.300000, 489511.012659 5882499.445310))
3; POLYGON((489524.922736 5882453.957281, 489537.200000 5882453.957281, 489537.200000 5882476.592038, 489524.922736 5882476.592038, 489524.922736 5882453.957281))
3; POLYGON((489517.174298 5882498.386658, 489537.193762 5882498.386658, 489537.193762 5882510.284720, 489517.174298 5882510.284720, 489517.174298 5882498.386658))
3; POLYGON((489444.348829 5882502.435728, 489475.802499 5882502.435728, 489475.802499 5882510.300000, 489444.348829 5882510.300000, 489444.348829 5882502.435728))
3; POLYGON((489511.881445 5882495.732350, 489537.200000 5882495.732350, 489537.200000 5882510.295866, 489511.881445 5882510.295866, 489511.881445 5882495.732350))
3; POLYGON((489514.499506 5882494.742146, 489537.200000 5882494.742146, 489537.200000 5882510.293184, 489514.499506 5882510.293184, 489514.499506 5882494.742146))
3; POLYGON((489524.914380 5882445.925122, 489537.200000 5882445.925122, 489537.200000 5882476.545517, 489524.914380 5882476.545517, 489524.914380 5882445.925122))
3; POLYGON((489440.389966 5882502.419857, 489475.922269 5882502.419857, 489475.922269 5882510.300000, 489440.389966 5882510.300000, 489440.389966 5882502.419857))
3; POLYGON((489507.145679 5882497.082664, 489537.200000 5882497.082664, 489537.200000 5882510.300000, 489507.145679 5882510.300000, 489507.145679 5882497.082664))
