3; POLYGON((491072.191174 5880557.568646, 491079.345541 5880557.568646, 491079.345541 5880565.128967, 491072.191174 5880565.128967, 491072.191174 5880557.568646))
4; POLYGON((491059.105864 5880559.290002, 491067.205298 5880559.290002, 491067.205298 5880566.588983, 491059.105864 5880566.588983, 491059.105864 5880559.290002))
4; POLYGON((491043.663283 5880563.330127, 491050.914735 5880563.330127, 491050.914735 5880571.325244, 491043.663283 5880571.325244, 491043.663283 5880563.330127))
4; POLYGON((491052.893062 5880607.293287, 491060.820509 5880607.293287, 491060.820509 5880610.292787, 491052.893062 5880610.292787, 491052.893062 5880607.293287))
4; POLYGON((491089.322314 5880549.064374, 491097.581873 5880549.064374, 491097.581873 5880556.601544, 491089.322314 5880556.601544, 491089.322314 5880549.064374))
3; POLYGON((491040.972458 5880540.031744, 491049.017915 5880540.031744, 491049.017915 5880548.235760, 491040.972458 5880548.235760, 491040.972458 5880540.031744))
4; POLYGON((491104.015314 5880542.012012, 491111.725983 5880542.012012, 491111.725983 5880550.170026, 491104.015314 5880550.170026, 491104.015314 5880542.012012))
4; POLYGON((491090.222754 5880525.144446, 491097.961859 5880525.144446, 491097.961859 5880532.044183, 491090.222754 5880532.044183, 491090.222754 5880525.144446))
4; POLYGON((491041.003050 5880540.425470, 491048.973254 5880540.425470, 491048.973254 5880548.407318, 491041.003050 5880548.407318, 491041.003050 5880540.425470))
4; POLYGON((491066.633887 5880532.541559, 491073.095721 5880532.541559, 491073.095721 5880539.045166, 491066.633887 5880539.045166, 491066.633887 5880532.541559))
4; POLYGON((491066.981769 5880532.849347, 491073.121631 5880532.849347, 491073.121631 5880539.007916, 491066.981769 5880539.007916, 491066.981769 5880532.849347))
4; POLYGON((491066.425534 5880530.995856, 491073.149731 5880530.995856, 491073.149731 5880538.963806, 491066.425534 5880538.963806, 491066.425534 5880530.995856))
4; POLYGON((491071.014987 5880554.949524, 491076.484598 5880554.949524, 491076.484598 5880560.141849, 491071.014987 5880560.141849, 491071.014987 5880554.949524))
3; POLYGON((491066.153979 5880530.062531, 491073.328458 5880530.062531, 491073.328458 5880538.973639, 491066.153979 5880538.973639, 491066.153979 5880530.062531))
4; POLYGON((491066.432645 5880531.872565, 491073.064624 5880531.872565, 491073.064624 5880539.064032, 491066.432645 5880539.064032, 491066.432645 5880531.872565))
