3; POLYGON((490664.274646 5882016.478534, 490701.279218 5882016.478534, 490701.279218 5882045.008405, 490664.274646 5882045.008405, 490664.274646 5882016.478534))
3; POLYGON((490700.190198 5882042.475104, 490717.330511 5882042.475104, 490717.330511 5882059.078528, 490700.190198 5882059.078528, 490700.190198 5882042.475104))
3; POLYGON((490641.538318 5882024.185748, 490709.939270 5882024.185748, 490709.939270 5882105.924990, 490641.538318 5882105.924990, 490641.538318 5882024.185748))
3; POLYGON((490681.423996 5882077.168488, 490709.910535 5882077.168488, 490709.910535 5882105.815862, 490681.423996 5882105.815862, 490681.423996 5882077.168488))
3; POLYGON((490637.212156 5882013.366119, 490648.323431 5882013.366119, 490648.323431 5882030.992303, 490637.212156 5882030.992303, 490637.212156 5882013.366119))
3; POLYGON((490708.374963 5882055.344543, 490737.200000 5882055.344543, 490737.200000 5882091.538515, 490708.374963 5882091.538515, 490708.374963 5882055.344543))
3; POLYGON((490637.200000 5882067.778925, 490677.616190 5882067.778925, 490677.616190 5882110.300000, 490637.200000 5882110.300000, 490637.200000 5882067.778925))
3; POLYGON((490708.368738 5882071.938458, 490729.047638 5882071.938458, 490729.047638 5882091.459621, 490708.368738 5882091.459621, 490708.368738 5882071.938458))
3; POLYGON((490639.519538 5882024.302759, 490704.931720 5882024.302759, 490704.931720 5882104.972239, 490639.519538 5882104.972239, 490639.519538 5882024.302759))
4; POLYGON((490694.952783 5882014.126025, 490705.687555 5882014.126025, 490705.687555 5882024.352802, 490694.952783 5882024.352802, 490694.952783 5882014.126025))
4; POLYGON((490690.286255 5882024.116254, 490716.617340 5882024.116254, 490716.617340 5882050.987970, 490690.286255 5882050.987970, 490690.286255 5882024.116254))
3; POLYGON((490637.206919 5882018.208563, 490648.374878 5882018.208563, 490648.374878 5882031.014575, 490637.206919 5882031.014575, 490637.206919 5882018.208563))
3; POLYGON((490704.606140 5882010.303723, 490731.812054 5882010.303723, 490731.812054 5882024.772729, 490704.606140 5882024.772729, 490704.606140 5882010.303723))
3; POLYGON((490720.945343 5882056.399646, 490737.200000 5882056.399646, 490737.200000 5882081.007425, 490720.945343 5882081.007425, 490720.945343 5882056.399646))
