4; POLYGON((489845.369705 5880756.935632, 489857.575484 5880756.935632, 489857.575484 5880768.497977, 489845.369705 5880768.497977, 489845.369705 5880756.935632))
4; POLYGON((489923.015350 5880736.690405, 489929.928131 5880736.690405, 489929.928131 5880744.112354, 489923.015350 5880744.112354, 489923.015350 5880736.690405))
4; POLYGON((489837.210303 5880763.018054, 489841.484156 5880763.018054, 489841.484156 5880771.066864, 489837.210303 5880771.066864, 489837.210303 5880763.018054))
4; POLYGON((489861.475450 5880754.326465, 489868.513150 5880754.326465, 489868.513150 5880761.042325, 489861.475450 5880761.042325, 489861.475450 5880754.326465))
4; POLYGON((489837.202874 5880762.943585, 489842.009338 5880762.943585, 489842.009338 5880771.116144, 489837.202874 5880771.116144, 489837.202874 5880762.943585))
4; POLYGON((489922.854932 5880801.955654, 489929.243964 5880801.955654, 489929.243964 5880807.970213, 489922.854932 5880807.970213, 489922.854932 5880801.955654))
4; POLYGON((489877.016275 5880747.520990, 489883.754593 5880747.520990, 489883.754593 5880753.589612, 489877.016275 5880753.589612, 489877.016275 5880747.520990))
4; POLYGON((489922.920691 5880802.137934, 489928.868829 5880802.137934, 489928.868829 5880807.903089, 489922.920691 5880807.903089, 489922.920691 5880802.137934))
4; POLYGON((489837.206156 5880763.046912, 489841.266054 5880763.046912, 489841.266054 5880772.101370, 489837.206156 5880772.101370, 489837.206156 5880763.046912))
4; POLYGON((489845.410146 5880761.375562, 489857.087184 5880761.375562, 489857.087184 5880768.570035, 489845.410146 5880768.570035, 489845.410146 5880761.375562))
