3; POLYGON((488626.752252 5881777.087341, 488637.200000 5881777.087341, 488637.200000 5881800.744215, 488626.752252 5881800.744215, 488626.752252 5881777.087341))
3; POLYGON((488537.205531 5881736.278986, 488565.458609 5881736.278986, 488565.458609 5881764.855228, 488537.205531 5881764.855228, 488537.205531 5881736.278986))
3; POLYGON((488589.428467 5881710.300000, 488620.286609 5881710.300000, 488620.286609 5881741.475763, 488589.428467 5881741.475763, 488589.428467 5881710.300000))
4; POLYGON((488582.949747 5881738.310785, 488594.435870 5881738.310785, 488594.435870 5881754.368610, 488582.949747 5881754.368610, 488582.949747 5881738.310785))
3; POLYGON((488537.200000 5881782.362036, 488628.181000 5881782.362036, 488628.181000 5881810.300000, 488537.200000 5881810.300000, 488537.200000 5881782.362036))
3; POLYGON((488564.772357 5881720.347131, 488573.953497 5881720.347131, 488573.953497 5881729.665863, 488564.772357 5881729.665863, 488564.772357 5881720.347131))
3; POLYGON((488537.200000 5881783.269815, 488635.192932 5881783.269815, 488635.192932 5881810.300000, 488537.200000 5881810.300000, 488537.200000 5881783.269815))
3; POLYGON((488537.248757 5881782.166235, 488599.160309 5881782.166235, 488599.160309 5881810.290508, 488537.248757 5881810.290508, 488537.248757 5881782.166235))
3; POLYGON((488573.593997 5881757.857635, 488624.609790 5881757.857635, 488624.609790 5881790.247890, 488573.593997 5881790.247890, 488573.593997 5881757.857635))
3; POLYGON((488537.200000 5881782.023721, 488609.488245 5881782.023721, 488609.488245 5881810.295577, 488537.200000 5881810.295577, 488537.200000 5881782.023721))
3; POLYGON((488626.130182 5881775.507169, 488637.200000 5881775.507169, 488637.200000 5881800.718536, 488626.130182 5881800.718536, 488626.130182 5881775.507169))
3; POLYGON((488573.803479 5881757.986017, 488605.784790 5881757.986017, 488605.784790 5881782.455917, 488573.803479 5881782.455917, 488573.803479 5881757.986017))
3; POLYGON((488561.899974 5881710.300000, 488584.967242 5881710.300000, 488584.967242 5881729.531683, 488561.899974 5881729.531683, 488561.899974 5881710.300000))
