3; POLYGON((490288.820410 5882099.593676, 490305.327881 5882099.593676, 490305.327881 5882110.291377, 490288.820410 5882110.291377, 490288.820410 5882099.593676))
3; POLYGON((490313.806659 5882048.794067, 490331.407953 5882048.794067, 490331.407953 5882065.723657, 490313.806659 5882065.723657, 490313.806659 5882048.794067))
2; POLYGON((490280.256192 5882072.076437, 490289.509473 5882072.076437, 490289.509473 5882081.730704, 490280.256192 5882081.730704, 490280.256192 5882072.076437))
4; POLYGON((490254.619385 5882019.797351, 490284.252213 5882019.797351, 490284.252213 5882042.545105, 490254.619385 5882042.545105, 490254.619385 5882019.797351))
2; POLYGON((490280.704285 5882072.180292, 490289.863409 5882072.180292, 490289.863409 5882081.514655, 490280.704285 5882081.514655, 490280.704285 5882072.180292))
4; POLYGON((490282.432101 5882010.300000, 490314.136719 5882010.300000, 490314.136719 5882019.856262, 490282.432101 5882019.856262, 490282.432101 5882010.300000))
3; POLYGON((490330.709052 5882067.645734, 490337.200000 5882067.645734, 490337.200000 5882083.830933, 490330.709052 5882083.830933, 490330.709052 5882067.645734))
3; POLYGON((490312.394629 5882101.601098, 490333.617816 5882101.601098, 490333.617816 5882110.295214, 490312.394629 5882110.295214, 490312.394629 5882101.601098))
3; POLYGON((490333.760925 5882029.596344, 490337.200000 5882029.596344, 490337.200000 5882045.375647, 490333.760925 5882045.375647, 490333.760925 5882029.596344))
3; POLYGON((490330.614191 5882067.795078, 490337.200000 5882067.795078, 490337.200000 5882082.439575, 490330.614191 5882082.439575, 490330.614191 5882067.795078))
3; POLYGON((490333.570129 5882028.839374, 490337.200000 5882028.839374, 490337.200000 5882045.007635, 490333.570129 5882045.007635, 490333.570129 5882028.839374))
3; POLYGON((490294.182050 5882039.181116, 490305.864929 5882039.181116, 490305.864929 5882055.605841, 490294.182050 5882055.605841, 490294.182050 5882039.181116))
3; POLYGON((490333.992670 5882029.552350, 490337.200000 5882029.552350, 490337.200000 5882046.275555, 490333.992670 5882046.275555, 490333.992670 5882029.552350))
3; POLYGON((490268.530780 5882060.933966, 490300.558148 5882060.933966, 490300.558148 5882094.295889, 490268.530780 5882094.295889, 490268.530780 5882060.933966))
3; POLYGON((490308.363879 5882101.541441, 490333.684961 5882101.541441, 490333.684961 5882110.296614, 490308.363879 5882110.296614, 490308.363879 5882101.541441))
4; POLYGON((490296.757898 5882097.734177, 490304.338025 5882097.734177, 490304.338025 5882105.811483, 490296.757898 5882105.811483, 490296.757898 5882097.734177))
3; POLYGON((490333.684009 5882029.343866, 490337.200000 5882029.343866, 490337.200000 5882048.107812, 490333.684009 5882048.107812, 490333.684009 5882029.343866))
4; POLYGON((490330.813251 5882026.518573, 490337.200000 5882026.518573, 490337.200000 5882036.205493, 490330.813251 5882036.205493, 490330.813251 5882026.518573))
3; POLYGON((490330.589508 5882067.597101, 490337.200000 5882067.597101, 490337.200000 5882087.748906, 490330.589508 5882087.748906, 490330.589508 5882067.597101))
3; POLYGON((490237.209136 5882010.300000, 490243.436861 5882010.300000, 490243.436861 5882015.831305, 490237.209136 5882015.831305, 490237.209136 5882010.300000))
3; POLYGON((490333.898315 5882029.143658, 490337.200000 5882029.143658, 490337.200000 5882043.881323, 490333.898315 5882043.881323, 490333.898315 5882029.143658))
3; POLYGON((490237.206169 5882010.300000, 490243.468636 5882010.300000, 490243.468636 5882017.591919, 490237.206169 5882017.591919, 490237.206169 5882010.300000))
