3; POLYGON((489149.370719 5881859.993646, 489213.270612 5881859.993646, 489213.270612 5881896.161082, 489149.370719 5881896.161082, 489149.370719 5881859.993646))
3; POLYGON((489151.802708 5881831.422174, 489222.677979 5881831.422174, 489222.677979 5881867.113745, 489151.802708 5881867.113745, 489151.802708 5881831.422174))
3; POLYGON((489213.471222 5881886.146945, 489237.119812 5881886.146945, 489237.119812 5881910.293399, 489213.471222 5881910.293399, 489213.471222 5881886.146945))
3; POLYGON((489137.200000 5881825.347723, 489149.511838 5881825.347723, 489149.511838 5881838.756750, 489137.200000 5881838.756750, 489137.200000 5881825.347723))
3; POLYGON((489149.417199 5881859.946024, 489199.790771 5881859.946024, 489199.790771 5881888.261298, 489149.417199 5881888.261298, 489149.417199 5881859.946024))
3; POLYGON((489231.699091 5881850.225714, 489237.181891 5881850.225714, 489237.181891 5881876.751974, 489231.699091 5881876.751974, 489231.699091 5881850.225714))
3; POLYGON((489141.205103 5881810.300000, 489158.624501 5881810.300000, 489158.624501 5881823.353290, 489141.205103 5881823.353290, 489141.205103 5881810.300000))
3; POLYGON((489231.725079 5881842.904858, 489237.185022 5881842.904858, 489237.185022 5881876.997952, 489231.725079 5881876.997952, 489231.725079 5881842.904858))
3; POLYGON((489215.651917 5881810.300000, 489237.200000 5881810.300000, 489237.200000 5881815.382623, 489215.651917 5881815.382623, 489215.651917 5881810.300000))
3; POLYGON((489231.584052 5881836.448834, 489237.189545 5881836.448834, 489237.189545 5881877.160495, 489231.584052 5881877.160495, 489231.584052 5881836.448834))
3; POLYGON((489215.658624 5881810.300000, 489237.200000 5881810.300000, 489237.200000 5881816.603510, 489215.658624 5881816.603510, 489215.658624 5881810.300000))
