3; POLYGON((491046.550469 5882031.422284, 491081.162729 5882031.422284, 491081.162729 5882067.567056, 491046.550469 5882067.567056, 491046.550469 5882031.422284))
3; POLYGON((491090.276611 5882078.610818, 491107.127435 5882078.610818, 491107.127435 5882095.755309, 491090.276611 5882095.755309, 491090.276611 5882078.610818))
3; POLYGON((491072.732532 5882089.357959, 491092.145374 5882089.357959, 491092.145374 5882108.425899, 491072.732532 5882108.425899, 491072.732532 5882089.357959))
3; POLYGON((491102.870428 5882064.807330, 491115.865576 5882064.807330, 491115.865576 5882077.570676, 491102.870428 5882077.570676, 491102.870428 5882064.807330))
3; POLYGON((491085.282330 5882011.038190, 491101.000146 5882011.038190, 491101.000146 5882027.129968, 491085.282330 5882027.129968, 491085.282330 5882011.038190))
3; POLYGON((491058.793958 5882105.362435, 491076.089771 5882105.362435, 491076.089771 5882110.295025, 491058.793958 5882110.295025, 491058.793958 5882105.362435))
3; POLYGON((491037.208655 5882062.816214, 491049.612083 5882062.816214, 491049.612083 5882085.565302, 491037.208655 5882085.565302, 491037.208655 5882062.816214))
3; POLYGON((491115.719885 5882053.234949, 491130.093439 5882053.234949, 491130.093439 5882067.707019, 491115.719885 5882067.707019, 491115.719885 5882053.234949))
3; POLYGON((491054.707443 5882105.383644, 491075.338422 5882105.383644, 491075.338422 5882110.300000, 491054.707443 5882110.300000, 491054.707443 5882105.383644))
3; POLYGON((491057.467926 5882105.534910, 491075.154865 5882105.534910, 491075.154865 5882110.296597, 491057.467926 5882110.296597, 491057.467926 5882105.534910))
2; POLYGON((491126.842877 5882051.955389, 491134.727667 5882051.955389, 491134.727667 5882061.696835, 491126.842877 5882061.696835, 491126.842877 5882051.955389))
3; POLYGON((491051.592850 5882105.390490, 491075.983893 5882105.390490, 491075.983893 5882110.300000, 491051.592850 5882110.300000, 491051.592850 5882105.390490))
3; POLYGON((491049.062973 5882105.309283, 491076.105042 5882105.309283, 491076.105042 5882110.300000, 491049.062973 5882110.300000, 491049.062973 5882105.309283))
