3; POLYGON((490397.649713 5881778.849707, 490433.816119 5881778.849707, 490433.816119 5881810.300000, 490397.649713 5881810.300000, 490397.649713 5881778.849707))
3; POLYGON((490412.522650 5881745.515631, 490429.330750 5881745.515631, 490429.330750 5881763.356110, 490412.522650 5881763.356110, 490412.522650 5881745.515631))
3; POLYGON((490397.608130 5881725.320514, 490415.629089 5881725.320514, 490415.629089 5881743.382629, 490397.608130 5881743.382629, 490397.608130 5881725.320514))
1; POLYGON((490337.212112 5881757.145581, 490360.603500 5881757.145581, 490360.603500 5881797.871194, 490337.212112 5881797.871194, 490337.212112 5881757.145581))
3; POLYGON((490412.529535 5881745.559760, 490437.200000 5881745.559760, 490437.200000 5881786.603336, 490412.529535 5881786.603336, 490412.529535 5881745.559760))
3; POLYGON((490422.906219 5881755.941785, 490437.200000 5881755.941785, 490437.200000 5881786.244354, 490422.906219 5881786.244354, 490422.906219 5881755.941785))
3; POLYGON((490378.044156 5881710.300000, 490400.328418 5881710.300000, 490400.328418 5881725.126984, 490378.044156 5881725.126984, 490378.044156 5881710.300000))
3; POLYGON((490378.513104 5881710.300000, 490402.696411 5881710.300000, 490402.696411 5881726.463641, 490378.513104 5881726.463641, 490378.513104 5881710.300000))
3; POLYGON((490377.636951 5881710.300000, 490415.233618 5881710.300000, 490415.233618 5881743.640790, 490377.636951 5881743.640790, 490377.636951 5881710.300000))
1; POLYGON((490358.720250 5881761.683456, 490403.141772 5881761.683456, 490403.141772 5881799.340840, 490358.720250 5881799.340840, 490358.720250 5881761.683456))
