4; POLYGON((491254.701657 5881010.348383, 491302.485205 5881010.348383, 491302.485205 5881046.154321, 491254.701657 5881046.154321, 491254.701657 5881010.348383))
4; POLYGON((491267.663467 5881072.392026, 491301.238086 5881072.392026, 491301.238086 5881090.808615, 491267.663467 5881090.808615, 491267.663467 5881072.392026))
4; POLYGON((491237.411485 5881040.294373, 491254.070695 5881040.294373, 491254.070695 5881051.432123, 491237.411485 5881051.432123, 491237.411485 5881040.294373))
4; POLYGON((491268.307602 5881096.572307, 491301.936755 5881096.572307, 491301.936755 5881110.300000, 491268.307602 5881110.300000, 491268.307602 5881096.572307))
4; POLYGON((491237.217001 5881057.470020, 491244.707920 5881057.470020, 491244.707920 5881064.071915, 491237.217001 5881064.071915, 491237.217001 5881057.470020))
4; POLYGON((491237.200000 5881064.145590, 491260.137276 5881064.145590, 491260.137276 5881101.242052, 491237.200000 5881101.242052, 491237.200000 5881064.145590))
4; POLYGON((491237.202308 5881103.384626, 491242.637911 5881103.384626, 491242.637911 5881110.270137, 491237.202308 5881110.270137, 491237.202308 5881103.384626))
4; POLYGON((491237.207765 5881102.756309, 491242.427870 5881102.756309, 491242.427870 5881110.260203, 491237.207765 5881110.260203, 491237.207765 5881102.756309))
4; POLYGON((491237.200000 5881077.417313, 491260.247327 5881077.417313, 491260.247327 5881101.509143, 491237.200000 5881101.509143, 491237.200000 5881077.417313))
4; POLYGON((491237.260150 5881064.405099, 491259.183862 5881064.405099, 491259.183862 5881078.118066, 491237.260150 5881078.118066, 491237.260150 5881064.405099))
4; POLYGON((491239.328285 5881064.428113, 491259.202545 5881064.428113, 491259.202545 5881077.975949, 491239.328285 5881077.975949, 491239.328285 5881064.428113))
4; POLYGON((491242.084596 5881064.467560, 491259.237691 5881064.467560, 491259.237691 5881078.063055, 491242.084596 5881078.063055, 491242.084596 5881064.467560))
4; POLYGON((491268.370337 5881101.741365, 491285.525876 5881101.741365, 491285.525876 5881110.300000, 491268.370337 5881110.300000, 491268.370337 5881101.741365))
4; POLYGON((491244.567635 5881064.529471, 491259.204788 5881064.529471, 491259.204788 5881077.860883, 491244.567635 5881077.860883, 491244.567635 5881064.529471))
4; POLYGON((491237.209052 5881101.314421, 491242.417085 5881101.314421, 491242.417085 5881110.203820, 491237.209052 5881110.203820, 491237.209052 5881101.314421))
4; POLYGON((491237.202360 5881100.501534, 491242.551397 5881100.501534, 491242.551397 5881110.294124, 491237.202360 5881110.294124, 491237.202360 5881100.501534))
