3; POLYGON((488169.086948 5880883.516559, 488185.635419 5880883.516559, 488185.635419 5880903.797935, 488169.086948 5880903.797935, 488169.086948 5880883.516559))
3; POLYGON((488199.888550 5880847.467456, 488220.238287 5880847.467456, 488220.238287 5880863.091171, 488199.888550 5880863.091171, 488199.888550 5880847.467456))
3; POLYGON((488188.516010 5880819.188013, 488210.601385 5880819.188013, 488210.601385 5880841.770984, 488188.516010 5880841.770984, 488188.516010 5880819.188013))
3; POLYGON((488137.205242 5880832.079901, 488144.196565 5880832.079901, 488144.196565 5880849.864447, 488137.205242 5880849.864447, 488137.205242 5880832.079901))
4; POLYGON((488219.636615 5880842.789716, 488237.183221 5880842.789716, 488237.183221 5880852.180090, 488219.636615 5880852.180090, 488219.636615 5880842.789716))
3; POLYGON((488137.220602 5880862.410257, 488167.255072 5880862.410257, 488167.255072 5880896.049597, 488137.220602 5880896.049597, 488137.220602 5880862.410257))
3; POLYGON((488156.278725 5880841.941748, 488174.210907 5880841.941748, 488174.210907 5880861.318729, 488156.278725 5880861.318729, 488156.278725 5880841.941748))
4; POLYGON((488207.691284 5880811.280139, 488229.451880 5880811.280139, 488229.451880 5880837.749786, 488207.691284 5880837.749786, 488207.691284 5880811.280139))
4; POLYGON((488159.879216 5880902.320614, 488182.391626 5880902.320614, 488182.391626 5880910.300000, 488159.879216 5880910.300000, 488159.879216 5880902.320614))
4; POLYGON((488165.912842 5880902.655849, 488182.358240 5880902.655849, 488182.358240 5880910.300000, 488165.912842 5880910.300000, 488165.912842 5880902.655849))
2; POLYGON((488213.016687 5880859.310376, 488220.874152 5880859.310376, 488220.874152 5880868.929861, 488213.016687 5880868.929861, 488213.016687 5880859.310376))
3; POLYGON((488183.019144 5880810.300000, 488204.209631 5880810.300000, 488204.209631 5880824.547064, 488183.019144 5880824.547064, 488183.019144 5880810.300000))
3; POLYGON((488205.524408 5880888.580898, 488228.269525 5880888.580898, 488228.269525 5880910.279609, 488205.524408 5880910.279609, 488205.524408 5880888.580898))
3; POLYGON((488137.201468 5880832.143689, 488144.247534 5880832.143689, 488144.247534 5880858.145166, 488137.201468 5880858.145166, 488137.201468 5880832.143689))
4; POLYGON((488161.263371 5880857.269714, 488180.973465 5880857.269714, 488180.973465 5880881.909665, 488161.263371 5880881.909665, 488161.263371 5880857.269714))
4; POLYGON((488215.582025 5880819.710699, 488229.103992 5880819.710699, 488229.103992 5880837.697491, 488215.582025 5880837.697491, 488215.582025 5880819.710699))
