3; POLYGON((488637.211051 5881848.810693, 488647.745190 5881848.810693, 488647.745190 5881869.063379, 488637.211051 5881869.063379, 488637.211051 5881848.810693))
3; POLYGON((488666.786716 5881844.042639, 488679.474213 5881844.042639, 488679.474213 5881858.237177, 488666.786716 5881858.237177, 488666.786716 5881844.042639))
3; POLYGON((488654.538353 5881810.300000, 488719.758557 5881810.300000, 488719.758557 5881829.504468, 488654.538353 5881829.504468, 488654.538353 5881810.300000))
3; POLYGON((488728.535028 5881822.970544, 488737.200000 5881822.970544, 488737.200000 5881842.666351, 488728.535028 5881842.666351, 488728.535028 5881822.970544))
3; POLYGON((488679.332962 5881850.414917, 488705.631097 5881850.414917, 488705.631097 5881901.588573, 488679.332962 5881901.588573, 488679.332962 5881850.414917))
3; POLYGON((488679.438596 5881850.330951, 488703.300195 5881850.330951, 488703.300195 5881873.390625, 488679.438596 5881873.390625, 488679.438596 5881850.330951))
3; POLYGON((488637.337743 5881830.053534, 488657.050951 5881830.053534, 488657.050951 5881848.724231, 488637.337743 5881848.724231, 488637.337743 5881830.053534))
4; POLYGON((488721.669159 5881864.975641, 488737.200000 5881864.975641, 488737.200000 5881888.237509, 488721.669159 5881888.237509, 488721.669159 5881864.975641))
3; POLYGON((488637.206491 5881848.765802, 488647.680622 5881848.765802, 488647.680622 5881874.393546, 488637.206491 5881874.393546, 488637.206491 5881848.765802))
3; POLYGON((488662.299860 5881810.300000, 488720.362347 5881810.300000, 488720.362347 5881829.682861, 488662.299860 5881829.682861, 488662.299860 5881810.300000))
