4; POLYGON((491507.775330 5880370.763986, 491537.182520 5880370.763986, 491537.182520 5880385.865411, 491507.775330 5880385.865411, 491507.775330 5880370.763986))
4; POLYGON((491470.539575 5880406.322124, 491492.733514 5880406.322124, 491492.733514 5880410.300000, 491470.539575 5880410.300000, 491470.539575 5880406.322124))
4; POLYGON((491470.565491 5880406.444667, 491491.045111 5880406.444667, 491491.045111 5880410.295623, 491470.565491 5880410.295623, 491470.565491 5880406.444667))
4; POLYGON((491469.609344 5880406.431392, 491497.906354 5880406.431392, 491497.906354 5880410.299922, 491469.609344 5880410.299922, 491469.609344 5880406.431392))
4; POLYGON((491470.221786 5880406.340144, 491489.515112 5880406.340144, 491489.515112 5880410.299949, 491470.221786 5880410.299949, 491470.221786 5880406.340144))
4; POLYGON((491469.607901 5880406.446425, 491493.727246 5880406.446425, 491493.727246 5880410.299441, 491469.607901 5880410.299441, 491469.607901 5880406.446425))
4; POLYGON((491469.678558 5880406.404905, 491502.049731 5880406.404905, 491502.049731 5880410.300000, 491469.678558 5880410.300000, 491469.678558 5880406.404905))
4; POLYGON((491470.309241 5880406.400404, 491486.911725 5880406.400404, 491486.911725 5880410.300000, 491470.309241 5880410.300000, 491470.309241 5880406.400404))
4; POLYGON((491469.700192 5880406.355409, 491506.431091 5880406.355409, 491506.431091 5880410.300000, 491469.700192 5880410.300000, 491469.700192 5880406.355409))
4; POLYGON((491469.867731 5880406.311867, 491510.411761 5880406.311867, 491510.411761 5880410.300000, 491469.867731 5880410.300000, 491469.867731 5880406.311867))
