3; POLYGON((489743.408225 5881747.500006, 489761.002217 5881747.500006, 489761.002217 5881766.204718, 489743.408225 5881766.204718, 489743.408225 5881747.500006))
3; POLYGON((489816.164215 5881714.202655, 489837.200000 5881714.202655, 489837.200000 5881735.085608, 489816.164215 5881735.085608, 489816.164215 5881714.202655))
4; POLYGON((489744.026521 5881796.038541, 489751.252487 5881796.038541, 489751.252487 5881801.155878, 489744.026521 5881801.155878, 489744.026521 5881796.038541))
4; POLYGON((489775.989883 5881775.595535, 489793.381372 5881775.595535, 489793.381372 5881810.299115, 489775.989883 5881810.299115, 489775.989883 5881775.595535))
3; POLYGON((489737.203290 5881798.660486, 489755.030753 5881798.660486, 489755.030753 5881810.300000, 489737.203290 5881810.300000, 489737.203290 5881798.660486))
3; POLYGON((489818.644006 5881795.367598, 489836.595209 5881795.367598, 489836.595209 5881810.300000, 489818.644006 5881810.300000, 489818.644006 5881795.367598))
4; POLYGON((489744.313975 5881796.033426, 489751.183459 5881796.033426, 489751.183459 5881800.491342, 489744.313975 5881800.491342, 489744.313975 5881796.033426))
3; POLYGON((489737.860586 5881785.418117, 489756.634038 5881785.418117, 489756.634038 5881797.943925, 489737.860586 5881797.943925, 489737.860586 5881785.418117))
3; POLYGON((489737.253991 5881785.459105, 489756.637883 5881785.459105, 489756.637883 5881810.300000, 489737.253991 5881810.300000, 489737.253991 5881785.459105))
3; POLYGON((489795.297870 5881792.578775, 489808.797571 5881792.578775, 489808.797571 5881807.165134, 489795.297870 5881807.165134, 489795.297870 5881792.578775))
4; POLYGON((489744.029807 5881796.212540, 489751.666403 5881796.212540, 489751.666403 5881801.533144, 489744.029807 5881801.533144, 489744.029807 5881796.212540))
