4; POLYGON((488637.200000 5881475.898911, 488684.859012 5881475.898911, 488684.859012 5881510.228933, 488637.200000 5881510.228933, 488637.200000 5881475.898911))
3; POLYGON((488687.766418 5881422.342755, 488717.133459 5881422.342755, 488717.133459 5881464.383957, 488687.766418 5881464.383957, 488687.766418 5881422.342755))
4; POLYGON((488637.200000 5881449.994995, 488648.835347 5881449.994995, 488648.835347 5881465.725894, 488637.200000 5881465.725894, 488637.200000 5881449.994995))
4; POLYGON((488637.200000 5881448.199103, 488648.811589 5881448.199103, 488648.811589 5881465.733871, 488637.200000 5881465.733871, 488637.200000 5881448.199103))
3; POLYGON((488637.200000 5881410.300000, 488652.429330 5881410.300000, 488652.429330 5881425.202002, 488637.200000 5881425.202002, 488637.200000 5881410.300000))
4; POLYGON((488706.089349 5881452.765204, 488729.381628 5881452.765204, 488729.381628 5881473.479031, 488706.089349 5881473.479031, 488706.089349 5881452.765204))
3; POLYGON((488693.362592 5881477.217987, 488709.812708 5881477.217987, 488709.812708 5881493.345924, 488693.362592 5881493.345924, 488693.362592 5881477.217987))
3; POLYGON((488693.336548 5881477.066580, 488713.684784 5881477.066580, 488713.684784 5881493.376103, 488693.336548 5881493.376103, 488693.336548 5881477.066580))
4; POLYGON((488637.200000 5881451.597260, 488648.791763 5881451.597260, 488648.791763 5881465.729803, 488637.200000 5881465.729803, 488637.200000 5881451.597260))
3; POLYGON((488637.200000 5881410.300000, 488655.023427 5881410.300000, 488655.023427 5881427.549182, 488637.200000 5881427.549182, 488637.200000 5881410.300000))
4; POLYGON((488726.480194 5881484.931824, 488737.200000 5881484.931824, 488737.200000 5881501.768942, 488726.480194 5881501.768942, 488726.480194 5881484.931824))
3; POLYGON((488703.116821 5881410.300000, 488725.165912 5881410.300000, 488725.165912 5881413.108447, 488703.116821 5881413.108447, 488703.116821 5881410.300000))
3; POLYGON((488704.656525 5881410.300000, 488725.299213 5881410.300000, 488725.299213 5881412.795905, 488704.656525 5881412.795905, 488704.656525 5881410.300000))
4; POLYGON((488666.242169 5881447.639691, 488673.836819 5881447.639691, 488673.836819 5881455.125439, 488666.242169 5881455.125439, 488666.242169 5881447.639691))
4; POLYGON((488637.207506 5881445.045282, 488648.769747 5881445.045282, 488648.769747 5881465.719556, 488637.207506 5881465.719556, 488637.207506 5881445.045282))
0; POLYGON((488660.740120 5881487.542665, 488666.799896 5881487.542665, 488666.799896 5881491.821915, 488660.740120 5881491.821915, 488660.740120 5881487.542665))
3; POLYGON((488637.200000 5881410.300000, 488657.189372 5881410.300000, 488657.189372 5881427.920709, 488637.200000 5881427.920709, 488637.200000 5881410.300000))
0; POLYGON((488661.058185 5881486.898473, 488666.936282 5881486.898473, 488666.936282 5881491.025116, 488661.058185 5881491.025116, 488661.058185 5881486.898473))
4; POLYGON((488687.310562 5881483.104465, 488695.471942 5881483.104465, 488695.471942 5881492.013972, 488687.310562 5881492.013972, 488687.310562 5881483.104465))
