3; POLYGON((490016.772015 5881210.300000, 490037.200000 5881210.300000, 490037.200000 5881243.973566, 490016.772015 5881243.973566, 490016.772015 5881210.300000))
3; POLYGON((489950.598444 5881298.532563, 489969.015909 5881298.532563, 489969.015909 5881310.300000, 489950.598444 5881310.300000, 489950.598444 5881298.532563))
3; POLYGON((489995.421588 5881253.038470, 490018.707153 5881253.038470, 490018.707153 5881284.492758, 489995.421588 5881284.492758, 489995.421588 5881253.038470))
3; POLYGON((489977.036523 5881284.844067, 490002.919794 5881284.844067, 490002.919794 5881310.294558, 489977.036523 5881310.294558, 489977.036523 5881284.844067))
3; POLYGON((489972.730713 5881269.662949, 489985.132211 5881269.662949, 489985.132211 5881282.463712, 489972.730713 5881282.463712, 489972.730713 5881269.662949))
3; POLYGON((489937.229427 5881210.300671, 489989.707770 5881210.300671, 489989.707770 5881227.124713, 489937.229427 5881227.124713, 489937.229427 5881210.300671))
3; POLYGON((489937.200000 5881237.450409, 489992.022845 5881237.450409, 489992.022845 5881261.135684, 489937.200000 5881261.135684, 489937.200000 5881237.450409))
3; POLYGON((489937.209364 5881289.235315, 489944.948952 5881289.235315, 489944.948952 5881308.414303, 489937.209364 5881308.414303, 489937.209364 5881289.235315))
3; POLYGON((490018.944672 5881302.493977, 490030.121173 5881302.493977, 490030.121173 5881310.296530, 490018.944672 5881310.296530, 490018.944672 5881302.493977))
4; POLYGON((489989.322089 5881248.097681, 489995.737622 5881248.097681, 489995.737622 5881256.220319, 489989.322089 5881256.220319, 489989.322089 5881248.097681))
3; POLYGON((490024.159296 5881264.772562, 490037.200000 5881264.772562, 490037.200000 5881302.707281, 490024.159296 5881302.707281, 490024.159296 5881264.772562))
3; POLYGON((490024.162671 5881259.919754, 490037.200000 5881259.919754, 490037.200000 5881302.666654, 490024.162671 5881302.666654, 490024.162671 5881259.919754))
3; POLYGON((489995.587524 5881214.826666, 490011.153601 5881214.826666, 490011.153601 5881233.018158, 489995.587524 5881233.018158, 489995.587524 5881214.826666))
4; POLYGON((489942.716135 5881249.610516, 489953.885124 5881249.610516, 489953.885124 5881261.625562, 489942.716135 5881261.625562, 489942.716135 5881249.610516))
