3; POLYGON((490176.327231 5882510.300000, 490206.582855 5882510.300000, 490206.582855 5882539.492462, 490176.327231 5882539.492462, 490176.327231 5882510.300000))
3; POLYGON((490137.200000 5882555.807562, 490164.824707 5882555.807562, 490164.824707 5882588.910422, 490137.200000 5882588.910422, 490137.200000 5882555.807562))
3; POLYGON((490155.305214 5882531.118414, 490185.824399 5882531.118414, 490185.824399 5882564.327643, 490155.305214 5882564.327643, 490155.305214 5882531.118414))
3; POLYGON((490180.046783 5882562.129349, 490237.200000 5882562.129349, 490237.200000 5882610.300000, 490180.046783 5882610.300000, 490180.046783 5882562.129349))
3; POLYGON((490137.203683 5882586.203542, 490143.777508 5882586.203542, 490143.777508 5882610.300000, 490137.203683 5882610.300000, 490137.203683 5882586.203542))
3; POLYGON((490137.214170 5882589.136897, 490143.817841 5882589.136897, 490143.817841 5882610.297583, 490137.214170 5882610.297583, 490137.214170 5882589.136897))
3; POLYGON((490137.206060 5882592.622726, 490143.829244 5882592.622726, 490143.829244 5882610.283189, 490137.206060 5882610.283189, 490137.206060 5882592.622726))
3; POLYGON((490137.200000 5882581.604459, 490143.769537 5882581.604459, 490143.769537 5882610.300000, 490137.200000 5882610.300000, 490137.200000 5882581.604459))
3; POLYGON((490232.109064 5882548.296558, 490237.200000 5882548.296558, 490237.200000 5882566.095151, 490232.109064 5882566.095151, 490232.109064 5882548.296558))
3; POLYGON((490137.207201 5882594.732579, 490143.766161 5882594.732579, 490143.766161 5882610.286461, 490137.207201 5882610.286461, 490137.207201 5882594.732579))
3; POLYGON((490232.095642 5882546.033380, 490237.200000 5882546.033380, 490237.200000 5882566.078903, 490232.095642 5882566.078903, 490232.095642 5882546.033380))
3; POLYGON((490232.070850 5882542.451227, 490237.200000 5882542.451227, 490237.200000 5882566.205499, 490232.070850 5882566.205499, 490232.070850 5882542.451227))
3; POLYGON((490232.107422 5882540.227594, 490237.200000 5882540.227594, 490237.200000 5882566.409671, 490232.107422 5882566.409671, 490232.107422 5882540.227594))
3; POLYGON((490137.203044 5882596.259525, 490143.784483 5882596.259525, 490143.784483 5882610.290849, 490137.203044 5882610.290849, 490137.203044 5882596.259525))
