3; POLYGON((490700.815118 5881610.300000, 490714.885541 5881610.300000, 490714.885541 5881622.917377, 490700.815118 5881622.917377, 490700.815118 5881610.300000))
3; POLYGON((490675.362201 5881673.689618, 490718.765063 5881673.689618, 490718.765063 5881695.312062, 490675.362201 5881695.312062, 490675.362201 5881673.689618))
3; POLYGON((490722.380756 5881686.544917, 490737.200000 5881686.544917, 490737.200000 5881703.786123, 490722.380756 5881703.786123, 490722.380756 5881686.544917))
3; POLYGON((490640.643028 5881665.497922, 490654.868088 5881665.497922, 490654.868088 5881678.628699, 490640.643028 5881678.628699, 490640.643028 5881665.497922))
3; POLYGON((490637.208462 5881660.523938, 490638.942862 5881660.523938, 490638.942862 5881674.387619, 490637.208462 5881674.387619, 490637.208462 5881660.523938))
3; POLYGON((490657.944958 5881669.428906, 490671.485001 5881669.428906, 490671.485001 5881681.873511, 490657.944958 5881681.873511, 490657.944958 5881669.428906))
3; POLYGON((490664.598883 5881612.694751, 490677.391971 5881612.694751, 490677.391971 5881625.555267, 490664.598883 5881625.555267, 490664.598883 5881612.694751))
3; POLYGON((490688.737238 5881610.300000, 490700.574731 5881610.300000, 490700.574731 5881617.580249, 490688.737238 5881617.580249, 490688.737238 5881610.300000))
3; POLYGON((490637.213657 5881693.399432, 490649.516066 5881693.399432, 490649.516066 5881708.249574, 490637.213657 5881708.249574, 490637.213657 5881693.399432))
3; POLYGON((490637.203029 5881660.199371, 490639.279455 5881660.199371, 490639.279455 5881674.546729, 490637.203029 5881674.546729, 490637.203029 5881660.199371))
