3; POLYGON((490383.713672 5882210.300000, 490405.671356 5882210.300000, 490405.671356 5882217.486310, 490383.713672 5882217.486310, 490383.713672 5882210.300000))
3; POLYGON((490386.952661 5882220.159912, 490437.200000 5882220.159912, 490437.200000 5882261.095929, 490386.952661 5882261.095929, 490386.952661 5882220.159912))
3; POLYGON((490353.596638 5882290.601895, 490370.486520 5882290.601895, 490370.486520 5882305.127213, 490353.596638 5882305.127213, 490353.596638 5882290.601895))
3; POLYGON((490406.021326 5882294.350253, 490421.633392 5882294.350253, 490421.633392 5882305.830899, 490406.021326 5882305.830899, 490406.021326 5882294.350253))
3; POLYGON((490394.659528 5882222.992407, 490437.200000 5882222.992407, 490437.200000 5882260.696399, 490394.659528 5882260.696399, 490394.659528 5882222.992407))
3; POLYGON((490337.204467 5882250.338068, 490351.872711 5882250.338068, 490351.872711 5882274.536517, 490337.204467 5882274.536517, 490337.204467 5882250.338068))
3; POLYGON((490337.205217 5882221.698987, 490351.776649 5882221.698987, 490351.776649 5882242.273602, 490337.205217 5882242.273602, 490337.205217 5882221.698987))
3; POLYGON((490405.865320 5882294.356955, 490424.769409 5882294.356955, 490424.769409 5882310.300000, 490405.865320 5882310.300000, 490405.865320 5882294.356955))
4; POLYGON((490365.448691 5882297.105037, 490384.160590 5882297.105037, 490384.160590 5882310.289250, 490365.448691 5882310.289250, 490365.448691 5882297.105037))
3; POLYGON((490387.048398 5882219.938446, 490426.698694 5882219.938446, 490426.698694 5882248.027655, 490387.048398 5882248.027655, 490387.048398 5882219.938446))
3; POLYGON((490407.681067 5882303.032716, 490424.749323 5882303.032716, 490424.749323 5882310.300000, 490407.681067 5882310.300000, 490407.681067 5882303.032716))
4; POLYGON((490414.306970 5882221.522687, 490430.722784 5882221.522687, 490430.722784 5882232.368494, 490414.306970 5882232.368494, 490414.306970 5882221.522687))
3; POLYGON((490433.181482 5882277.612140, 490437.200000 5882277.612140, 490437.200000 5882295.670401, 490433.181482 5882295.670401, 490433.181482 5882277.612140))
3; POLYGON((490433.216736 5882277.963171, 490437.200000 5882277.963171, 490437.200000 5882293.066963, 490433.216736 5882293.066963, 490433.216736 5882277.963171))
