3; POLYGON((490366.825372 5882120.112811, 490393.083612 5882120.112811, 490393.083612 5882141.964545, 490366.825372 5882141.964545, 490366.825372 5882120.112811))
3; POLYGON((490386.559686 5882181.930002, 490405.877026 5882181.930002, 490405.877026 5882198.102310, 490386.559686 5882198.102310, 490386.559686 5882181.930002))
3; POLYGON((490383.968713 5882200.189313, 490405.414960 5882200.189313, 490405.414960 5882210.295007, 490383.968713 5882210.295007, 490383.968713 5882200.189313))
4; POLYGON((490390.451874 5882177.505347, 490403.510913 5882177.505347, 490403.510913 5882185.144315, 490390.451874 5882185.144315, 490390.451874 5882177.505347))
3; POLYGON((490353.758954 5882110.300000, 490372.721265 5882110.300000, 490372.721265 5882126.367999, 490353.758954 5882126.367999, 490353.758954 5882110.300000))
3; POLYGON((490418.245312 5882188.533521, 490430.219299 5882188.533521, 490430.219299 5882202.500688, 490418.245312 5882202.500688, 490418.245312 5882188.533521))
3; POLYGON((490418.101617 5882188.289461, 490437.200000 5882188.289461, 490437.200000 5882209.972917, 490418.101617 5882209.972917, 490418.101617 5882188.289461))
4; POLYGON((490382.434027 5882180.885913, 490389.526160 5882180.885913, 490389.526160 5882193.295232, 490382.434027 5882193.295232, 490382.434027 5882180.885913))
3; POLYGON((490410.676727 5882118.304681, 490437.200000 5882118.304681, 490437.200000 5882150.056708, 490410.676727 5882150.056708, 490410.676727 5882118.304681))
3; POLYGON((490353.810085 5882110.304810, 490368.015701 5882110.304810, 490368.015701 5882120.058868, 490353.810085 5882120.058868, 490353.810085 5882110.304810))
