3; POLYGON((491742.329303 5881486.789853, 491754.000168 5881486.789853, 491754.000168 5881496.903693, 491742.329303 5881496.903693, 491742.329303 5881486.789853))
4; POLYGON((491775.432623 5881410.300000, 491805.358240 5881410.300000, 491805.358240 5881414.691821, 491775.432623 5881414.691821, 491775.432623 5881410.300000))
4; POLYGON((491760.559381 5881475.187982, 491765.920670 5881475.187982, 491765.920670 5881484.066696, 491760.559381 5881484.066696, 491760.559381 5881475.187982))
3; POLYGON((491825.254810 5881413.227289, 491837.200000 5881413.227289, 491837.200000 5881426.165228, 491825.254810 5881426.165228, 491825.254810 5881413.227289))
4; POLYGON((491737.200000 5881484.099481, 491743.899395 5881484.099481, 491743.899395 5881491.652580, 491737.200000 5881491.652580, 491737.200000 5881484.099481))
4; POLYGON((491737.223663 5881483.329037, 491743.963460 5881483.329037, 491743.963460 5881491.594180, 491737.223663 5881491.594180, 491737.223663 5881483.329037))
3; POLYGON((491764.030945 5881507.567544, 491773.705804 5881507.567544, 491773.705804 5881510.292413, 491764.030945 5881510.292413, 491764.030945 5881507.567544))
2; POLYGON((491821.010229 5881468.367767, 491837.200000 5881468.367767, 491837.200000 5881497.482751, 491821.010229 5881497.482751, 491821.010229 5881468.367767))
3; POLYGON((491766.028677 5881481.558838, 491781.777655 5881481.558838, 491781.777655 5881494.540393, 491766.028677 5881494.540393, 491766.028677 5881481.558838))
3; POLYGON((491763.696103 5881507.793118, 491773.465262 5881507.793118, 491773.465262 5881510.294120, 491763.696103 5881510.294120, 491763.696103 5881507.793118))
4; POLYGON((491737.207184 5881484.628625, 491743.740818 5881484.628625, 491743.740818 5881491.588312, 491737.207184 5881491.588312, 491737.207184 5881484.628625))
