3; POLYGON((490842.285836 5880843.767578, 490849.694773 5880843.767578, 490849.694773 5880851.389697, 490842.285836 5880851.389697, 490842.285836 5880843.767578))
4; POLYGON((490876.710104 5880825.606702, 490884.143961 5880825.606702, 490884.143961 5880833.058069, 490876.710104 5880833.058069, 490876.710104 5880825.606702))
4; POLYGON((490861.681897 5880822.689032, 490869.112729 5880822.689032, 490869.112729 5880830.075220, 490861.681897 5880830.075220, 490861.681897 5880822.689032))
4; POLYGON((490847.926665 5880824.376642, 490853.658434 5880824.376642, 490853.658434 5880830.130878, 490847.926665 5880830.130878, 490847.926665 5880824.376642))
4; POLYGON((490846.925166 5880837.234674, 490854.573454 5880837.234674, 490854.573454 5880845.155896, 490846.925166 5880845.155896, 490846.925166 5880837.234674))
4; POLYGON((490837.210080 5880883.586600, 490840.606855 5880883.586600, 490840.606855 5880892.810771, 490837.210080 5880892.810771, 490837.210080 5880883.586600))
4; POLYGON((490837.208975 5880883.939240, 490840.641205 5880883.939240, 490840.641205 5880893.473166, 490837.208975 5880893.473166, 490837.208975 5880883.939240))
4; POLYGON((490876.678873 5880825.103540, 490884.451563 5880825.103540, 490884.451563 5880832.933813, 490876.678873 5880832.933813, 490876.678873 5880825.103540))
3; POLYGON((490883.067487 5880810.300000, 490891.295526 5880810.300000, 490891.295526 5880812.470331, 490883.067487 5880812.470331, 490883.067487 5880810.300000))
3; POLYGON((490883.512317 5880810.300000, 490891.697742 5880810.300000, 490891.697742 5880812.210547, 490883.512317 5880812.210547, 490883.512317 5880810.300000))
4; POLYGON((490838.139179 5880817.954791, 490845.030222 5880817.954791, 490845.030222 5880824.673224, 490838.139179 5880824.673224, 490838.139179 5880817.954791))
4; POLYGON((490870.853830 5880829.914667, 490875.214566 5880829.914667, 490875.214566 5880834.337781, 490870.853830 5880834.337781, 490870.853830 5880829.914667))
