4; POLYGON((491889.498804 5882573.498788, 491919.285773 5882573.498788, 491919.285773 5882597.274640, 491889.498804 5882597.274640, 491889.498804 5882573.498788))
3; POLYGON((491837.210104 5882522.282019, 491847.496666 5882522.282019, 491847.496666 5882552.344427, 491837.210104 5882552.344427, 491837.210104 5882522.282019))
3; POLYGON((491876.694055 5882533.223761, 491902.781079 5882533.223761, 491902.781079 5882549.981915, 491876.694055 5882549.981915, 491876.694055 5882533.223761))
4; POLYGON((491837.200715 5882593.043564, 491843.846749 5882593.043564, 491843.846749 5882604.136739, 491837.200715 5882604.136739, 491837.200715 5882593.043564))
4; POLYGON((491858.850816 5882592.027692, 491867.203317 5882592.027692, 491867.203317 5882604.503698, 491858.850816 5882604.503698, 491858.850816 5882592.027692))
4; POLYGON((491871.977545 5882549.901550, 491877.938538 5882549.901550, 491877.938538 5882555.333093, 491871.977545 5882555.333093, 491871.977545 5882549.901550))
3; POLYGON((491837.211115 5882510.304224, 491845.041890 5882510.304224, 491845.041890 5882518.300854, 491837.211115 5882518.300854, 491837.211115 5882510.304224))
4; POLYGON((491842.034508 5882536.636224, 491849.656635 5882536.636224, 491849.656635 5882543.091693, 491842.034508 5882543.091693, 491842.034508 5882536.636224))
4; POLYGON((491842.311482 5882569.543881, 491865.363354 5882569.543881, 491865.363354 5882580.202164, 491842.311482 5882580.202164, 491842.311482 5882569.543881))
4; POLYGON((491837.207473 5882592.947264, 491843.756107 5882592.947264, 491843.756107 5882607.154524, 491837.207473 5882607.154524, 491837.207473 5882592.947264))
4; POLYGON((491874.679761 5882510.300000, 491905.419153 5882510.300000, 491905.419153 5882515.421234, 491874.679761 5882515.421234, 491874.679761 5882510.300000))
4; POLYGON((491842.294307 5882572.079059, 491858.400450 5882572.079059, 491858.400450 5882580.283783, 491842.294307 5882580.283783, 491842.294307 5882572.079059))
