3; POLYGON((488881.495718 5882337.296313, 488903.526892 5882337.296313, 488903.526892 5882364.885095, 488881.495718 5882364.885095, 488881.495718 5882337.296313))
3; POLYGON((488854.054601 5882392.595772, 488898.059631 5882392.595772, 488898.059631 5882410.296407, 488854.054601 5882410.296407, 488854.054601 5882392.595772))
3; POLYGON((488839.795711 5882359.129593, 488890.859760 5882359.129593, 488890.859760 5882387.576053, 488839.795711 5882387.576053, 488839.795711 5882359.129593))
3; POLYGON((488909.892303 5882310.300000, 488931.119403 5882310.300000, 488931.119403 5882333.288013, 488909.892303 5882333.288013, 488909.892303 5882310.300000))
3; POLYGON((488840.037965 5882359.164154, 488884.168393 5882359.164154, 488884.168393 5882387.598845, 488840.037965 5882387.598845, 488840.037965 5882359.164154))
3; POLYGON((488863.263495 5882310.300000, 488891.634216 5882310.300000, 488891.634216 5882340.836646, 488863.263495 5882340.836646, 488863.263495 5882310.300000))
3; POLYGON((488901.780817 5882382.717966, 488927.505823 5882382.717966, 488927.505823 5882410.270305, 488901.780817 5882410.270305, 488901.780817 5882382.717966))
3; POLYGON((488901.658734 5882382.661899, 488917.991528 5882382.661899, 488917.991528 5882398.299168, 488901.658734 5882398.299168, 488901.658734 5882382.661899))
3; POLYGON((488837.205575 5882318.772839, 488847.268015 5882318.772839, 488847.268015 5882361.488364, 488837.205575 5882361.488364, 488837.205575 5882318.772839))
3; POLYGON((488909.240778 5882310.300000, 488937.200000 5882310.300000, 488937.200000 5882387.161443, 488909.240778 5882387.161443, 488909.240778 5882310.300000))
3; POLYGON((488909.893549 5882310.518842, 488934.811865 5882310.518842, 488934.811865 5882346.971393, 488909.893549 5882346.971393, 488909.893549 5882310.518842))
3; POLYGON((488837.207361 5882312.496747, 488847.315540 5882312.496747, 488847.315540 5882361.748944, 488837.207361 5882361.748944, 488837.207361 5882312.496747))
