3; POLYGON((489304.491479 5881610.822821, 489337.191949 5881610.822821, 489337.191949 5881683.903250, 489304.491479 5881683.903250, 489304.491479 5881610.822821))
4; POLYGON((489272.490991 5881675.455014, 489316.946613 5881675.455014, 489316.946613 5881700.432941, 489272.490991 5881700.432941, 489272.490991 5881675.455014))
4; POLYGON((489248.735711 5881694.195633, 489254.933936 5881694.195633, 489254.933936 5881702.542834, 489248.735711 5881702.542834, 489248.735711 5881694.195633))
3; POLYGON((489237.200000 5881689.716910, 489279.532422 5881689.716910, 489279.532422 5881710.292771, 489237.200000 5881710.292771, 489237.200000 5881689.716910))
2; POLYGON((489281.322238 5881610.300000, 489306.651471 5881610.300000, 489306.651471 5881647.033917, 489281.322238 5881647.033917, 489281.322238 5881610.300000))
3; POLYGON((489286.998761 5881701.175900, 489303.133319 5881701.175900, 489303.133319 5881710.295005, 489286.998761 5881710.295005, 489286.998761 5881701.175900))
1; POLYGON((489281.299017 5881610.322668, 489307.177673 5881610.322668, 489307.177673 5881647.154974, 489281.299017 5881647.154974, 489281.299017 5881610.322668))
3; POLYGON((489237.200000 5881689.882411, 489302.745038 5881689.882411, 489302.745038 5881710.300000, 489237.200000 5881710.300000, 489237.200000 5881689.882411))
3; POLYGON((489326.410168 5881610.300000, 489337.200000 5881610.300000, 489337.200000 5881616.132104, 489326.410168 5881616.132104, 489326.410168 5881610.300000))
3; POLYGON((489330.119238 5881693.114603, 489337.200000 5881693.114603, 489337.200000 5881710.272540, 489330.119238 5881710.272540, 489330.119238 5881693.114603))
3; POLYGON((489330.127258 5881666.661237, 489337.187738 5881666.661237, 489337.187738 5881710.300000, 489330.127258 5881710.300000, 489330.127258 5881666.661237))
3; POLYGON((489330.045935 5881676.706653, 489337.192224 5881676.706653, 489337.192224 5881710.299899, 489330.045935 5881710.299899, 489330.045935 5881676.706653))
3; POLYGON((489329.941827 5881673.281683, 489337.193805 5881673.281683, 489337.193805 5881710.300000, 489329.941827 5881710.300000, 489329.941827 5881673.281683))
3; POLYGON((489326.681561 5881610.300000, 489337.200000 5881610.300000, 489337.200000 5881615.594794, 489326.681561 5881615.594794, 489326.681561 5881610.300000))
3; POLYGON((489330.041486 5881685.804285, 489337.199005 5881685.804285, 489337.199005 5881710.288888, 489330.041486 5881710.288888, 489330.041486 5881685.804285))
3; POLYGON((489325.577234 5881610.300000, 489337.200000 5881610.300000, 489337.200000 5881615.731073, 489325.577234 5881615.731073, 489325.577234 5881610.300000))
3; POLYGON((489330.037543 5881680.787775, 489337.196405 5881680.787775, 489337.196405 5881710.285927, 489330.037543 5881710.285927, 489330.037543 5881680.787775))
3; POLYGON((489330.682178 5881688.688660, 489337.200000 5881688.688660, 489337.200000 5881710.239936, 489330.682178 5881710.239936, 489330.682178 5881688.688660))
3; POLYGON((489330.341870 5881691.661983, 489337.200000 5881691.661983, 489337.200000 5881710.269777, 489330.341870 5881710.269777, 489330.341870 5881691.661983))
4; POLYGON((489300.311566 5881677.473062, 489314.954852 5881677.473062, 489314.954852 5881686.280173, 489300.311566 5881686.280173, 489300.311566 5881677.473062))
3; POLYGON((489330.566736 5881662.263715, 489337.192029 5881662.263715, 489337.192029 5881710.300000, 489330.566736 5881710.300000, 489330.566736 5881662.263715))
3; POLYGON((489281.170944 5881701.036856, 489302.996991 5881701.036856, 489302.996991 5881710.287149, 489281.170944 5881710.287149, 489281.170944 5881701.036856))
3; POLYGON((489326.225659 5881610.300000, 489337.200000 5881610.300000, 489337.200000 5881616.690277, 489326.225659 5881616.690277, 489326.225659 5881610.300000))
3; POLYGON((489330.945740 5881690.943202, 489337.200000 5881690.943202, 489337.200000 5881710.265923, 489330.945740 5881710.265923, 489330.945740 5881690.943202))
4; POLYGON((489237.208115 5881663.249432, 489239.587966 5881663.249432, 489239.587966 5881674.290570, 489237.208115 5881674.290570, 489237.208115 5881663.249432))
