4; POLYGON((491612.327661 5880114.884283, 491620.016528 5880114.884283, 491620.016528 5880121.715808, 491612.327661 5880121.715808, 491612.327661 5880114.884283))
4; POLYGON((491537.205705 5880110.300000, 491548.833799 5880110.300000, 491548.833799 5880132.633594, 491537.205705 5880132.633594, 491537.205705 5880110.300000))
4; POLYGON((491630.466315 5880110.316528, 491637.200000 5880110.316528, 491637.200000 5880122.863995, 491630.466315 5880122.863995, 491630.466315 5880110.316528))
4; POLYGON((491537.207559 5880110.300000, 491548.882552 5880110.300000, 491548.882552 5880137.824274, 491537.207559 5880137.824274, 491537.207559 5880110.300000))
4; POLYGON((491623.192175 5880151.707019, 491629.650519 5880151.707019, 491629.650519 5880158.049023, 491623.192175 5880158.049023, 491623.192175 5880151.707019))
4; POLYGON((491537.200000 5880110.300000, 491548.919511 5880110.300000, 491548.919511 5880143.111957, 491537.200000 5880143.111957, 491537.200000 5880110.300000))
4; POLYGON((491618.269336 5880164.880490, 491623.419391 5880164.880490, 491623.419391 5880169.980713, 491618.269336 5880169.980713, 491618.269336 5880164.880490))
4; POLYGON((491546.919211 5880200.276854, 491553.777225 5880200.276854, 491553.777225 5880206.850968, 491546.919211 5880206.850968, 491546.919211 5880200.276854))
4; POLYGON((491618.964954 5880110.300000, 491629.595990 5880110.300000, 491629.595990 5880113.449683, 491618.964954 5880113.449683, 491618.964954 5880110.300000))
4; POLYGON((491597.393378 5880148.911456, 491603.219305 5880148.911456, 491603.219305 5880154.489020, 491597.393378 5880154.489020, 491597.393378 5880148.911456))
4; POLYGON((491537.210492 5880110.305597, 491548.966766 5880110.305597, 491548.966766 5880147.796771, 491537.210492 5880147.796771, 491537.210492 5880110.305597))
4; POLYGON((491631.598492 5880159.423685, 491636.840601 5880159.423685, 491636.840601 5880164.140897, 491631.598492 5880164.140897, 491631.598492 5880159.423685))
4; POLYGON((491546.391307 5880199.980051, 491553.622198 5880199.980051, 491553.622198 5880207.067295, 491546.391307 5880207.067295, 491546.391307 5880199.980051))
4; POLYGON((491618.140527 5880110.300000, 491629.745337 5880110.300000, 491629.745337 5880113.578009, 491618.140527 5880113.578009, 491618.140527 5880110.300000))
4; POLYGON((491631.145166 5880139.593042, 491637.200000 5880139.593042, 491637.200000 5880145.246802, 491631.145166 5880145.246802, 491631.145166 5880139.593042))
4; POLYGON((491592.591156 5880146.129706, 491598.593103 5880146.129706, 491598.593103 5880152.312006, 491592.591156 5880152.312006, 491592.591156 5880146.129706))
