4; POLYGON((490965.282257 5880713.276721, 490974.234277 5880713.276721, 490974.234277 5880722.152899, 490965.282257 5880722.152899, 490965.282257 5880713.276721))
4; POLYGON((490976.542682 5880723.597168, 490985.180933 5880723.597168, 490985.180933 5880731.984998, 490976.542682 5880731.984998, 490976.542682 5880723.597168))
4; POLYGON((490994.978259 5880710.300000, 491003.628564 5880710.300000, 491003.628564 5880715.621198, 490994.978259 5880715.621198, 490994.978259 5880710.300000))
4; POLYGON((490946.418911 5880730.911151, 490954.797327 5880730.911151, 490954.797327 5880739.407404, 490946.418911 5880739.407404, 490946.418911 5880730.911151))
4; POLYGON((490963.064981 5880748.703552, 490970.829236 5880748.703552, 490970.829236 5880756.595636, 490963.064981 5880756.595636, 490963.064981 5880748.703552))
4; POLYGON((491002.019452 5880718.697101, 491009.864636 5880718.697101, 491009.864636 5880726.471143, 491002.019452 5880726.471143, 491002.019452 5880718.697101))
4; POLYGON((490983.123148 5880735.679749, 490990.982629 5880735.679749, 490990.982629 5880743.300555, 490983.123148 5880743.300555, 490983.123148 5880735.679749))
4; POLYGON((490937.211390 5880713.518054, 490940.821714 5880713.518054, 490940.821714 5880721.518536, 490937.211390 5880721.518536, 490937.211390 5880713.518054))
4; POLYGON((490952.724290 5880767.628894, 490960.770578 5880767.628894, 490960.770578 5880775.433557, 490952.724290 5880775.433557, 490952.724290 5880767.628894))
4; POLYGON((490937.207145 5880713.778186, 490940.948109 5880713.778186, 490940.948109 5880722.145618, 490937.207145 5880722.145618, 490937.207145 5880713.778186))
3; POLYGON((490937.203689 5880713.474249, 490940.780842 5880713.474249, 490940.780842 5880721.537256, 490937.203689 5880721.537256, 490937.203689 5880713.474249))
4; POLYGON((490939.842876 5880738.548065, 490946.665842 5880738.548065, 490946.665842 5880745.589825, 490939.842876 5880745.589825, 490939.842876 5880738.548065))
