3; POLYGON((491656.843845 5882266.781290, 491682.739813 5882266.781290, 491682.739813 5882286.973666, 491656.843845 5882286.973666, 491656.843845 5882266.781290))
3; POLYGON((491687.147366 5882274.573669, 491698.254907 5882274.573669, 491698.254907 5882286.369333, 491687.147366 5882286.369333, 491687.147366 5882274.573669))
3; POLYGON((491637.202874 5882265.840845, 491650.909042 5882265.840845, 491650.909042 5882288.139806, 491637.202874 5882288.139806, 491637.202874 5882265.840845))
3; POLYGON((491692.230804 5882214.204205, 491706.703290 5882214.204205, 491706.703290 5882225.236176, 491692.230804 5882225.236176, 491692.230804 5882214.204205))
3; POLYGON((491637.200000 5882210.809937, 491649.187360 5882210.809937, 491649.187360 5882230.792609, 491637.200000 5882230.792609, 491637.200000 5882210.809937))
3; POLYGON((491720.129010 5882267.753046, 491731.073755 5882267.753046, 491731.073755 5882278.965125, 491720.129010 5882278.965125, 491720.129010 5882267.753046))
3; POLYGON((491637.234090 5882211.284589, 491649.216216 5882211.284589, 491649.216216 5882225.182556, 491637.234090 5882225.182556, 491637.234090 5882211.284589))
4; POLYGON((491709.403125 5882221.251953, 491717.575592 5882221.251953, 491717.575592 5882230.257617, 491709.403125 5882230.257617, 491709.403125 5882221.251953))
3; POLYGON((491710.586975 5882278.143982, 491718.269153 5882278.143982, 491718.269153 5882285.724344, 491710.586975 5882285.724344, 491710.586975 5882278.143982))
4; POLYGON((491715.416010 5882264.226428, 491721.539807 5882264.226428, 491721.539807 5882278.098181, 491715.416010 5882278.098181, 491715.416010 5882264.226428))
3; POLYGON((491715.719421 5882264.086639, 491731.120081 5882264.086639, 491731.120081 5882278.913687, 491715.719421 5882278.913687, 491715.719421 5882264.086639))
3; POLYGON((491652.394919 5882251.815179, 491658.045815 5882251.815179, 491658.045815 5882261.354953, 491652.394919 5882261.354953, 491652.394919 5882251.815179))
4; POLYGON((491717.881476 5882210.557574, 491731.088837 5882210.557574, 491731.088837 5882224.451166, 491717.881476 5882224.451166, 491717.881476 5882210.557574))
4; POLYGON((491716.012225 5882264.294296, 491721.571118 5882264.294296, 491721.571118 5882278.267953, 491716.012225 5882278.267953, 491716.012225 5882264.294296))
