3; POLYGON((488703.936145 5882022.065771, 488715.649707 5882022.065771, 488715.649707 5882034.720361, 488703.936145 5882034.720361, 488703.936145 5882022.065771))
3; POLYGON((488637.200000 5882038.646234, 488737.200000 5882038.646234, 488737.200000 5882109.527059, 488637.200000 5882109.527059, 488637.200000 5882038.646234))
3; POLYGON((488637.216817 5882034.838580, 488682.604037 5882034.838580, 488682.604037 5882073.768579, 488637.216817 5882073.768579, 488637.216817 5882034.838580))
3; POLYGON((488666.349948 5882037.665967, 488737.200000 5882037.665967, 488737.200000 5882087.860301, 488666.349948 5882087.860301, 488666.349948 5882037.665967))
3; POLYGON((488680.471683 5882085.018271, 488737.200000 5882085.018271, 488737.200000 5882110.291861, 488680.471683 5882110.291861, 488680.471683 5882085.018271))
3; POLYGON((488638.657226 5882084.118042, 488737.200000 5882084.118042, 488737.200000 5882110.294916, 488638.657226 5882110.294916, 488638.657226 5882084.118042))
3; POLYGON((488721.262073 5882010.300000, 488737.200000 5882010.300000, 488737.200000 5882025.825037, 488721.262073 5882025.825037, 488721.262073 5882010.300000))
3; POLYGON((488651.472748 5882083.814398, 488737.200000 5882083.814398, 488737.200000 5882110.300000, 488651.472748 5882110.300000, 488651.472748 5882083.814398))
3; POLYGON((488669.869537 5882083.335742, 488737.193945 5882083.335742, 488737.193945 5882110.300000, 488669.869537 5882110.300000, 488669.869537 5882083.335742))
3; POLYGON((488637.227749 5882010.303418, 488659.501910 5882010.303418, 488659.501910 5882022.398413, 488637.227749 5882022.398413, 488637.227749 5882010.303418))
3; POLYGON((488683.446820 5882081.348029, 488737.200000 5882081.348029, 488737.200000 5882110.300000, 488683.446820 5882110.300000, 488683.446820 5882081.348029))
3; POLYGON((488637.200000 5882010.300000, 488678.090405 5882010.300000, 488678.090405 5882023.609210, 488637.200000 5882023.609210, 488637.200000 5882010.300000))
3; POLYGON((488678.595734 5882078.728662, 488737.200000 5882078.728662, 488737.200000 5882110.300000, 488678.595734 5882110.300000, 488678.595734 5882078.728662))
3; POLYGON((488637.224077 5882010.306104, 488673.333588 5882010.306104, 488673.333588 5882023.346954, 488637.224077 5882023.346954, 488637.224077 5882010.306104))
3; POLYGON((488637.200000 5882077.520468, 488666.450574 5882077.520468, 488666.450574 5882108.782120, 488637.200000 5882108.782120, 488637.200000 5882077.520468))
3; POLYGON((488637.205914 5882010.300000, 488661.670892 5882010.300000, 488661.670892 5882021.957922, 488637.205914 5882021.957922, 488637.205914 5882010.300000))
