4; POLYGON((490437.262072 5880239.893469, 490530.917035 5880239.893469, 490530.917035 5880310.273100, 490437.262072 5880310.273100, 490437.262072 5880239.893469))
2; POLYGON((490464.511108 5880263.706516, 490474.562674 5880263.706516, 490474.562674 5880282.012543, 490464.511108 5880282.012543, 490464.511108 5880263.706516))
1; POLYGON((490523.516785 5880274.981903, 490537.200000 5880274.981903, 490537.200000 5880302.212276, 490523.516785 5880302.212276, 490523.516785 5880274.981903))
4; POLYGON((490437.381240 5880210.449304, 490493.338123 5880210.449304, 490493.338123 5880309.434481, 490437.381240 5880309.434481, 490437.381240 5880210.449304))
2; POLYGON((490484.817236 5880282.710135, 490490.337152 5880282.710135, 490490.337152 5880290.583092, 490484.817236 5880290.583092, 490484.817236 5880282.710135))
2; POLYGON((490488.206439 5880293.435820, 490493.968182 5880293.435820, 490493.968182 5880301.479300, 490488.206439 5880301.479300, 490488.206439 5880293.435820))
4; POLYGON((490522.361456 5880260.163998, 490537.200000 5880260.163998, 490537.200000 5880279.243628, 490522.361456 5880279.243628, 490522.361456 5880260.163998))
4; POLYGON((490437.200000 5880210.357153, 490532.161578 5880210.357153, 490532.161578 5880305.798014, 490437.200000 5880305.798014, 490437.200000 5880210.357153))
4; POLYGON((490437.965777 5880210.300000, 490529.723450 5880210.300000, 490529.723450 5880232.022491, 490437.965777 5880232.022491, 490437.965777 5880210.300000))
2; POLYGON((490488.398618 5880293.731128, 490493.765076 5880293.731128, 490493.765076 5880301.453117, 490488.398618 5880301.453117, 490488.398618 5880293.731128))
2; POLYGON((490485.116785 5880282.956146, 490490.524976 5880282.956146, 490490.524976 5880290.512817, 490485.116785 5880290.512817, 490485.116785 5880282.956146))
4; POLYGON((490437.200000 5880210.315338, 490531.841858 5880210.315338, 490531.841858 5880296.328461, 490437.200000 5880296.328461, 490437.200000 5880210.315338))
4; POLYGON((490476.208371 5880277.701294, 490528.690076 5880277.701294, 490528.690076 5880310.300000, 490476.208371 5880310.300000, 490476.208371 5880277.701294))
2; POLYGON((490481.030649 5880288.216832, 490496.610028 5880288.216832, 490496.610028 5880299.523474, 490481.030649 5880299.523474, 490481.030649 5880288.216832))
2; POLYGON((490481.397037 5880288.493617, 490495.791870 5880288.493617, 490495.791870 5880301.593436, 490481.397037 5880301.593436, 490481.397037 5880288.493617))
4; POLYGON((490437.272914 5880210.300000, 490531.048145 5880210.300000, 490531.048145 5880282.381641, 490437.272914 5880282.381641, 490437.272914 5880210.300000))
1; POLYGON((490522.414386 5880259.520255, 490537.200000 5880259.520255, 490537.200000 5880302.450533, 490522.414386 5880302.450533, 490522.414386 5880259.520255))
