3; POLYGON((489738.036465 5880010.416815, 489773.453769 5880010.416815, 489773.453769 5880096.525278, 489738.036465 5880096.525278, 489738.036465 5880010.416815))
3; POLYGON((489764.865213 5880010.405402, 489795.741779 5880010.405402, 489795.741779 5880085.902473, 489764.865213 5880085.902473, 489764.865213 5880010.405402))
3; POLYGON((489832.436298 5880086.253485, 489837.200000 5880086.253485, 489837.200000 5880101.637140, 489832.436298 5880101.637140, 489832.436298 5880086.253485))
3; POLYGON((489794.854724 5880010.351849, 489824.829608 5880010.351849, 489824.829608 5880076.932043, 489794.854724 5880076.932043, 489794.854724 5880010.351849))
3; POLYGON((489798.190698 5880082.960242, 489822.800623 5880082.960242, 489822.800623 5880096.013965, 489798.190698 5880096.013965, 489798.190698 5880082.960242))
3; POLYGON((489737.201002 5880050.756439, 489745.033156 5880050.756439, 489745.033156 5880104.505994, 489737.201002 5880104.505994, 489737.201002 5880050.756439))
3; POLYGON((489759.774141 5880105.520545, 489829.459521 5880105.520545, 489829.459521 5880110.296906, 489759.774141 5880110.296906, 489759.774141 5880105.520545))
3; POLYGON((489737.205177 5880058.394800, 489744.998534 5880058.394800, 489744.998534 5880104.481783, 489737.205177 5880104.481783, 489737.205177 5880058.394800))
3; POLYGON((489737.201624 5880045.022546, 489744.987891 5880045.022546, 489744.987891 5880104.591354, 489737.201624 5880104.591354, 489737.201624 5880045.022546))
3; POLYGON((489818.062317 5880010.300000, 489837.200000 5880010.300000, 489837.200000 5880081.643460, 489818.062317 5880081.643460, 489818.062317 5880010.300000))
3; POLYGON((489737.214697 5880063.434946, 489745.028724 5880063.434946, 489745.028724 5880104.428476, 489737.214697 5880104.428476, 489737.214697 5880063.434946))
3; POLYGON((489737.201888 5880039.678992, 489744.836134 5880039.678992, 489744.836134 5880104.936077, 489737.201888 5880104.936077, 489737.201888 5880039.678992))
3; POLYGON((489765.944757 5880105.506030, 489831.985004 5880105.506030, 489831.985004 5880110.294403, 489765.944757 5880110.294403, 489765.944757 5880105.506030))
3; POLYGON((489753.926421 5880105.582752, 489832.370074 5880105.582752, 489832.370074 5880110.300000, 489753.926421 5880110.300000, 489753.926421 5880105.582752))
3; POLYGON((489758.095027 5880104.924232, 489831.502600 5880104.924232, 489831.502600 5880110.256986, 489758.095027 5880110.256986, 489758.095027 5880104.924232))
