3; POLYGON((488214.353717 5880476.191296, 488228.396216 5880476.191296, 488228.396216 5880499.392157, 488214.353717 5880499.392157, 488214.353717 5880476.191296))
4; POLYGON((488197.668994 5880421.849878, 488222.269666 5880421.849878, 488222.269666 5880456.771271, 488197.668994 5880456.771271, 488197.668994 5880421.849878))
4; POLYGON((488171.257233 5880494.261288, 488195.708417 5880494.261288, 488195.708417 5880510.300000, 488171.257233 5880510.300000, 488171.257233 5880494.261288))
4; POLYGON((488201.312683 5880491.563774, 488233.167932 5880491.563774, 488233.167932 5880510.300000, 488201.312683 5880510.300000, 488201.312683 5880491.563774))
3; POLYGON((488146.137483 5880438.888452, 488176.925235 5880438.888452, 488176.925235 5880510.250022, 488146.137483 5880510.250022, 488146.137483 5880438.888452))
3; POLYGON((488178.139566 5880416.920636, 488207.342645 5880416.920636, 488207.342645 5880433.971564, 488178.139566 5880433.971564, 488178.139566 5880416.920636))
3; POLYGON((488213.667053 5880441.713385, 488237.178973 5880441.713385, 488237.178973 5880486.091711, 488213.667053 5880486.091711, 488213.667053 5880441.713385))
3; POLYGON((488213.585565 5880441.670264, 488237.161749 5880441.670264, 488237.161749 5880499.201264, 488213.585565 5880499.201264, 488213.585565 5880441.670264))
3; POLYGON((488213.677679 5880441.731793, 488237.198053 5880441.731793, 488237.198053 5880492.983916, 488213.677679 5880492.983916, 488213.677679 5880441.731793))
4; POLYGON((488189.997394 5880421.907379, 488222.340955 5880421.907379, 488222.340955 5880457.463452, 488189.997394 5880457.463452, 488189.997394 5880421.907379))
3; POLYGON((488156.084682 5880438.926685, 488176.463501 5880438.926685, 488176.463501 5880464.450684, 488156.084682 5880464.450684, 488156.084682 5880438.926685))
