3; POLYGON((490452.556760 5881948.179498, 490475.585944 5881948.179498, 490475.585944 5881969.970410, 490452.556760 5881969.970410, 490452.556760 5881948.179498))
3; POLYGON((490437.204318 5881976.405444, 490441.894020 5881976.405444, 490441.894020 5881994.987741, 490437.204318 5881994.987741, 490437.204318 5881976.405444))
3; POLYGON((490437.204022 5881976.681256, 490441.903822 5881976.681256, 490441.903822 5881996.864423, 490437.204022 5881996.864423, 490437.204022 5881976.681256))
3; POLYGON((490472.419165 5881935.315198, 490490.477216 5881935.315198, 490490.477216 5881954.724780, 490472.419165 5881954.724780, 490472.419165 5881935.315198))
3; POLYGON((490451.415710 5881998.859570, 490479.781845 5881998.859570, 490479.781845 5882010.300000, 490451.415710 5882010.300000, 490451.415710 5881998.859570))
3; POLYGON((490461.194441 5881998.861160, 490479.546472 5881998.861160, 490479.546472 5882010.290926, 490461.194441 5882010.290926, 490461.194441 5881998.861160))
3; POLYGON((490455.332190 5881998.924724, 490479.628510 5881998.924724, 490479.628510 5882010.300000, 490455.332190 5882010.300000, 490455.332190 5881998.924724))
3; POLYGON((490482.075583 5881973.145227, 490511.691199 5881973.145227, 490511.691199 5882000.545573, 490482.075583 5882000.545573, 490482.075583 5881973.145227))
3; POLYGON((490493.169122 5881924.735663, 490532.120239 5881924.735663, 490532.120239 5881951.563818, 490493.169122 5881951.563818, 490493.169122 5881924.735663))
3; POLYGON((490512.526349 5881963.447308, 490528.656042 5881963.447308, 490528.656042 5881980.507092, 490512.526349 5881980.507092, 490512.526349 5881963.447308))
3; POLYGON((490486.951453 5881910.300000, 490515.806226 5881910.300000, 490515.806226 5881923.544434, 490486.951453 5881923.544434, 490486.951453 5881910.300000))
3; POLYGON((490437.203684 5881976.750568, 490442.062341 5881976.750568, 490442.062341 5881993.674716, 490437.203684 5881993.674716, 490437.203684 5881976.750568))
3; POLYGON((490437.209616 5881976.374670, 490441.692540 5881976.374670, 490441.692540 5881993.137965, 490437.209616 5881993.137965, 490437.209616 5881976.374670))
3; POLYGON((490448.189471 5881998.828028, 490479.808160 5881998.828028, 490479.808160 5882010.298499, 490448.189471 5882010.298499, 490448.189471 5881998.828028))
3; POLYGON((490457.690776 5881998.952271, 490479.699564 5881998.952271, 490479.699564 5882010.300000, 490457.690776 5882010.300000, 490457.690776 5881998.952271))
3; POLYGON((490439.423587 5881965.681723, 490455.740637 5881965.681723, 490455.740637 5881981.599591, 490439.423587 5881981.599591, 490439.423587 5881965.681723))
3; POLYGON((490451.861836 5881973.186078, 490511.484143 5881973.186078, 490511.484143 5882010.300000, 490451.861836 5882010.300000, 490451.861836 5881973.186078))
3; POLYGON((490443.086960 5881998.770605, 490479.918427 5881998.770605, 490479.918427 5882010.300000, 490443.086960 5882010.300000, 490443.086960 5881998.770605))
3; POLYGON((490519.571338 5881983.713797, 490525.419458 5881983.713797, 490525.419458 5881989.781949, 490519.571338 5881989.781949, 490519.571338 5881983.713797))
3; POLYGON((490437.204850 5881977.048895, 490441.875895 5881977.048895, 490441.875895 5882002.434655, 490437.204850 5882002.434655, 490437.204850 5881977.048895))
3; POLYGON((490490.539014 5881910.300000, 490515.819739 5881910.300000, 490515.819739 5881923.395386, 490490.539014 5881923.395386, 490490.539014 5881910.300000))
3; POLYGON((490437.209126 5881910.300000, 490441.258572 5881910.300000, 490441.258572 5881916.623486, 490437.209126 5881916.623486, 490437.209126 5881910.300000))
