3; POLYGON((491760.032080 5881531.977576, 491773.059778 5881531.977576, 491773.059778 5881545.367450, 491760.032080 5881545.367450, 491760.032080 5881531.977576))
3; POLYGON((491737.200000 5881531.014862, 491751.319379 5881531.014862, 491751.319379 5881548.122583, 491737.200000 5881548.122583, 491737.200000 5881531.014862))
3; POLYGON((491784.211237 5881579.225787, 491802.924377 5881579.225787, 491802.924377 5881599.205379, 491784.211237 5881599.205379, 491784.211237 5881579.225787))
3; POLYGON((491746.933250 5881578.700293, 491763.428485 5881578.700293, 491763.428485 5881597.824427, 491746.933250 5881597.824427, 491746.933250 5881578.700293))
3; POLYGON((491764.027005 5881510.300000, 491774.118750 5881510.300000, 491774.118750 5881519.378485, 491764.027005 5881519.378485, 491764.027005 5881510.300000))
4; POLYGON((491752.641205 5881544.165637, 491760.034329 5881544.165637, 491760.034329 5881551.207422, 491752.641205 5881551.207422, 491752.641205 5881544.165637))
4; POLYGON((491743.567393 5881572.258453, 491748.417824 5881572.258453, 491748.417824 5881581.446841, 491743.567393 5881581.446841, 491743.567393 5881572.258453))
3; POLYGON((491748.066290 5881578.746741, 491763.467822 5881578.746741, 491763.467822 5881593.513187, 491748.066290 5881593.513187, 491748.066290 5881578.746741))
4; POLYGON((491752.689661 5881544.063507, 491759.985153 5881544.063507, 491759.985153 5881550.601074, 491752.689661 5881550.601074, 491752.689661 5881544.063507))
4; POLYGON((491737.203292 5881585.701352, 491741.036723 5881585.701352, 491741.036723 5881597.393991, 491737.203292 5881597.393991, 491737.203292 5881585.701352))
