3; POLYGON((490265.517874 5881661.628958, 490302.314301 5881661.628958, 490302.314301 5881698.314660, 490265.517874 5881698.314660, 490265.517874 5881661.628958))
3; POLYGON((490237.206300 5881626.595404, 490247.155749 5881626.595404, 490247.155749 5881652.281805, 490237.206300 5881652.281805, 490237.206300 5881626.595404))
3; POLYGON((490326.483069 5881635.177747, 490337.190778 5881635.177747, 490337.190778 5881658.001123, 490326.483069 5881658.001123, 490326.483069 5881635.177747))
3; POLYGON((490248.295470 5881701.215630, 490260.183865 5881701.215630, 490260.183865 5881710.289789, 490248.295470 5881710.289789, 490248.295470 5881701.215630))
3; POLYGON((490254.417146 5881694.986081, 490266.408496 5881694.986081, 490266.408496 5881707.443082, 490254.417146 5881707.443082, 490254.417146 5881694.986081))
3; POLYGON((490237.219415 5881653.116321, 490258.124068 5881653.116321, 490258.124068 5881685.628662, 490237.219415 5881685.628662, 490237.219415 5881653.116321))
3; POLYGON((490237.209642 5881626.616174, 490247.136774 5881626.616174, 490247.136774 5881656.320074, 490237.209642 5881656.320074, 490237.209642 5881626.616174))
3; POLYGON((490328.317450 5881610.300000, 490337.191364 5881610.300000, 490337.191364 5881619.091895, 490328.317450 5881619.091895, 490328.317450 5881610.300000))
3; POLYGON((490294.308325 5881679.045651, 490322.924518 5881679.045651, 490322.924518 5881705.371477, 490294.308325 5881705.371477, 490294.308325 5881679.045651))
3; POLYGON((490303.938428 5881610.959082, 490315.913525 5881610.959082, 490315.913525 5881623.333234, 490303.938428 5881623.333234, 490303.938428 5881610.959082))
3; POLYGON((490276.443851 5881678.858713, 490322.948010 5881678.858713, 490322.948010 5881710.300000, 490276.443851 5881710.300000, 490276.443851 5881678.858713))
4; POLYGON((490292.008997 5881649.609326, 490313.315649 5881649.609326, 490313.315649 5881669.767737, 490292.008997 5881669.767737, 490292.008997 5881649.609326))
3; POLYGON((490303.966638 5881610.879022, 490326.496167 5881610.879022, 490326.496167 5881630.585437, 490303.966638 5881630.585437, 490303.966638 5881610.879022))
