3; POLYGON((491451.835753 5882085.237982, 491503.106641 5882085.237982, 491503.106641 5882102.773049, 491451.835753 5882102.773049, 491451.835753 5882085.237982))
3; POLYGON((491534.326538 5882063.654199, 491537.189252 5882063.654199, 491537.189252 5882098.292947, 491534.326538 5882098.292947, 491534.326538 5882063.654199))
4; POLYGON((491437.200000 5882088.463782, 491446.218584 5882088.463782, 491446.218584 5882095.494125, 491437.200000 5882095.494125, 491437.200000 5882088.463782))
4; POLYGON((491437.200000 5882056.684741, 491444.304372 5882056.684741, 491444.304372 5882063.702139, 491437.200000 5882063.702139, 491437.200000 5882056.684741))
4; POLYGON((491481.040161 5882033.170306, 491501.350562 5882033.170306, 491501.350562 5882086.199400, 491481.040161 5882086.199400, 491481.040161 5882033.170306))
4; POLYGON((491460.592294 5882010.300000, 491518.569672 5882010.300000, 491518.569672 5882037.417352, 491460.592294 5882037.417352, 491460.592294 5882010.300000))
4; POLYGON((491437.209507 5882014.698376, 491440.961460 5882014.698376, 491440.961460 5882031.571661, 491437.209507 5882031.571661, 491437.209507 5882014.698376))
4; POLYGON((491507.906824 5882105.720461, 491523.745038 5882105.720461, 491523.745038 5882110.300000, 491507.906824 5882110.300000, 491507.906824 5882105.720461))
3; POLYGON((491534.372589 5882057.267523, 491537.199280 5882057.267523, 491537.199280 5882098.479221, 491534.372589 5882098.479221, 491534.372589 5882057.267523))
4; POLYGON((491460.788448 5882010.300000, 491508.964093 5882010.300000, 491508.964093 5882028.224817, 491460.788448 5882028.224817, 491460.788448 5882010.300000))
4; POLYGON((491480.977969 5882033.428827, 491499.213190 5882033.428827, 491499.213190 5882074.111780, 491480.977969 5882074.111780, 491480.977969 5882033.428827))
