3; POLYGON((491557.460474 5882374.088324, 491587.178979 5882374.088324, 491587.178979 5882397.373225, 491557.460474 5882397.373225, 491557.460474 5882374.088324))
3; POLYGON((491579.620682 5882347.923181, 491593.628217 5882347.923181, 491593.628217 5882368.789127, 491579.620682 5882368.789127, 491579.620682 5882347.923181))
4; POLYGON((491537.209315 5882349.110895, 491546.009197 5882349.110895, 491546.009197 5882385.111752, 491537.209315 5882385.111752, 491537.209315 5882349.110895))
3; POLYGON((491537.200000 5882323.678735, 491549.697567 5882323.678735, 491549.697567 5882339.480780, 491537.200000 5882339.480780, 491537.200000 5882323.678735))
3; POLYGON((491561.518692 5882328.426672, 491576.667166 5882328.426672, 491576.667166 5882339.064026, 491561.518692 5882339.064026, 491561.518692 5882328.426672))
3; POLYGON((491561.514000 5882323.336957, 491576.878217 5882323.336957, 491576.878217 5882339.069653, 491561.514000 5882339.069653, 491561.514000 5882323.336957))
3; POLYGON((491537.208197 5882392.636942, 491539.525364 5882392.636942, 491539.525364 5882408.905932, 491537.208197 5882408.905932, 491537.208197 5882392.636942))
3; POLYGON((491627.508521 5882321.428040, 491637.200000 5882321.428040, 491637.200000 5882346.303485, 491627.508521 5882346.303485, 491627.508521 5882321.428040))
3; POLYGON((491537.208295 5882392.750316, 491539.411784 5882392.750316, 491539.411784 5882407.973989, 491537.208295 5882407.973989, 491537.208295 5882392.750316))
3; POLYGON((491537.207958 5882392.812503, 491539.252310 5882392.812503, 491539.252310 5882406.105968, 491537.207958 5882406.105968, 491537.207958 5882392.812503))
