4; POLYGON((489191.183936 5881656.648181, 489237.077051 5881656.648181, 489237.077051 5881684.152087, 489191.183936 5881684.152087, 489191.183936 5881656.648181))
3; POLYGON((489137.200000 5881628.745447, 489156.847452 5881628.745447, 489156.847452 5881665.237393, 489137.200000 5881665.237393, 489137.200000 5881628.745447))
4; POLYGON((489159.989635 5881636.267633, 489236.953387 5881636.267633, 489236.953387 5881684.107986, 489159.989635 5881684.107986, 489159.989635 5881636.267633))
4; POLYGON((489159.905524 5881636.369708, 489190.699890 5881636.369708, 489190.699890 5881672.423349, 489159.905524 5881672.423349, 489159.905524 5881636.369708))
3; POLYGON((489231.032080 5881687.869362, 489237.200000 5881687.869362, 489237.200000 5881710.284899, 489231.032080 5881710.284899, 489231.032080 5881687.869362))
3; POLYGON((489231.059943 5881692.990761, 489237.200000 5881692.990761, 489237.200000 5881710.255271, 489231.059943 5881710.255271, 489231.059943 5881692.990761))
3; POLYGON((489231.239709 5881689.632549, 489237.200000 5881689.632549, 489237.200000 5881710.300000, 489231.239709 5881710.300000, 489231.239709 5881689.632549))
3; POLYGON((489230.546960 5881688.889717, 489237.200000 5881688.889717, 489237.200000 5881710.282625, 489230.546960 5881710.282625, 489230.546960 5881688.889717))
3; POLYGON((489230.673859 5881694.046002, 489237.200000 5881694.046002, 489237.200000 5881710.286246, 489230.673859 5881710.286246, 489230.673859 5881694.046002))
3; POLYGON((489230.622455 5881685.715520, 489237.200000 5881685.715520, 489237.200000 5881710.271169, 489230.622455 5881710.271169, 489230.622455 5881685.715520))
4; POLYGON((489231.932123 5881610.300000, 489237.200000 5881610.300000, 489237.200000 5881614.237036, 489231.932123 5881614.237036, 489231.932123 5881610.300000))
