3; POLYGON((490175.858981 5880210.430054, 490199.235620 5880210.430054, 490199.235620 5880256.181885, 490175.858981 5880256.181885, 490175.858981 5880210.430054))
3; POLYGON((490154.558450 5880210.482385, 490180.684338 5880210.482385, 490180.684338 5880262.315845, 490154.558450 5880262.315845, 490154.558450 5880210.482385))
3; POLYGON((490174.166806 5880258.498230, 490202.990637 5880258.498230, 490202.990637 5880275.098334, 490174.166806 5880275.098334, 490174.166806 5880258.498230))
3; POLYGON((490222.454340 5880210.307037, 490237.200000 5880210.307037, 490237.200000 5880242.312122, 490222.454340 5880242.312122, 490222.454340 5880210.307037))
3; POLYGON((490148.255862 5880293.976241, 490176.586496 5880293.976241, 490176.586496 5880310.256298, 490148.255862 5880310.256298, 490148.255862 5880293.976241))
3; POLYGON((490179.210895 5880283.339688, 490213.300079 5880283.339688, 490213.300079 5880300.403157, 490179.210895 5880300.403157, 490179.210895 5880283.339688))
3; POLYGON((490203.410266 5880210.412836, 490221.326587 5880210.412836, 490221.326587 5880247.723242, 490203.410266 5880247.723242, 490203.410266 5880210.412836))
3; POLYGON((490137.396260 5880269.517914, 490169.031400 5880269.517914, 490169.031400 5880287.099370, 490137.396260 5880287.099370, 490137.396260 5880269.517914))
3; POLYGON((490139.133572 5880210.300000, 490165.083844 5880210.300000, 490165.083844 5880266.669629, 490139.133572 5880266.669629, 490139.133572 5880210.300000))
3; POLYGON((490214.987762 5880246.694269, 490237.200000 5880246.694269, 490237.200000 5880262.360294, 490214.987762 5880262.360294, 490214.987762 5880246.694269))
3; POLYGON((490227.434979 5880289.731075, 490237.190588 5880289.731075, 490237.190588 5880310.283154, 490227.434979 5880310.283154, 490227.434979 5880289.731075))
3; POLYGON((490204.622992 5880297.804908, 490218.218384 5880297.804908, 490218.218384 5880310.300000, 490204.622992 5880310.300000, 490204.622992 5880297.804908))
3; POLYGON((490137.203234 5880306.124945, 490143.172673 5880306.124945, 490143.172673 5880310.293000, 490137.203234 5880310.293000, 490137.203234 5880306.124945))
3; POLYGON((490137.221251 5880236.146869, 490146.310310 5880236.146869, 490146.310310 5880273.134311, 490137.221251 5880273.134311, 490137.221251 5880236.146869))
3; POLYGON((490185.865979 5880303.770354, 490197.941595 5880303.770354, 490197.941595 5880310.300000, 490185.865979 5880310.300000, 490185.865979 5880303.770354))
3; POLYGON((490223.188507 5880272.463074, 490237.200000 5880272.463074, 490237.200000 5880288.165233, 490223.188507 5880288.165233, 490223.188507 5880272.463074))
3; POLYGON((490137.209055 5880305.724798, 490143.086607 5880305.724798, 490143.086607 5880310.291428, 490137.209055 5880310.291428, 490137.209055 5880305.724798))
