4; POLYGON((491843.542816 5881521.866821, 491895.883160 5881521.866821, 491895.883160 5881535.887408, 491843.542816 5881535.887408, 491843.542816 5881521.866821))
4; POLYGON((491841.127195 5881565.168658, 491893.381213 5881565.168658, 491893.381213 5881579.363004, 491841.127195 5881579.363004, 491841.127195 5881565.168658))
4; POLYGON((491915.514038 5881550.619019, 491935.028528 5881550.619019, 491935.028528 5881573.578214, 491915.514038 5881573.578214, 491915.514038 5881550.619019))
4; POLYGON((491838.634937 5881608.423067, 491876.898508 5881608.423067, 491876.898508 5881610.297422, 491838.634937 5881610.297422, 491838.634937 5881608.423067))
4; POLYGON((491838.481556 5881608.747187, 491865.916614 5881608.747187, 491865.916614 5881610.297224, 491838.481556 5881610.297224, 491838.481556 5881608.747187))
4; POLYGON((491838.737809 5881608.327091, 491872.676785 5881608.327091, 491872.676785 5881610.298828, 491838.737809 5881610.298828, 491838.737809 5881608.327091))
4; POLYGON((491837.735589 5881608.824994, 491866.883057 5881608.824994, 491866.883057 5881610.296333, 491837.735589 5881610.296333, 491837.735589 5881608.824994))
4; POLYGON((491934.832214 5881563.278125, 491937.200000 5881563.278125, 491937.200000 5881579.428580, 491934.832214 5881579.428580, 491934.832214 5881563.278125))
4; POLYGON((491838.475539 5881608.389451, 491880.235672 5881608.389451, 491880.235672 5881610.284630, 491838.475539 5881610.284630, 491838.475539 5881608.389451))
4; POLYGON((491838.771730 5881608.675756, 491864.466687 5881608.675756, 491864.466687 5881610.296996, 491838.771730 5881610.296996, 491838.771730 5881608.675756))
4; POLYGON((491934.703113 5881562.156604, 491937.185339 5881562.156604, 491937.185339 5881578.888522, 491934.703113 5881578.888522, 491934.703113 5881562.156604))
4; POLYGON((491934.760425 5881563.319586, 491937.200000 5881563.319586, 491937.200000 5881577.949094, 491934.760425 5881577.949094, 491934.760425 5881563.319586))
