3; POLYGON((489237.220945 5881710.316852, 489300.535779 5881710.316852, 489300.535779 5881736.152625, 489237.220945 5881736.152625, 489237.220945 5881710.316852))
3; POLYGON((489237.200000 5881745.385370, 489263.854880 5881745.385370, 489263.854880 5881767.391061, 489237.200000 5881767.391061, 489237.200000 5881745.385370))
3; POLYGON((489330.787408 5881710.311664, 489337.197821 5881710.311664, 489337.197821 5881717.247144, 489330.787408 5881717.247144, 489330.787408 5881710.311664))
3; POLYGON((489237.200000 5881796.223997, 489246.821982 5881796.223997, 489246.821982 5881810.291578, 489237.200000 5881810.291578, 489237.200000 5881796.223997))
3; POLYGON((489303.601483 5881771.705057, 489325.139563 5881771.705057, 489325.139563 5881789.029913, 489303.601483 5881789.029913, 489303.601483 5881771.705057))
3; POLYGON((489268.047357 5881735.156000, 489294.699854 5881735.156000, 489294.699854 5881774.816855, 489268.047357 5881774.816855, 489268.047357 5881735.156000))
3; POLYGON((489311.555225 5881740.453564, 489329.805566 5881740.453564, 489329.805566 5881769.613742, 489311.555225 5881769.613742, 489311.555225 5881740.453564))
3; POLYGON((489290.528552 5881805.410404, 489336.398029 5881805.410404, 489336.398029 5881810.300000, 489290.528552 5881810.300000, 489290.528552 5881805.410404))
3; POLYGON((489290.755603 5881805.497554, 489316.668579 5881805.497554, 489316.668579 5881810.298345, 489290.755603 5881810.298345, 489290.755603 5881805.497554))
3; POLYGON((489290.643176 5881805.474559, 489330.270953 5881805.474559, 489330.270953 5881810.300000, 489290.643176 5881810.300000, 489290.643176 5881805.474559))
3; POLYGON((489290.715405 5881805.492138, 489321.965192 5881805.492138, 489321.965192 5881810.300000, 489290.715405 5881810.300000, 489290.715405 5881805.492138))
