3; POLYGON((491383.771582 5882224.872137, 491409.404468 5882224.872137, 491409.404468 5882250.425146, 491383.771582 5882250.425146, 491383.771582 5882224.872137))
3; POLYGON((491358.551920 5882272.223792, 491378.797000 5882272.223792, 491378.797000 5882284.298465, 491358.551920 5882284.298465, 491358.551920 5882272.223792))
3; POLYGON((491359.057896 5882220.230518, 491379.108090 5882220.230518, 491379.108090 5882247.087128, 491359.057896 5882247.087128, 491359.057896 5882220.230518))
3; POLYGON((491415.221094 5882233.693896, 491432.930560 5882233.693896, 491432.930560 5882251.632129, 491415.221094 5882251.632129, 491415.221094 5882233.693896))
3; POLYGON((491377.620453 5882291.369165, 491390.257648 5882291.369165, 491390.257648 5882301.540521, 491377.620453 5882301.540521, 491377.620453 5882291.369165))
3; POLYGON((491401.116394 5882308.731933, 491414.133344 5882308.731933, 491414.133344 5882310.291320, 491401.116394 5882310.291320, 491401.116394 5882308.731933))
3; POLYGON((491401.165875 5882308.539065, 491414.429236 5882308.539065, 491414.429236 5882310.291986, 491401.165875 5882310.291986, 491401.165875 5882308.539065))
3; POLYGON((491420.473456 5882303.194191, 491431.028900 5882303.194191, 491431.028900 5882310.226788, 491420.473456 5882310.226788, 491420.473456 5882303.194191))
3; POLYGON((491432.172235 5882287.993239, 491437.200000 5882287.993239, 491437.200000 5882302.684197, 491432.172235 5882302.684197, 491432.172235 5882287.993239))
4; POLYGON((491420.473224 5882303.195573, 491431.021948 5882303.195573, 491431.021948 5882310.098737, 491420.473224 5882310.098737, 491420.473224 5882303.195573))
3; POLYGON((491401.053949 5882308.347302, 491414.681482 5882308.347302, 491414.681482 5882310.298332, 491401.053949 5882310.298332, 491401.053949 5882308.347302))
4; POLYGON((491354.882945 5882240.144476, 491359.849788 5882240.144476, 491359.849788 5882247.003998, 491354.882945 5882247.003998, 491354.882945 5882240.144476))
4; POLYGON((491384.085248 5882300.719910, 491393.178058 5882300.719910, 491393.178058 5882305.802997, 491384.085248 5882305.802997, 491384.085248 5882300.719910))
