3; POLYGON((489898.235754 5880892.155157, 489913.234546 5880892.155157, 489913.234546 5880910.300000, 489898.235754 5880910.300000, 489898.235754 5880892.155157))
4; POLYGON((489917.359827 5880816.648877, 489924.360107 5880816.648877, 489924.360107 5880826.437726, 489917.359827 5880826.437726, 489917.359827 5880816.648877))
4; POLYGON((489869.420255 5880814.978729, 489876.350998 5880814.978729, 489876.350998 5880821.305707, 489869.420255 5880821.305707, 489869.420255 5880814.978729))
4; POLYGON((489840.319034 5880873.060284, 489847.478445 5880873.060284, 489847.478445 5880880.346082, 489840.319034 5880880.346082, 489840.319034 5880873.060284))
4; POLYGON((489917.394177 5880816.540570, 489923.967212 5880816.540570, 489923.967212 5880825.845380, 489917.394177 5880825.845380, 489917.394177 5880816.540570))
3; POLYGON((489840.320277 5880873.083224, 489847.458846 5880873.083224, 489847.458846 5880880.330042, 489840.320277 5880880.330042, 489840.320277 5880873.083224))
4; POLYGON((489870.524960 5880830.943103, 489875.862317 5880830.943103, 489875.862317 5880837.570496, 489870.524960 5880837.570496, 489870.524960 5880830.943103))
3; POLYGON((489926.010449 5880906.126529, 489937.187897 5880906.126529, 489937.187897 5880910.293731, 489926.010449 5880910.293731, 489926.010449 5880906.126529))
4; POLYGON((489893.820178 5880814.717090, 489913.358936 5880814.717090, 489913.358936 5880829.153906, 489893.820178 5880829.153906, 489893.820178 5880814.717090))
3; POLYGON((489924.257538 5880905.956218, 489937.200000 5880905.956218, 489937.200000 5880910.298187, 489924.257538 5880910.298187, 489924.257538 5880905.956218))
3; POLYGON((489928.459869 5880906.227554, 489937.200000 5880906.227554, 489937.200000 5880910.300000, 489928.459869 5880910.300000, 489928.459869 5880906.227554))
4; POLYGON((489853.512450 5880872.197891, 489861.221922 5880872.197891, 489861.221922 5880878.630673, 489853.512450 5880878.630673, 489853.512450 5880872.197891))
3; POLYGON((489928.759955 5880906.666546, 489937.200000 5880906.666546, 489937.200000 5880910.293362, 489928.759955 5880910.293362, 489928.759955 5880906.666546))
4; POLYGON((489856.257237 5880876.827438, 489862.425272 5880876.827438, 489862.425272 5880882.687671, 489856.257237 5880882.687671, 489856.257237 5880876.827438))
3; POLYGON((489921.288080 5880906.029856, 489937.200000 5880906.029856, 489937.200000 5880910.300000, 489921.288080 5880910.300000, 489921.288080 5880906.029856))
3; POLYGON((489929.386090 5880906.099353, 489937.200000 5880906.099353, 489937.200000 5880910.300000, 489929.386090 5880910.300000, 489929.386090 5880906.099353))
3; POLYGON((489926.705396 5880906.771185, 489937.200000 5880906.771185, 489937.200000 5880910.292782, 489926.705396 5880910.292782, 489926.705396 5880906.771185))
3; POLYGON((489865.233054 5880867.892828, 489872.262000 5880867.892828, 489872.262000 5880874.026868, 489865.233054 5880874.026868, 489865.233054 5880867.892828))
