3; POLYGON((488978.547775 5881810.300000, 488998.897467 5881810.300000, 488998.897467 5881825.327197, 488978.547775 5881825.327197, 488978.547775 5881810.300000))
3; POLYGON((489001.424121 5881814.009406, 489018.890594 5881814.009406, 489018.890594 5881833.399274, 489001.424121 5881833.399274, 489001.424121 5881814.009406))
3; POLYGON((488995.210474 5881852.722937, 489010.530713 5881852.722937, 489010.530713 5881868.999701, 488995.210474 5881868.999701, 488995.210474 5881852.722937))
3; POLYGON((489017.449603 5881823.858527, 489037.200000 5881823.858527, 489037.200000 5881844.544360, 489017.449603 5881844.544360, 489017.449603 5881823.858527))
3; POLYGON((488957.583243 5881810.300000, 488972.951657 5881810.300000, 488972.951657 5881814.594733, 488957.583243 5881814.594733, 488957.583243 5881810.300000))
3; POLYGON((488940.365208 5881903.654938, 488955.875391 5881903.654938, 488955.875391 5881910.300000, 488940.365208 5881910.300000, 488940.365208 5881903.654938))
3; POLYGON((488955.898053 5881810.300000, 488972.856796 5881810.300000, 488972.856796 5881814.613031, 488955.898053 5881814.613031, 488955.898053 5881810.300000))
3; POLYGON((488958.517337 5881810.300000, 488972.806424 5881810.300000, 488972.806424 5881814.464478, 488958.517337 5881814.464478, 488958.517337 5881810.300000))
3; POLYGON((488954.455399 5881810.300000, 488972.699023 5881810.300000, 488972.699023 5881814.551270, 488954.455399 5881814.551270, 488954.455399 5881810.300000))
3; POLYGON((489013.974341 5881857.451959, 489031.309589 5881857.451959, 489031.309589 5881874.580350, 489013.974341 5881874.580350, 489013.974341 5881857.451959))
4; POLYGON((488973.487885 5881810.300000, 488982.551614 5881810.300000, 488982.551614 5881815.867389, 488973.487885 5881815.867389, 488973.487885 5881810.300000))
3; POLYGON((489031.847510 5881865.193484, 489037.200000 5881865.193484, 489037.200000 5881880.822369, 489031.847510 5881880.822369, 489031.847510 5881865.193484))
3; POLYGON((488958.682848 5881905.125189, 488978.385602 5881905.125189, 488978.385602 5881910.300000, 488958.682848 5881910.300000, 488958.682848 5881905.125189))
3; POLYGON((488959.019476 5881905.196807, 488980.152393 5881905.196807, 488980.152393 5881910.300000, 488959.019476 5881910.300000, 488959.019476 5881905.196807))
3; POLYGON((488937.207826 5881894.101608, 488939.101931 5881894.101608, 488939.101931 5881909.280576, 488937.207826 5881909.280576, 488937.207826 5881894.101608))
