3; POLYGON((490095.468042 5880410.310297, 490121.820874 5880410.310297, 490121.820874 5880437.157666, 490095.468042 5880437.157666, 490095.468042 5880410.310297))
3; POLYGON((490037.200000 5880410.307062, 490066.812109 5880410.307062, 490066.812109 5880432.411121, 490037.200000 5880432.411121, 490037.200000 5880410.307062))
3; POLYGON((490100.350623 5880499.098922, 490120.941583 5880499.098922, 490120.941583 5880510.300000, 490100.350623 5880510.300000, 490100.350623 5880499.098922))
3; POLYGON((490100.301422 5880499.111143, 490123.360388 5880499.111143, 490123.360388 5880510.296626, 490100.301422 5880510.296626, 490100.301422 5880499.111143))
3; POLYGON((490066.948276 5880507.861012, 490082.833820 5880507.861012, 490082.833820 5880510.298384, 490066.948276 5880510.298384, 490066.948276 5880507.861012))
3; POLYGON((490067.479526 5880507.961873, 490081.745798 5880507.961873, 490081.745798 5880510.293881, 490067.479526 5880510.293881, 490067.479526 5880507.961873))
3; POLYGON((490100.252148 5880499.079701, 490128.944012 5880499.079701, 490128.944012 5880510.300000, 490100.252148 5880510.300000, 490100.252148 5880499.079701))
3; POLYGON((490068.155878 5880507.974055, 490082.980899 5880507.974055, 490082.980899 5880510.293706, 490068.155878 5880510.293706, 490068.155878 5880507.974055))
3; POLYGON((490063.877982 5880508.011150, 490081.616907 5880508.011150, 490081.616907 5880510.294274, 490063.877982 5880510.294274, 490063.877982 5880508.011150))
3; POLYGON((490067.521857 5880507.831538, 490085.988309 5880507.831538, 490085.988309 5880510.298148, 490067.521857 5880510.298148, 490067.521857 5880507.831538))
3; POLYGON((490067.531198 5880507.621972, 490082.372742 5880507.621972, 490082.372742 5880510.300000, 490067.531198 5880510.300000, 490067.531198 5880507.621972))
3; POLYGON((490068.354254 5880508.007313, 490085.458020 5880508.007313, 490085.458020 5880510.292811, 490068.354254 5880510.292811, 490068.354254 5880508.007313))
3; POLYGON((490065.984280 5880507.554652, 490082.468576 5880507.554652, 490082.468576 5880510.298317, 490065.984280 5880510.298317, 490065.984280 5880507.554652))
