4; POLYGON((489738.825340 5880899.404086, 489746.381803 5880899.404086, 489746.381803 5880906.723986, 489738.825340 5880906.723986, 489738.825340 5880899.404086))
4; POLYGON((489781.024854 5880903.705773, 489787.870901 5880903.705773, 489787.870901 5880910.299306, 489781.024854 5880910.299306, 489781.024854 5880903.705773))
4; POLYGON((489744.671088 5880867.118707, 489751.359128 5880867.118707, 489751.359128 5880874.939075, 489744.671088 5880874.939075, 489744.671088 5880867.118707))
4; POLYGON((489809.121533 5880892.284477, 489816.486237 5880892.284477, 489816.486237 5880899.224589, 489809.121533 5880899.224589, 489809.121533 5880892.284477))
4; POLYGON((489743.775863 5880847.852692, 489750.049777 5880847.852692, 489750.049777 5880854.244647, 489743.775863 5880854.244647, 489743.775863 5880847.852692))
4; POLYGON((489779.204736 5880890.516203, 489786.272589 5880890.516203, 489786.272589 5880896.390479, 489779.204736 5880896.390479, 489779.204736 5880890.516203))
4; POLYGON((489760.174776 5880903.759708, 489765.009946 5880903.759708, 489765.009946 5880909.617019, 489760.174776 5880909.617019, 489760.174776 5880903.759708))
4; POLYGON((489764.586777 5880891.044373, 489773.082645 5880891.044373, 489773.082645 5880898.943661, 489764.586777 5880898.943661, 489764.586777 5880891.044373))
4; POLYGON((489747.432697 5880908.610686, 489751.210370 5880908.610686, 489751.210370 5880910.291150, 489747.432697 5880910.291150, 489747.432697 5880908.610686))
4; POLYGON((489795.358179 5880849.384845, 489801.588226 5880849.384845, 489801.588226 5880855.746710, 489795.358179 5880855.746710, 489795.358179 5880849.384845))
4; POLYGON((489815.308948 5880882.684003, 489821.079858 5880882.684003, 489821.079858 5880888.939166, 489815.308948 5880888.939166, 489815.308948 5880882.684003))
4; POLYGON((489809.097473 5880893.044096, 489816.347852 5880893.044096, 489816.347852 5880899.309218, 489809.097473 5880899.309218, 489809.097473 5880893.044096))
4; POLYGON((489791.189764 5880894.449281, 489797.581171 5880894.449281, 489797.581171 5880898.750927, 489791.189764 5880898.750927, 489791.189764 5880894.449281))
4; POLYGON((489747.331915 5880908.415973, 489751.341081 5880908.415973, 489751.341081 5880910.290825, 489747.331915 5880910.290825, 489747.331915 5880908.415973))
4; POLYGON((489819.786273 5880845.796454, 489825.266907 5880845.796454, 489825.266907 5880850.312769, 489819.786273 5880850.312769, 489819.786273 5880845.796454))
3; POLYGON((489833.402234 5880906.696302, 489837.200000 5880906.696302, 489837.200000 5880910.300000, 489833.402234 5880910.300000, 489833.402234 5880906.696302))
3; POLYGON((489760.212195 5880860.306036, 489766.947247 5880860.306036, 489766.947247 5880867.404953, 489760.212195 5880867.404953, 489760.212195 5880860.306036))
3; POLYGON((489832.724115 5880906.724845, 489837.200000 5880906.724845, 489837.200000 5880910.300000, 489832.724115 5880910.300000, 489832.724115 5880906.724845))
4; POLYGON((489799.775970 5880885.582274, 489807.646191 5880885.582274, 489807.646191 5880891.017252, 489799.775970 5880891.017252, 489799.775970 5880885.582274))
4; POLYGON((489828.582153 5880823.169879, 489833.512842 5880823.169879, 489833.512842 5880827.796802, 489828.582153 5880827.796802, 489828.582153 5880823.169879))
4; POLYGON((489815.224054 5880882.513919, 489821.862830 5880882.513919, 489821.862830 5880888.890726, 489815.224054 5880888.890726, 489815.224054 5880882.513919))
4; POLYGON((489815.333142 5880882.299792, 489822.904352 5880882.299792, 489822.904352 5880889.102777, 489815.333142 5880889.102777, 489815.333142 5880882.299792))
4; POLYGON((489747.044487 5880908.601252, 489751.164589 5880908.601252, 489751.164589 5880910.289023, 489747.044487 5880910.289023, 489747.044487 5880908.601252))
4; POLYGON((489827.840094 5880894.375864, 489831.128900 5880894.375864, 489831.128900 5880898.346415, 489827.840094 5880898.346415, 489827.840094 5880894.375864))
4; POLYGON((489828.655408 5880823.069696, 489833.935791 5880823.069696, 489833.935791 5880827.985211, 489828.655408 5880827.985211, 489828.655408 5880823.069696))
