3; POLYGON((489604.525635 5881049.897571, 489631.099194 5881049.897571, 489631.099194 5881068.421918, 489604.525635 5881068.421918, 489604.525635 5881049.897571))
3; POLYGON((489614.628369 5881010.300000, 489636.947308 5881010.300000, 489636.947308 5881037.873926, 489614.628369 5881037.873926, 489614.628369 5881010.300000))
3; POLYGON((489555.365460 5881057.949548, 489570.758887 5881057.949548, 489570.758887 5881072.139035, 489555.365460 5881072.139035, 489555.365460 5881057.949548))
3; POLYGON((489632.662256 5881067.320715, 489637.200000 5881067.320715, 489637.200000 5881083.183060, 489632.662256 5881083.183060, 489632.662256 5881067.320715))
3; POLYGON((489551.446356 5881073.466550, 489567.040967 5881073.466550, 489567.040967 5881087.547627, 489551.446356 5881087.547627, 489551.446356 5881073.466550))
3; POLYGON((489574.264615 5881010.301605, 489598.847192 5881010.301605, 489598.847192 5881039.825189, 489574.264615 5881039.825189, 489574.264615 5881010.301605))
3; POLYGON((489539.204877 5881086.399152, 489562.431219 5881086.399152, 489562.431219 5881110.277167, 489539.204877 5881110.277167, 489539.204877 5881086.399152))
3; POLYGON((489632.231995 5881067.284702, 489637.189862 5881067.284702, 489637.189862 5881083.273807, 489632.231995 5881083.273807, 489632.231995 5881067.284702))
3; POLYGON((489633.072693 5881067.270270, 489637.199841 5881067.270270, 489637.199841 5881081.878189, 489633.072693 5881081.878189, 489633.072693 5881067.270270))
3; POLYGON((489633.137756 5881037.550604, 489637.200000 5881037.550604, 489637.200000 5881048.441254, 489633.137756 5881048.441254, 489633.137756 5881037.550604))
4; POLYGON((489629.656488 5881063.104224, 489637.195154 5881063.104224, 489637.195154 5881071.942648, 489629.656488 5881071.942648, 489629.656488 5881063.104224))
3; POLYGON((489633.145709 5881037.448523, 489637.182111 5881037.448523, 489637.182111 5881049.514294, 489633.145709 5881049.514294, 489633.145709 5881037.448523))
3; POLYGON((489632.604871 5881067.354959, 489637.195740 5881067.354959, 489637.195740 5881090.264023, 489632.604871 5881090.264023, 489632.604871 5881067.354959))
3; POLYGON((489549.262707 5881086.383388, 489562.499965 5881086.383388, 489562.499965 5881098.142945, 489549.262707 5881098.142945, 489549.262707 5881086.383388))
