4; POLYGON((491504.665192 5881248.260303, 491534.031519 5881248.260303, 491534.031519 5881268.688766, 491504.665192 5881268.688766, 491504.665192 5881248.260303))
4; POLYGON((491446.711587 5881258.705579, 491472.901770 5881258.705579, 491472.901770 5881287.298378, 491446.711587 5881287.298378, 491446.711587 5881258.705579))
4; POLYGON((491494.090686 5881210.300000, 491537.196643 5881210.300000, 491537.196643 5881221.513489, 491494.090686 5881221.513489, 491494.090686 5881210.300000))
4; POLYGON((491511.835065 5881234.281482, 491537.190222 5881234.281482, 491537.190222 5881255.286060, 491511.835065 5881255.286060, 491511.835065 5881234.281482))
4; POLYGON((491437.200410 5881210.300000, 491445.451585 5881210.300000, 491445.451585 5881221.643268, 491437.200410 5881221.643268, 491437.200410 5881210.300000))
4; POLYGON((491475.085043 5881275.257275, 491514.575787 5881275.257275, 491514.575787 5881310.298993, 491475.085043 5881310.298993, 491475.085043 5881275.257275))
4; POLYGON((491467.402341 5881248.222076, 491478.070688 5881248.222076, 491478.070688 5881254.718921, 491467.402341 5881254.718921, 491467.402341 5881248.222076))
4; POLYGON((491458.980304 5881242.994287, 491466.794067 5881242.994287, 491466.794067 5881250.706573, 491458.980304 5881250.706573, 491458.980304 5881242.994287))
4; POLYGON((491479.182159 5881210.300000, 491494.481268 5881210.300000, 491494.481268 5881215.272882, 491479.182159 5881215.272882, 491479.182159 5881210.300000))
4; POLYGON((491466.767978 5881234.933411, 491482.259988 5881234.933411, 491482.259988 5881249.635663, 491466.767978 5881249.635663, 491466.767978 5881234.933411))
4; POLYGON((491475.093436 5881293.659239, 491509.376379 5881293.659239, 491509.376379 5881310.300000, 491475.093436 5881310.300000, 491475.093436 5881293.659239))
4; POLYGON((491480.939859 5881252.491003, 491486.284857 5881252.491003, 491486.284857 5881261.447137, 491480.939859 5881261.447137, 491480.939859 5881252.491003))
