3; POLYGON((489160.860533 5882279.174353, 489175.787866 5882279.174353, 489175.787866 5882294.912880, 489160.860533 5882294.912880, 489160.860533 5882279.174353))
3; POLYGON((489213.570630 5882222.136835, 489232.164191 5882222.136835, 489232.164191 5882257.855841, 489213.570630 5882257.855841, 489213.570630 5882222.136835))
3; POLYGON((489170.461768 5882221.051685, 489186.352747 5882221.051685, 489186.352747 5882239.944110, 489170.461768 5882239.944110, 489170.461768 5882221.051685))
3; POLYGON((489170.409589 5882220.998083, 489188.021432 5882220.998083, 489188.021432 5882241.997180, 489170.409589 5882241.997180, 489170.409589 5882220.998083))
4; POLYGON((489216.811523 5882213.798401, 489225.747632 5882213.798401, 489225.747632 5882224.449164, 489216.811523 5882224.449164, 489216.811523 5882213.798401))
3; POLYGON((489137.200000 5882292.679727, 489147.765902 5882292.679727, 489147.765902 5882310.288988, 489137.200000 5882310.288988, 489137.200000 5882292.679727))
3; POLYGON((489168.499298 5882210.300000, 489186.258798 5882210.300000, 489186.258798 5882215.343109, 489168.499298 5882215.343109, 489168.499298 5882210.300000))
3; POLYGON((489175.007880 5882244.658508, 489191.911792 5882244.658508, 489191.911792 5882258.088763, 489175.007880 5882258.088763, 489175.007880 5882244.658508))
4; POLYGON((489176.627612 5882261.538217, 489196.676025 5882261.538217, 489196.676025 5882285.653958, 489176.627612 5882285.653958, 489176.627612 5882261.538217))
4; POLYGON((489144.634650 5882284.153879, 489160.607056 5882284.153879, 489160.607056 5882307.622808, 489144.634650 5882307.622808, 489144.634650 5882284.153879))
3; POLYGON((489210.649255 5882210.300000, 489225.813354 5882210.300000, 489225.813354 5882211.676086, 489210.649255 5882211.676086, 489210.649255 5882210.300000))
