3; POLYGON((490390.680774 5881843.083710, 490426.719696 5881843.083710, 490426.719696 5881874.389639, 490390.680774 5881874.389639, 490390.680774 5881843.083710))
3; POLYGON((490365.653671 5881874.206589, 490399.043542 5881874.206589, 490399.043542 5881906.429877, 490365.653671 5881906.429877, 490365.653671 5881874.206589))
3; POLYGON((490414.444659 5881810.303595, 490437.200000 5881810.303595, 490437.200000 5881839.878357, 490414.444659 5881839.878357, 490414.444659 5881810.303595))
3; POLYGON((490421.573383 5881883.103564, 490437.146960 5881883.103564, 490437.146960 5881905.930510, 490421.573383 5881905.930510, 490421.573383 5881883.103564))
3; POLYGON((490409.183594 5881899.090258, 490427.037378 5881899.090258, 490427.037378 5881910.300000, 490409.183594 5881910.300000, 490409.183594 5881899.090258))
3; POLYGON((490347.025045 5881896.824049, 490370.209122 5881896.824049, 490370.209122 5881910.293764, 490347.025045 5881910.293764, 490347.025045 5881896.824049))
3; POLYGON((490343.127759 5881896.769847, 490370.206915 5881896.769847, 490370.206915 5881910.294506, 490343.127759 5881910.294506, 490343.127759 5881896.769847))
3; POLYGON((490340.043287 5881896.775586, 490370.184140 5881896.775586, 490370.184140 5881910.290785, 490340.043287 5881910.290785, 490340.043287 5881896.775586))
3; POLYGON((490409.218298 5881903.281941, 490421.700751 5881903.281941, 490421.700751 5881910.294228, 490409.218298 5881910.294228, 490409.218298 5881903.281941))
3; POLYGON((490349.110290 5881897.072345, 490370.186502 5881897.072345, 490370.186502 5881910.300000, 490349.110290 5881910.300000, 490349.110290 5881897.072345))
