3; POLYGON((489201.581299 5882510.301733, 489216.993481 5882510.301733, 489216.993481 5882518.950726, 489201.581299 5882518.950726, 489201.581299 5882510.301733))
3; POLYGON((489137.208603 5882582.827701, 489149.363556 5882582.827701, 489149.363556 5882606.081836, 489137.208603 5882606.081836, 489137.208603 5882582.827701))
3; POLYGON((489137.200000 5882532.991864, 489143.105226 5882532.991864, 489143.105226 5882540.644952, 489137.200000 5882540.644952, 489137.200000 5882532.991864))
3; POLYGON((489137.208311 5882565.114114, 489140.158491 5882565.114114, 489140.158491 5882580.979227, 489137.208311 5882580.979227, 489137.208311 5882565.114114))
3; POLYGON((489137.207706 5882567.905389, 489140.176309 5882567.905389, 489140.176309 5882580.367776, 489137.207706 5882580.367776, 489137.207706 5882567.905389))
2; POLYGON((489163.559201 5882511.325873, 489171.359561 5882511.325873, 489171.359561 5882519.060901, 489163.559201 5882519.060901, 489163.559201 5882511.325873))
3; POLYGON((489137.207780 5882566.536020, 489140.166294 5882566.536020, 489140.166294 5882580.758533, 489137.207780 5882580.758533, 489137.207780 5882566.536020))
4; POLYGON((489149.228443 5882510.302997, 489187.377200 5882510.302997, 489187.377200 5882535.242249, 489149.228443 5882535.242249, 489149.228443 5882510.302997))
3; POLYGON((489137.210657 5882564.908557, 489143.166829 5882564.908557, 489143.166829 5882582.345197, 489137.210657 5882582.345197, 489137.210657 5882564.908557))
3; POLYGON((489137.213487 5882565.967462, 489142.960449 5882565.967462, 489142.960449 5882582.626828, 489137.213487 5882582.626828, 489137.213487 5882565.967462))
3; POLYGON((489137.206619 5882568.655167, 489140.130042 5882568.655167, 489140.130042 5882579.858563, 489137.206619 5882579.858563, 489137.206619 5882568.655167))
3; POLYGON((489137.203636 5882564.336816, 489140.412982 5882564.336816, 489140.412982 5882581.548361, 489137.203636 5882581.548361, 489137.203636 5882564.336816))
3; POLYGON((489233.246356 5882601.935268, 489237.200000 5882601.935268, 489237.200000 5882610.280530, 489233.246356 5882610.280530, 489233.246356 5882601.935268))
