4; POLYGON((491672.754782 5881553.896039, 491701.855774 5881553.896039, 491701.855774 5881599.563094, 491672.754782 5881599.563094, 491672.754782 5881553.896039))
4; POLYGON((491637.212559 5881552.852356, 491647.480318 5881552.852356, 491647.480318 5881577.606903, 491637.212559 5881577.606903, 491637.212559 5881552.852356))
3; POLYGON((491720.447302 5881578.417288, 491734.225775 5881578.417288, 491734.225775 5881591.266304, 491720.447302 5881591.266304, 491720.447302 5881578.417288))
3; POLYGON((491639.449092 5881531.366248, 491652.298628 5881531.366248, 491652.298628 5881544.258490, 491639.449092 5881544.258490, 491639.449092 5881531.366248))
3; POLYGON((491697.544989 5881523.872131, 491711.546454 5881523.872131, 491711.546454 5881536.450214, 491697.544989 5881536.450214, 491697.544989 5881523.872131))
3; POLYGON((491650.073703 5881510.382379, 491665.082056 5881510.382379, 491665.082056 5881525.891315, 491650.073703 5881525.891315, 491650.073703 5881510.382379))
3; POLYGON((491664.386493 5881527.912726, 491673.059326 5881527.912726, 491673.059326 5881536.323499, 491664.386493 5881536.323499, 491664.386493 5881527.912726))
4; POLYGON((491687.961255 5881533.470117, 491694.928418 5881533.470117, 491694.928418 5881546.500647, 491687.961255 5881546.500647, 491687.961255 5881533.470117))
3; POLYGON((491683.901709 5881520.805896, 491693.282086 5881520.805896, 491693.282086 5881531.825793, 491683.901709 5881531.825793, 491683.901709 5881520.805896))
4; POLYGON((491732.300281 5881586.339485, 491737.200000 5881586.339485, 491737.200000 5881597.349796, 491732.300281 5881597.349796, 491732.300281 5881586.339485))
3; POLYGON((491724.488873 5881535.144928, 491737.200000 5881535.144928, 491737.200000 5881549.778723, 491724.488873 5881549.778723, 491724.488873 5881535.144928))
3; POLYGON((491724.533020 5881535.180023, 491737.200000 5881535.180023, 491737.200000 5881551.561328, 491724.533020 5881551.561328, 491724.533020 5881535.180023))
