3; POLYGON((491251.692114 5882516.821063, 491266.131720 5882516.821063, 491266.131720 5882541.284766, 491251.692114 5882541.284766, 491251.692114 5882516.821063))
3; POLYGON((491273.209119 5882510.300000, 491303.424701 5882510.300000, 491303.424701 5882522.033838, 491273.209119 5882522.033838, 491273.209119 5882510.300000))
3; POLYGON((491239.706962 5882594.516360, 491256.263162 5882594.516360, 491256.263162 5882610.295001, 491239.706962 5882610.295001, 491239.706962 5882594.516360))
3; POLYGON((491311.198224 5882591.277910, 491326.234460 5882591.277910, 491326.234460 5882607.405257, 491311.198224 5882607.405257, 491311.198224 5882591.277910))
3; POLYGON((491255.427347 5882606.191363, 491271.137091 5882606.191363, 491271.137091 5882610.292210, 491255.427347 5882610.292210, 491255.427347 5882606.191363))
3; POLYGON((491237.208564 5882586.205049, 491240.260326 5882586.205049, 491240.260326 5882601.141776, 491237.208564 5882601.141776, 491237.208564 5882586.205049))
3; POLYGON((491322.808368 5882520.512976, 491337.200000 5882520.512976, 491337.200000 5882535.695135, 491322.808368 5882535.695135, 491322.808368 5882520.512976))
3; POLYGON((491287.539981 5882537.026727, 491299.392474 5882537.026727, 491299.392474 5882552.045331, 491287.539981 5882552.045331, 491287.539981 5882537.026727))
3; POLYGON((491300.639142 5882539.756201, 491322.742328 5882539.756201, 491322.742328 5882553.634906, 491300.639142 5882553.634906, 491300.639142 5882539.756201))
3; POLYGON((491305.677063 5882517.130066, 491322.844904 5882517.130066, 491322.844904 5882531.974579, 491305.677063 5882531.974579, 491305.677063 5882517.130066))
3; POLYGON((491237.208285 5882585.690912, 491240.144251 5882585.690912, 491240.144251 5882600.383360, 491237.208285 5882600.383360, 491237.208285 5882585.690912))
3; POLYGON((491310.252045 5882541.726398, 491322.831189 5882541.726398, 491322.831189 5882552.758728, 491310.252045 5882552.758728, 491310.252045 5882541.726398))
3; POLYGON((491273.510629 5882537.869751, 491285.424911 5882537.869751, 491285.424911 5882547.743127, 491273.510629 5882547.743127, 491273.510629 5882537.869751))
3; POLYGON((491323.412421 5882544.063940, 491335.547571 5882544.063940, 491335.547571 5882558.856287, 491323.412421 5882558.856287, 491323.412421 5882544.063940))
