3; POLYGON((490582.249472 5879911.528601, 490637.200000 5879911.528601, 490637.200000 5879962.766135, 490582.249472 5879962.766135, 490582.249472 5879911.528601))
3; POLYGON((490562.011308 5879910.300000, 490610.567792 5879910.300000, 490610.567792 5879936.116003, 490562.011308 5879936.116003, 490562.011308 5879910.300000))
3; POLYGON((490537.200000 5879963.189417, 490576.907080 5879963.189417, 490576.907080 5880010.207035, 490537.200000 5880010.207035, 490537.200000 5879963.189417))
4; POLYGON((490625.623700 5879969.747473, 490637.200000 5879969.747473, 490637.200000 5879984.230774, 490625.623700 5879984.230774, 490625.623700 5879969.747473))
4; POLYGON((490625.344812 5879929.194165, 490637.200000 5879929.194165, 490637.200000 5879958.387134, 490625.344812 5879958.387134, 490625.344812 5879929.194165))
3; POLYGON((490597.845062 5879971.812183, 490622.066986 5879971.812183, 490622.066986 5879984.411270, 490597.845062 5879984.411270, 490597.845062 5879971.812183))
3; POLYGON((490581.737576 5880007.343051, 490608.560785 5880007.343051, 490608.560785 5880010.300000, 490581.737576 5880010.300000, 490581.737576 5880007.343051))
3; POLYGON((490537.237402 5879963.286731, 490577.059732 5879963.286731, 490577.059732 5880004.097923, 490537.237402 5880004.097923, 490537.237402 5879963.286731))
3; POLYGON((490595.216846 5880007.337125, 490608.565100 5880007.337125, 490608.565100 5880010.295659, 490595.216846 5880010.295659, 490595.216846 5880007.337125))
3; POLYGON((490579.065369 5880007.383299, 490608.729565 5880007.383299, 490608.729565 5880010.300000, 490579.065369 5880010.300000, 490579.065369 5880007.383299))
3; POLYGON((490585.144983 5879971.848828, 490622.099396 5879971.848828, 490622.099396 5879985.508424, 490585.144983 5879985.508424, 490585.144983 5879971.848828))
