4; POLYGON((490449.211818 5880410.300000, 490488.033215 5880410.300000, 490488.033215 5880468.636823, 490449.211818 5880468.636823, 490449.211818 5880410.300000))
3; POLYGON((490437.205683 5880492.803964, 490456.486674 5880492.803964, 490456.486674 5880510.300000, 490437.205683 5880510.300000, 490437.205683 5880492.803964))
4; POLYGON((490462.267691 5880468.765155, 490476.342093 5880468.765155, 490476.342093 5880478.845361, 490462.267691 5880478.845361, 490462.267691 5880468.765155))
4; POLYGON((490508.421869 5880418.507935, 490528.056525 5880418.507935, 490528.056525 5880452.309869, 490508.421869 5880452.309869, 490508.421869 5880418.507935))
4; POLYGON((490509.329797 5880410.300000, 490519.114417 5880410.300000, 490519.114417 5880415.977454, 490509.329797 5880415.977454, 490509.329797 5880410.300000))
4; POLYGON((490507.840552 5880410.300000, 490518.847552 5880410.300000, 490518.847552 5880416.006567, 490507.840552 5880416.006567, 490507.840552 5880410.300000))
4; POLYGON((490505.640070 5880504.558573, 490533.747839 5880504.558573, 490533.747839 5880510.285972, 490505.640070 5880510.285972, 490505.640070 5880504.558573))
4; POLYGON((490502.648230 5880504.562395, 490533.326074 5880504.562395, 490533.326074 5880510.288249, 490502.648230 5880510.288249, 490502.648230 5880504.562395))
4; POLYGON((490499.044550 5880504.564039, 490534.243927 5880504.564039, 490534.243927 5880510.290315, 490499.044550 5880510.290315, 490499.044550 5880504.564039))
4; POLYGON((490507.260883 5880504.501360, 490537.133130 5880504.501360, 490537.133130 5880510.285896, 490507.260883 5880510.285896, 490507.260883 5880504.501360))
