3; POLYGON((491365.387512 5880381.648553, 491373.644662 5880381.648553, 491373.644662 5880389.689934, 491365.387512 5880389.689934, 491365.387512 5880381.648553))
3; POLYGON((491419.896277 5880362.352560, 491427.658185 5880362.352560, 491427.658185 5880370.007053, 491419.896277 5880370.007053, 491419.896277 5880362.352560))
4; POLYGON((491354.322202 5880406.254008, 491361.128737 5880406.254008, 491361.128737 5880410.299036, 491354.322202 5880410.299036, 491354.322202 5880406.254008))
4; POLYGON((491363.245737 5880379.197278, 491369.957245 5880379.197278, 491369.957245 5880385.414662, 491363.245737 5880385.414662, 491363.245737 5880379.197278))
3; POLYGON((491352.216948 5880382.321701, 491361.294568 5880382.321701, 491361.294568 5880391.502681, 491352.216948 5880391.502681, 491352.216948 5880382.321701))
4; POLYGON((491424.762878 5880336.353571, 491432.425555 5880336.353571, 491432.425555 5880343.803339, 491424.762878 5880343.803339, 491424.762878 5880336.353571))
4; POLYGON((491419.825500 5880362.527405, 491427.682336 5880362.527405, 491427.682336 5880370.082782, 491419.825500 5880370.082782, 491419.825500 5880362.527405))
3; POLYGON((491352.575574 5880382.840836, 491361.276869 5880382.840836, 491361.276869 5880391.452330, 491352.575574 5880391.452330, 491352.575574 5880382.840836))
4; POLYGON((491410.306512 5880335.062561, 491417.563879 5880335.062561, 491417.563879 5880342.140186, 491410.306512 5880342.140186, 491410.306512 5880335.062561))
4; POLYGON((491420.477997 5880317.408411, 491436.991571 5880317.408411, 491436.991571 5880331.603705, 491420.477997 5880331.603705, 491420.477997 5880317.408411))
4; POLYGON((491424.181921 5880335.899817, 491432.440314 5880335.899817, 491432.440314 5880343.711554, 491424.181921 5880343.711554, 491424.181921 5880335.899817))
4; POLYGON((491416.817450 5880386.455884, 491421.890662 5880386.455884, 491421.890662 5880391.567348, 491416.817450 5880391.567348, 491416.817450 5880386.455884))
4; POLYGON((491422.570343 5880334.038745, 491432.367133 5880334.038745, 491432.367133 5880343.705450, 491422.570343 5880343.705450, 491422.570343 5880334.038745))
4; POLYGON((491349.448023 5880370.724484, 491362.020485 5880370.724484, 491362.020485 5880382.893213, 491349.448023 5880382.893213, 491349.448023 5880370.724484))
4; POLYGON((491423.289453 5880334.766559, 491432.496173 5880334.766559, 491432.496173 5880343.708282, 491423.289453 5880343.708282, 491423.289453 5880334.766559))
3; POLYGON((491353.249652 5880383.444711, 491361.321945 5880383.444711, 491361.321945 5880391.425404, 491353.249652 5880391.425404, 491353.249652 5880383.444711))
4; POLYGON((491397.073303 5880373.646805, 491404.855664 5880373.646805, 491404.855664 5880381.135007, 491397.073303 5880381.135007, 491397.073303 5880373.646805))
4; POLYGON((491412.857861 5880324.461249, 491421.351465 5880324.461249, 491421.351465 5880333.433557, 491412.857861 5880333.433557, 491412.857861 5880324.461249))
3; POLYGON((491354.451204 5880406.431643, 491361.106409 5880406.431643, 491361.106409 5880410.291286, 491354.451204 5880410.291286, 491354.451204 5880406.431643))
