3; POLYGON((489137.596085 5881919.975024, 489169.620734 5881919.975024, 489169.620734 5881974.474719, 489137.596085 5881974.474719, 489137.596085 5881919.975024))
3; POLYGON((489137.200000 5881984.348599, 489151.955212 5881984.348599, 489151.955212 5882004.577880, 489137.200000 5882004.577880, 489137.200000 5881984.348599))
3; POLYGON((489148.430888 5881910.489667, 489230.125958 5881910.489667, 489230.125958 5882010.204931, 489148.430888 5882010.204931, 489148.430888 5881910.489667))
3; POLYGON((489151.181573 5881915.600958, 489225.259546 5881915.600958, 489225.259546 5882010.172160, 489151.181573 5882010.172160, 489151.181573 5881915.600958))
3; POLYGON((489181.303238 5881910.300000, 489232.088715 5881910.300000, 489232.088715 5882009.372683, 489181.303238 5882009.372683, 489181.303238 5881910.300000))
3; POLYGON((489215.134772 5881948.343762, 489237.200000 5881948.343762, 489237.200000 5882010.300000, 489215.134772 5882010.300000, 489215.134772 5881948.343762))
3; POLYGON((489215.262457 5881933.856372, 489237.200000 5881933.856372, 489237.200000 5882010.300000, 489215.262457 5882010.300000, 489215.262457 5881933.856372))
3; POLYGON((489215.016327 5881915.146423, 489237.200000 5881915.146423, 489237.200000 5882010.300000, 489215.016327 5882010.300000, 489215.016327 5881915.146423))
3; POLYGON((489137.200000 5881976.295242, 489151.983710 5881976.295242, 489151.983710 5882004.442253, 489137.200000 5882004.442253, 489137.200000 5881976.295242))
3; POLYGON((489177.318478 5881910.300000, 489227.944885 5881910.300000, 489227.944885 5882009.608109, 489177.318478 5882009.608109, 489177.318478 5881910.300000))
3; POLYGON((489182.306097 5881910.320178, 489233.919965 5881910.320178, 489233.919965 5882003.250848, 489182.306097 5882003.250848, 489182.306097 5881910.320178))
3; POLYGON((489150.784515 5881995.518317, 489175.805542 5881995.518317, 489175.805542 5882010.300000, 489150.784515 5882010.300000, 489150.784515 5881995.518317))
