3; POLYGON((489224.543066 5881119.245044, 489237.195538 5881119.245044, 489237.195538 5881134.814679, 489224.543066 5881134.814679, 489224.543066 5881119.245044))
3; POLYGON((489188.743793 5881123.724280, 489230.303046 5881123.724280, 489230.303046 5881210.198577, 489188.743793 5881210.198577, 489188.743793 5881123.724280))
3; POLYGON((489205.962384 5881110.301923, 489225.356281 5881110.301923, 489225.356281 5881118.911365, 489205.962384 5881118.911365, 489205.962384 5881110.301923))
3; POLYGON((489188.586066 5881123.717224, 489225.373767 5881123.717224, 489225.373767 5881210.239471, 489188.586066 5881210.239471, 489188.586066 5881123.717224))
3; POLYGON((489137.212956 5881111.847028, 489149.512872 5881111.847028, 489149.512872 5881210.278447, 489137.212956 5881210.278447, 489137.212956 5881111.847028))
3; POLYGON((489137.219285 5881126.115308, 489149.705393 5881126.115308, 489149.705393 5881210.300000, 489137.219285 5881210.300000, 489137.219285 5881126.115308))
3; POLYGON((489201.986523 5881110.300000, 489225.346277 5881110.300000, 489225.346277 5881118.858447, 489201.986523 5881118.858447, 489201.986523 5881110.300000))
3; POLYGON((489208.638092 5881110.300000, 489225.336060 5881110.300000, 489225.336060 5881118.918408, 489208.638092 5881118.918408, 489208.638092 5881110.300000))
3; POLYGON((489182.234662 5881110.300000, 489199.155786 5881110.300000, 489199.155786 5881125.293091, 489182.234662 5881125.293091, 489182.234662 5881110.300000))
3; POLYGON((489198.786102 5881110.300000, 489225.442456 5881110.300000, 489225.442456 5881118.883765, 489198.786102 5881118.883765, 489198.786102 5881110.300000))
3; POLYGON((489137.231018 5881111.273737, 489146.641578 5881111.273737, 489146.641578 5881210.300000, 489137.231018 5881210.300000, 489137.231018 5881111.273737))
3; POLYGON((489137.200000 5881133.687042, 489149.614547 5881133.687042, 489149.614547 5881210.260184, 489137.200000 5881210.260184, 489137.200000 5881133.687042))
3; POLYGON((489148.756905 5881110.455322, 489183.383191 5881110.455322, 489183.383191 5881208.711146, 489148.756905 5881208.711146, 489148.756905 5881110.455322))
3; POLYGON((489148.343588 5881110.300000, 489186.255585 5881110.300000, 489186.255585 5881210.039707, 489148.343588 5881210.039707, 489148.343588 5881110.300000))
