4; POLYGON((491364.610721 5880084.392303, 491391.632410 5880084.392303, 491391.632410 5880109.097431, 491364.610721 5880109.097431, 491364.610721 5880084.392303))
4; POLYGON((491411.848029 5880016.874091, 491437.200000 5880016.874091, 491437.200000 5880063.102802, 491411.848029 5880063.102802, 491411.848029 5880016.874091))
4; POLYGON((491414.170490 5880064.250497, 491430.554303 5880064.250497, 491430.554303 5880080.951318, 491414.170490 5880080.951318, 491414.170490 5880064.250497))
4; POLYGON((491385.781967 5880054.349225, 491425.008282 5880054.349225, 491425.008282 5880083.472421, 491385.781967 5880083.472421, 491385.781967 5880054.349225))
4; POLYGON((491337.200000 5880010.300000, 491390.664227 5880010.300000, 491390.664227 5880056.331360, 491337.200000 5880056.331360, 491337.200000 5880010.300000))
1; POLYGON((491337.239375 5880010.300000, 491390.540961 5880010.300000, 491390.540961 5880057.515881, 491337.239375 5880057.515881, 491337.239375 5880010.300000))
4; POLYGON((491337.399163 5880108.137568, 491350.514595 5880108.137568, 491350.514595 5880110.300000, 491337.399163 5880110.300000, 491337.399163 5880108.137568))
4; POLYGON((491337.445687 5880108.098460, 491351.738472 5880108.098460, 491351.738472 5880110.300000, 491337.445687 5880110.300000, 491337.445687 5880108.098460))
4; POLYGON((491338.131765 5880108.479675, 491349.056223 5880108.479675, 491349.056223 5880110.295897, 491338.131765 5880110.295897, 491338.131765 5880108.479675))
2; POLYGON((491337.200000 5880010.300000, 491352.501840 5880010.300000, 491352.501840 5880020.448700, 491337.200000 5880020.448700, 491337.200000 5880010.300000))
4; POLYGON((491337.954085 5880108.340226, 491350.115047 5880108.340226, 491350.115047 5880110.296308, 491337.954085 5880110.296308, 491337.954085 5880108.340226))
2; POLYGON((491337.204561 5880010.300000, 491350.098793 5880010.300000, 491350.098793 5880020.831976, 491337.204561 5880020.831976, 491337.204561 5880010.300000))
2; POLYGON((491337.200000 5880010.300000, 491348.291495 5880010.300000, 491348.291495 5880021.541882, 491337.200000 5880021.541882, 491337.200000 5880010.300000))
4; POLYGON((491337.490263 5880107.990597, 491354.047786 5880107.990597, 491354.047786 5880110.300000, 491337.490263 5880110.300000, 491337.490263 5880107.990597))
4; POLYGON((491385.711920 5880054.310211, 491430.258459 5880054.310211, 491430.258459 5880083.254050, 491385.711920 5880083.254050, 491385.711920 5880054.310211))
