4; POLYGON((490384.199530 5881357.151691, 490409.922699 5881357.151691, 490409.922699 5881383.128860, 490384.199530 5881383.128860, 490384.199530 5881357.151691))
3; POLYGON((490337.200000 5881310.300000, 490353.864182 5881310.300000, 490353.864182 5881317.170026, 490337.200000 5881317.170026, 490337.200000 5881310.300000))
4; POLYGON((490337.214909 5881385.248975, 490347.178040 5881385.248975, 490347.178040 5881410.291706, 490337.214909 5881410.291706, 490337.214909 5881385.248975))
4; POLYGON((490337.211339 5881388.271082, 490347.153448 5881388.271082, 490347.153448 5881410.300000, 490337.211339 5881410.300000, 490337.211339 5881388.271082))
3; POLYGON((490432.064124 5881329.337048, 490437.200000 5881329.337048, 490437.200000 5881350.048364, 490432.064124 5881350.048364, 490432.064124 5881329.337048))
3; POLYGON((490432.004126 5881332.647357, 490437.200000 5881332.647357, 490437.200000 5881349.877795, 490432.004126 5881349.877795, 490432.004126 5881332.647357))
3; POLYGON((490432.067877 5881327.134766, 490437.196216 5881327.134766, 490437.196216 5881350.595868, 490432.067877 5881350.595868, 490432.067877 5881327.134766))
3; POLYGON((490432.029865 5881324.405109, 490437.189990 5881324.405109, 490437.189990 5881350.352954, 490432.029865 5881350.352954, 490432.029865 5881324.405109))
4; POLYGON((490337.211630 5881380.881018, 490347.187200 5881380.881018, 490347.187200 5881410.300000, 490337.211630 5881410.300000, 490337.211630 5881380.881018))
3; POLYGON((490432.075116 5881333.983557, 490437.200000 5881333.983557, 490437.200000 5881350.108557, 490432.075116 5881350.108557, 490432.075116 5881333.983557))
