3; POLYGON((488831.185718 5880575.905032, 488837.175745 5880575.905032, 488837.175745 5880601.790978, 488831.185718 5880601.790978, 488831.185718 5880575.905032))
3; POLYGON((488761.377382 5880510.300000, 488797.041632 5880510.300000, 488797.041632 5880526.583038, 488761.377382 5880526.583038, 488761.377382 5880510.300000))
3; POLYGON((488737.246170 5880552.912592, 488768.907779 5880552.912592, 488768.907779 5880610.293926, 488737.246170 5880610.293926, 488737.246170 5880552.912592))
3; POLYGON((488828.880951 5880605.906781, 488837.197205 5880605.906781, 488837.197205 5880610.293955, 488828.880951 5880610.293955, 488828.880951 5880605.906781))
3; POLYGON((488781.681479 5880589.191023, 488798.902606 5880589.191023, 488798.902606 5880610.288516, 488781.681479 5880610.288516, 488781.681479 5880589.191023))
3; POLYGON((488774.392163 5880565.582434, 488784.931290 5880565.582434, 488784.931290 5880579.440918, 488774.392163 5880579.440918, 488774.392163 5880565.582434))
3; POLYGON((488805.861090 5880559.371555, 488833.502673 5880559.371555, 488833.502673 5880573.035477, 488805.861090 5880573.035477, 488805.861090 5880559.371555))
3; POLYGON((488797.394714 5880578.836383, 488828.353021 5880578.836383, 488828.353021 5880598.034637, 488797.394714 5880598.034637, 488797.394714 5880578.836383))
3; POLYGON((488737.200000 5880516.825281, 488756.345393 5880516.825281, 488756.345393 5880534.077563, 488737.200000 5880534.077563, 488737.200000 5880516.825281))
3; POLYGON((488770.496994 5880535.853802, 488836.603796 5880535.853802, 488836.603796 5880579.385556, 488770.496994 5880579.385556, 488770.496994 5880535.853802))
