3; POLYGON((491019.341217 5881935.469220, 491037.165424 5881935.469220, 491037.165424 5881953.246832, 491019.341217 5881953.246832, 491019.341217 5881935.469220))
3; POLYGON((491001.836646 5881946.177051, 491020.538483 5881946.177051, 491020.538483 5881964.478705, 491001.836646 5881964.478705, 491001.836646 5881946.177051))
3; POLYGON((490970.909946 5881984.035352, 490987.643735 5881984.035352, 490987.643735 5882000.638892, 490970.909946 5882000.638892, 490970.909946 5881984.035352))
3; POLYGON((490947.986723 5881996.354675, 490972.813336 5881996.354675, 490972.813336 5882010.295638, 490947.986723 5882010.295638, 490947.986723 5881996.354675))
3; POLYGON((490982.365015 5881968.449692, 491000.914117 5881968.449692, 491000.914117 5881986.995105, 490982.365015 5881986.995105, 490982.365015 5881968.449692))
3; POLYGON((490986.367090 5881989.914922, 491024.072296 5881989.914922, 491024.072296 5882010.300000, 490986.367090 5882010.300000, 490986.367090 5881989.914922))
3; POLYGON((491034.135968 5881924.816504, 491037.200000 5881924.816504, 491037.200000 5881939.944293, 491034.135968 5881939.944293, 491034.135968 5881924.816504))
3; POLYGON((491034.182745 5881923.399622, 491037.200000 5881923.399622, 491037.200000 5881939.766589, 491034.182745 5881939.766589, 491034.182745 5881923.399622))
3; POLYGON((491027.190393 5881962.703613, 491037.200000 5881962.703613, 491037.200000 5881983.744028, 491027.190393 5881983.744028, 491027.190393 5881962.703613))
3; POLYGON((490964.162308 5881910.300000, 490985.882968 5881910.300000, 490985.882968 5881928.078259, 490964.162308 5881928.078259, 490964.162308 5881910.300000))
3; POLYGON((491034.253033 5881920.408594, 491037.200000 5881920.408594, 491037.200000 5881939.582275, 491034.253033 5881939.582275, 491034.253033 5881920.408594))
3; POLYGON((491034.173987 5881918.726013, 491037.200000 5881918.726013, 491037.200000 5881939.564276, 491034.173987 5881939.564276, 491034.173987 5881918.726013))
3; POLYGON((491027.189679 5881955.757019, 491037.200000 5881955.757019, 491037.200000 5881983.812711, 491027.189679 5881983.812711, 491027.189679 5881955.757019))
3; POLYGON((491034.367273 5881916.268188, 491037.200000 5881916.268188, 491037.200000 5881939.502069, 491034.367273 5881939.502069, 491034.367273 5881916.268188))
3; POLYGON((491034.084680 5881912.745178, 491037.197888 5881912.745178, 491037.197888 5881939.774146, 491034.084680 5881939.774146, 491034.084680 5881912.745178))
3; POLYGON((491027.200970 5881952.256799, 491037.200000 5881952.256799, 491037.200000 5881983.788641, 491027.200970 5881983.788641, 491027.200970 5881952.256799))
