3; POLYGON((491754.927654 5882318.080695, 491790.455579 5882318.080695, 491790.455579 5882337.371869, 491754.927654 5882337.371869, 491754.927654 5882318.080695))
3; POLYGON((491762.442291 5882371.632584, 491792.009711 5882371.632584, 491792.009711 5882391.682082, 491762.442291 5882391.682082, 491762.442291 5882371.632584))
3; POLYGON((491773.210596 5882342.181763, 491789.514313 5882342.181763, 491789.514313 5882366.286682, 491773.210596 5882366.286682, 491773.210596 5882342.181763))
3; POLYGON((491737.206303 5882382.778580, 491742.303195 5882382.778580, 491742.303195 5882393.288960, 491737.206303 5882393.288960, 491737.206303 5882382.778580))
3; POLYGON((491820.390198 5882312.372150, 491835.338397 5882312.372150, 491835.338397 5882328.551709, 491820.390198 5882328.551709, 491820.390198 5882312.372150))
3; POLYGON((491737.200000 5882325.225293, 491746.196255 5882325.225293, 491746.196255 5882336.071216, 491737.200000 5882336.071216, 491737.200000 5882325.225293))
4; POLYGON((491773.232019 5882359.177719, 491784.894000 5882359.177719, 491784.894000 5882366.259698, 491773.232019 5882366.259698, 491773.232019 5882359.177719))
4; POLYGON((491741.452777 5882332.387842, 491749.555283 5882332.387842, 491749.555283 5882342.009436, 491741.452777 5882342.009436, 491741.452777 5882332.387842))
4; POLYGON((491788.389694 5882339.338757, 491796.005066 5882339.338757, 491796.005066 5882346.324133, 491788.389694 5882346.324133, 491788.389694 5882339.338757))
4; POLYGON((491759.526579 5882339.428235, 491766.731888 5882339.428235, 491766.731888 5882344.778229, 491759.526579 5882344.778229, 491759.526579 5882339.428235))
4; POLYGON((491779.529303 5882385.679951, 491787.481134 5882385.679951, 491787.481134 5882394.535127, 491779.529303 5882394.535127, 491779.529303 5882385.679951))
3; POLYGON((491774.864435 5882341.986536, 491789.450153 5882341.986536, 491789.450153 5882359.815979, 491774.864435 5882359.815979, 491774.864435 5882341.986536))
4; POLYGON((491758.643622 5882339.417358, 491766.758817 5882339.417358, 491766.758817 5882344.609991, 491758.643622 5882344.609991, 491758.643622 5882339.417358))
