3; POLYGON((490201.091119 5880191.252608, 490215.371393 5880191.252608, 490215.371393 5880210.299829, 490201.091119 5880210.299829, 490201.091119 5880191.252608))
3; POLYGON((490154.890637 5880202.435655, 490166.443317 5880202.435655, 490166.443317 5880210.299135, 490154.890637 5880210.299135, 490154.890637 5880202.435655))
3; POLYGON((490218.447314 5880186.603812, 490234.341870 5880186.603812, 490234.341870 5880210.300000, 490218.447314 5880210.300000, 490218.447314 5880186.603812))
3; POLYGON((490137.200000 5880197.456174, 490146.031709 5880197.456174, 490146.031709 5880206.370019, 490137.200000 5880206.370019, 490137.200000 5880197.456174))
3; POLYGON((490137.222781 5880166.271677, 490181.830167 5880166.271677, 490181.830167 5880187.203085, 490137.222781 5880187.203085, 490137.222781 5880166.271677))
3; POLYGON((490174.576199 5880195.681502, 490188.747540 5880195.681502, 490188.747540 5880210.291956, 490174.576199 5880210.291956, 490174.576199 5880195.681502))
3; POLYGON((490176.955527 5880132.383728, 490188.097327 5880132.383728, 490188.097327 5880143.900061, 490176.955527 5880143.900061, 490176.955527 5880132.383728))
3; POLYGON((490138.782214 5880207.363108, 490149.978682 5880207.363108, 490149.978682 5880210.293383, 490138.782214 5880210.293383, 490138.782214 5880207.363108))
3; POLYGON((490233.323218 5880182.575116, 490237.188416 5880182.575116, 490237.188416 5880209.248711, 490233.323218 5880209.248711, 490233.323218 5880182.575116))
3; POLYGON((490137.240816 5880133.373828, 490161.984576 5880133.373828, 490161.984576 5880150.363617, 490137.240816 5880150.363617, 490137.240816 5880133.373828))
3; POLYGON((490187.946939 5880119.006091, 490237.200000 5880119.006091, 490237.200000 5880140.544025, 490187.946939 5880140.544025, 490187.946939 5880119.006091))
3; POLYGON((490233.700806 5880183.127448, 490237.200000 5880183.127448, 490237.200000 5880210.228507, 490233.700806 5880210.228507, 490233.700806 5880183.127448))
4; POLYGON((490146.513362 5880188.918102, 490167.308148 5880188.918102, 490167.308148 5880196.208304, 490146.513362 5880196.208304, 490146.513362 5880188.918102))
3; POLYGON((490233.480939 5880182.324722, 490237.200000 5880182.324722, 490237.200000 5880205.213495, 490233.480939 5880205.213495, 490233.480939 5880182.324722))
