3; POLYGON((488864.334811 5882198.884224, 488880.381024 5882198.884224, 488880.381024 5882210.296072, 488864.334811 5882210.296072, 488864.334811 5882198.884224))
3; POLYGON((488840.464183 5882141.781866, 488867.232132 5882141.781866, 488867.232132 5882164.361728, 488840.464183 5882164.361728, 488840.464183 5882141.781866))
3; POLYGON((488848.948585 5882161.678653, 488872.775543 5882161.678653, 488872.775543 5882181.165891, 488848.948585 5882181.165891, 488848.948585 5882161.678653))
3; POLYGON((488911.161926 5882117.813910, 488928.137231 5882117.813910, 488928.137231 5882136.745941, 488911.161926 5882136.745941, 488911.161926 5882117.813910))
3; POLYGON((488856.954474 5882182.140808, 488872.391724 5882182.140808, 488872.391724 5882196.222250, 488856.954474 5882196.222250, 488856.954474 5882182.140808))
3; POLYGON((488921.629034 5882137.019025, 488935.840375 5882137.019025, 488935.840375 5882150.063086, 488921.629034 5882150.063086, 488921.629034 5882137.019025))
3; POLYGON((488929.758447 5882149.251532, 488937.200000 5882149.251532, 488937.200000 5882161.321802, 488929.758447 5882161.321802, 488929.758447 5882149.251532))
3; POLYGON((488866.012122 5882117.742267, 488880.891357 5882117.742267, 488880.891357 5882130.690112, 488866.012122 5882130.690112, 488866.012122 5882117.742267))
3; POLYGON((488864.347440 5882196.194093, 488884.997610 5882196.194093, 488884.997610 5882210.297380, 488864.347440 5882210.297380, 488864.347440 5882196.194093))
3; POLYGON((488900.089594 5882110.300000, 488918.783398 5882110.300000, 488918.783398 5882116.436365, 488900.089594 5882116.436365, 488900.089594 5882110.300000))
3; POLYGON((488837.207971 5882110.384583, 488838.772420 5882110.384583, 488838.772420 5882122.236383, 488837.207971 5882122.236383, 488837.207971 5882110.384583))
3; POLYGON((488837.995404 5882126.203595, 488862.812796 5882126.203595, 488862.812796 5882143.571198, 488837.995404 5882143.571198, 488837.995404 5882126.203595))
3; POLYGON((488930.884753 5882110.300000, 488937.200000 5882110.300000, 488937.200000 5882112.110962, 488930.884753 5882112.110962, 488930.884753 5882110.300000))
