3; POLYGON((489637.321933 5879938.498578, 489719.213995 5879938.498578, 489719.213995 5879973.644699, 489637.321933 5879973.644699, 489637.321933 5879938.498578))
3; POLYGON((489651.784364 5879979.834207, 489669.985574 5879979.834207, 489669.985574 5880010.300000, 489651.784364 5880010.300000, 489651.784364 5879979.834207))
3; POLYGON((489675.415372 5879972.623651, 489697.245105 5879972.623651, 489697.245105 5880010.300000, 489675.415372 5880010.300000, 489675.415372 5879972.623651))
3; POLYGON((489701.642151 5879976.301019, 489737.200000 5879976.301019, 489737.200000 5879997.315981, 489701.642151 5879997.315981, 489701.642151 5879976.301019))
3; POLYGON((489637.210761 5879985.865292, 489647.335947 5879985.865292, 489647.335947 5880010.300000, 489637.210761 5880010.300000, 489637.210761 5879985.865292))
4; POLYGON((489637.211539 5879910.400800, 489710.624908 5879910.400800, 489710.624908 5879940.648553, 489637.211539 5879940.648553, 489637.211539 5879910.400800))
3; POLYGON((489709.321533 5880008.768863, 489721.354254 5880008.768863, 489721.354254 5880010.295175, 489709.321533 5880010.295175, 489709.321533 5880008.768863))
3; POLYGON((489710.300397 5880008.712307, 489721.109222 5880008.712307, 489721.109222 5880010.295721, 489710.300397 5880010.295721, 489710.300397 5880008.712307))
3; POLYGON((489722.952435 5879920.084894, 489737.200000 5879920.084894, 489737.200000 5879945.337781, 489722.952435 5879945.337781, 489722.952435 5879920.084894))
3; POLYGON((489710.544604 5880008.671808, 489721.749115 5880008.671808, 489721.749115 5880010.294268, 489710.544604 5880010.294268, 489710.544604 5880008.671808))
3; POLYGON((489708.439075 5880008.668129, 489721.187622 5880008.668129, 489721.187622 5880010.295908, 489708.439075 5880010.295908, 489708.439075 5880008.668129))
