3; POLYGON((488888.277805 5881183.000793, 488904.518207 5881183.000793, 488904.518207 5881197.737297, 488888.277805 5881197.737297, 488888.277805 5881183.000793))
3; POLYGON((488887.587283 5881125.613855, 488937.200000 5881125.613855, 488937.200000 5881153.860425, 488887.587283 5881153.860425, 488887.587283 5881125.613855))
3; POLYGON((488931.505237 5881164.699545, 488937.200000 5881164.699545, 488937.200000 5881183.947113, 488931.505237 5881183.947113, 488931.505237 5881164.699545))
3; POLYGON((488902.631641 5881193.581219, 488926.436682 5881193.581219, 488926.436682 5881210.300000, 488902.631641 5881210.300000, 488902.631641 5881193.581219))
3; POLYGON((488851.921844 5881168.110535, 488884.623825 5881168.110535, 488884.623825 5881210.300000, 488851.921844 5881210.300000, 488851.921844 5881168.110535))
3; POLYGON((488924.713501 5881208.135336, 488937.169489 5881208.135336, 488937.169489 5881210.294181, 488924.713501 5881210.294181, 488924.713501 5881208.135336))
3; POLYGON((488931.387872 5881164.640454, 488937.184875 5881164.640454, 488937.184875 5881187.497017, 488931.387872 5881187.497017, 488931.387872 5881164.640454))
3; POLYGON((488853.271989 5881110.300000, 488870.809741 5881110.300000, 488870.809741 5881125.980853, 488853.271989 5881125.980853, 488853.271989 5881110.300000))
3; POLYGON((488888.676379 5881110.300000, 488936.634003 5881110.300000, 488936.634003 5881118.016852, 488888.676379 5881118.016852, 488888.676379 5881110.300000))
3; POLYGON((488931.408130 5881164.494739, 488937.200000 5881164.494739, 488937.200000 5881191.326395, 488931.408130 5881191.326395, 488931.408130 5881164.494739))
3; POLYGON((488887.446927 5881136.676740, 488901.135229 5881136.676740, 488901.135229 5881153.911707, 488887.446927 5881153.911707, 488887.446927 5881136.676740))
