4; POLYGON((490748.997862 5881570.430872, 490805.342548 5881570.430872, 490805.342548 5881584.773532, 490748.997862 5881584.773532, 490748.997862 5881570.430872))
4; POLYGON((490756.611429 5881554.041266, 490768.388489 5881554.041266, 490768.388489 5881571.458249, 490756.611429 5881571.458249, 490756.611429 5881554.041266))
2; POLYGON((490756.148093 5881510.309827, 490775.561545 5881510.309827, 490775.561545 5881549.777875, 490756.148093 5881549.777875, 490756.148093 5881510.309827))
3; POLYGON((490758.576924 5881604.771408, 490770.350110 5881604.771408, 490770.350110 5881610.300000, 490758.576924 5881610.300000, 490758.576924 5881604.771408))
3; POLYGON((490737.204131 5881537.397028, 490742.488783 5881537.397028, 490742.488783 5881569.273492, 490737.204131 5881569.273492, 490737.204131 5881537.397028))
4; POLYGON((490791.618872 5881608.078992, 490808.030225 5881608.078992, 490808.030225 5881610.300000, 490791.618872 5881610.300000, 490791.618872 5881608.078992))
1; POLYGON((490755.997365 5881510.324445, 490775.611157 5881510.324445, 490775.611157 5881549.756635, 490755.997365 5881549.756635, 490755.997365 5881510.324445))
4; POLYGON((490748.942561 5881559.090717, 490805.199127 5881559.090717, 490805.199127 5881584.598270, 490748.942561 5881584.598270, 490748.942561 5881559.090717))
4; POLYGON((490791.687274 5881608.296826, 490808.072504 5881608.296826, 490808.072504 5881610.293144, 490791.687274 5881610.293144, 490791.687274 5881608.296826))
4; POLYGON((490749.079253 5881553.659277, 490805.086047 5881553.659277, 490805.086047 5881584.693042, 490749.079253 5881584.693042, 490749.079253 5881553.659277))
4; POLYGON((490756.004298 5881510.406421, 490775.666333 5881510.406421, 490775.666333 5881549.691144, 490756.004298 5881549.691144, 490756.004298 5881510.406421))
4; POLYGON((490828.286957 5881555.016132, 490837.193280 5881555.016132, 490837.193280 5881567.841705, 490828.286957 5881567.841705, 490828.286957 5881555.016132))
4; POLYGON((490812.679706 5881523.838422, 490825.271320 5881523.838422, 490825.271320 5881579.020813, 490812.679706 5881579.020813, 490812.679706 5881523.838422))
4; POLYGON((490737.203961 5881537.510742, 490742.411780 5881537.510742, 490742.411780 5881569.289633, 490737.203961 5881569.289633, 490737.203961 5881537.510742))
4; POLYGON((490778.055917 5881510.300000, 490829.799695 5881510.300000, 490829.799695 5881579.162714, 490778.055917 5881579.162714, 490778.055917 5881510.300000))
3; POLYGON((490812.670782 5881523.784760, 490825.267950 5881523.784760, 490825.267950 5881579.010638, 490812.670782 5881579.010638, 490812.670782 5881523.784760))
4; POLYGON((490791.645953 5881608.555406, 490807.908734 5881608.555406, 490807.908734 5881610.294046, 490791.645953 5881610.294046, 490791.645953 5881608.555406))
4; POLYGON((490830.159528 5881608.449079, 490837.200000 5881608.449079, 490837.200000 5881610.300000, 490830.159528 5881610.300000, 490830.159528 5881608.449079))
4; POLYGON((490822.786469 5881547.364447, 490837.185950 5881547.364447, 490837.185950 5881568.037814, 490822.786469 5881568.037814, 490822.786469 5881547.364447))
4; POLYGON((490791.748260 5881606.922020, 490808.159088 5881606.922020, 490808.159088 5881610.300000, 490791.748260 5881610.300000, 490791.748260 5881606.922020))
4; POLYGON((490830.152771 5881609.078387, 490837.173328 5881609.078387, 490837.173328 5881610.294610, 490830.152771 5881610.294610, 490830.152771 5881609.078387))
