4; POLYGON((490648.577788 5880703.058448, 490654.921681 5880703.058448, 490654.921681 5880709.166580, 490648.577788 5880709.166580, 490648.577788 5880703.058448))
4; POLYGON((490683.761243 5880697.468607, 490690.681482 5880697.468607, 490690.681482 5880703.071291, 490683.761243 5880703.071291, 490683.761243 5880697.468607))
4; POLYGON((490692.799744 5880634.711230, 490700.124536 5880634.711230, 490700.124536 5880642.327441, 490692.799744 5880642.327441, 490692.799744 5880634.711230))
3; POLYGON((490714.096838 5880702.178172, 490722.030811 5880702.178172, 490722.030811 5880709.496900, 490714.096838 5880709.496900, 490714.096838 5880702.178172))
4; POLYGON((490720.811115 5880624.862170, 490727.790100 5880624.862170, 490727.790100 5880631.687378, 490720.811115 5880631.687378, 490720.811115 5880624.862170))
4; POLYGON((490714.156635 5880702.435171, 490722.034894 5880702.435171, 490722.034894 5880709.615118, 490714.156635 5880709.615118, 490714.156635 5880702.435171))
3; POLYGON((490683.626114 5880638.320233, 490690.369214 5880638.320233, 490690.369214 5880646.452380, 490683.626114 5880646.452380, 490683.626114 5880638.320233))
4; POLYGON((490730.621790 5880622.664276, 490737.200000 5880622.664276, 490737.200000 5880628.917731, 490730.621790 5880628.917731, 490730.621790 5880622.664276))
4; POLYGON((490683.695477 5880638.416400, 490690.387134 5880638.416400, 490690.387134 5880646.412561, 490683.695477 5880646.412561, 490683.695477 5880638.416400))
4; POLYGON((490699.572693 5880700.180688, 490706.282336 5880700.180688, 490706.282336 5880706.296145, 490699.572693 5880706.296145, 490699.572693 5880700.180688))
4; POLYGON((490712.806482 5880629.525903, 490718.049548 5880629.525903, 490718.049548 5880635.108752, 490712.806482 5880635.108752, 490712.806482 5880629.525903))
4; POLYGON((490701.772772 5880621.977570, 490706.322394 5880621.977570, 490706.322394 5880626.923798, 490701.772772 5880626.923798, 490701.772772 5880621.977570))
4; POLYGON((490701.378851 5880622.067712, 490706.442297 5880622.067712, 490706.442297 5880627.388501, 490701.378851 5880627.388501, 490701.378851 5880622.067712))
4; POLYGON((490651.862537 5880634.161505, 490658.642258 5880634.161505, 490658.642258 5880639.930219, 490651.862537 5880639.930219, 490651.862537 5880634.161505))
4; POLYGON((490731.135046 5880612.054297, 490735.829889 5880612.054297, 490735.829889 5880617.924139, 490731.135046 5880617.924139, 490731.135046 5880612.054297))
4; POLYGON((490706.900568 5880616.574500, 490714.327618 5880616.574500, 490714.327618 5880622.154565, 490706.900568 5880622.154565, 490706.900568 5880616.574500))
4; POLYGON((490731.528253 5880611.897754, 490735.721582 5880611.897754, 490735.721582 5880617.899249, 490731.528253 5880617.899249, 490731.528253 5880611.897754))
4; POLYGON((490730.734717 5880622.677234, 490737.200000 5880622.677234, 490737.200000 5880630.605017, 490730.734717 5880630.605017, 490730.734717 5880622.677234))
4; POLYGON((490651.898033 5880634.118079, 490658.111078 5880634.118079, 490658.111078 5880639.830920, 490651.898033 5880639.830920, 490651.898033 5880634.118079))
4; POLYGON((490700.697168 5880622.059332, 490706.420453 5880622.059332, 490706.420453 5880627.667987, 490700.697168 5880627.667987, 490700.697168 5880622.059332))
4; POLYGON((490661.359325 5880630.344830, 490667.068243 5880630.344830, 490667.068243 5880636.623572, 490661.359325 5880636.623572, 490661.359325 5880630.344830))
