4; POLYGON((490137.200000 5880028.836121, 490151.621060 5880028.836121, 490151.621060 5880069.454239, 490137.200000 5880069.454239, 490137.200000 5880028.836121))
1; POLYGON((490160.305602 5880010.300000, 490211.625604 5880010.300000, 490211.625604 5880057.257831, 490160.305602 5880057.257831, 490160.305602 5880010.300000))
4; POLYGON((490137.276449 5880077.661786, 490211.369940 5880077.661786, 490211.369940 5880109.695791, 490137.276449 5880109.695791, 490137.276449 5880077.661786))
2; POLYGON((490182.030084 5880010.825598, 490194.615240 5880010.825598, 490194.615240 5880040.583911, 490182.030084 5880040.583911, 490182.030084 5880010.825598))
4; POLYGON((490210.711139 5880099.074545, 490227.759161 5880099.074545, 490227.759161 5880110.300000, 490210.711139 5880110.300000, 490210.711139 5880099.074545))
4; POLYGON((490137.206359 5880010.300000, 490143.209763 5880010.300000, 490143.209763 5880018.021405, 490137.206359 5880018.021405, 490137.206359 5880010.300000))
4; POLYGON((490159.809805 5880010.300000, 490211.590277 5880010.300000, 490211.590277 5880057.236823, 490159.809805 5880057.236823, 490159.809805 5880010.300000))
4; POLYGON((490137.200000 5880065.004156, 490226.644116 5880065.004156, 490226.644116 5880107.190748, 490137.200000 5880107.190748, 490137.200000 5880065.004156))
4; POLYGON((490137.200000 5880065.354977, 490227.100024 5880065.354977, 490227.100024 5880103.216721, 490137.200000 5880103.216721, 490137.200000 5880065.354977))
1; POLYGON((490159.777332 5880010.558923, 490190.254987 5880010.558923, 490190.254987 5880057.311646, 490159.777332 5880057.311646, 490159.777332 5880010.558923))
