3; POLYGON((489752.933467 5882044.510901, 489837.200000 5882044.510901, 489837.200000 5882097.883078, 489752.933467 5882097.883078, 489752.933467 5882044.510901))
3; POLYGON((489746.936329 5882077.392831, 489781.402319 5882077.392831, 489781.402319 5882107.663931, 489746.936329 5882107.663931, 489746.936329 5882077.392831))
3; POLYGON((489737.211721 5882048.536292, 489749.224106 5882048.536292, 489749.224106 5882068.216077, 489737.211721 5882068.216077, 489737.211721 5882048.536292))
3; POLYGON((489792.232916 5882098.190413, 489814.296124 5882098.190413, 489814.296124 5882110.297163, 489792.232916 5882110.297163, 489792.232916 5882098.190413))
3; POLYGON((489787.391995 5882010.300000, 489837.200000 5882010.300000, 489837.200000 5882022.931470, 489787.391995 5882022.931470, 489787.391995 5882010.300000))
3; POLYGON((489786.081348 5882098.172253, 489814.336450 5882098.172253, 489814.336450 5882110.293180, 489786.081348 5882110.293180, 489786.081348 5882098.172253))
3; POLYGON((489787.306998 5882010.300000, 489837.200000 5882010.300000, 489837.200000 5882021.622064, 489787.306998 5882021.622064, 489787.306998 5882010.300000))
3; POLYGON((489742.836129 5882012.494434, 489751.678954 5882012.494434, 489751.678954 5882021.230994, 489742.836129 5882021.230994, 489742.836129 5882012.494434))
3; POLYGON((489737.217872 5882048.332983, 489749.191370 5882048.332983, 489749.191370 5882075.034296, 489737.217872 5882075.034296, 489737.217872 5882048.332983))
3; POLYGON((489787.470184 5882010.300000, 489837.200000 5882010.300000, 489837.200000 5882018.076636, 489787.470184 5882018.076636, 489787.470184 5882010.300000))
