4; POLYGON((490137.668618 5881153.186511, 490161.864246 5881153.186511, 490161.864246 5881175.309842, 490137.668618 5881175.309842, 490137.668618 5881153.186511))
4; POLYGON((490167.364209 5881176.724847, 490194.918939 5881176.724847, 490194.918939 5881199.223341, 490167.364209 5881199.223341, 490167.364209 5881176.724847))
3; POLYGON((490229.128979 5881183.215344, 490237.200000 5881183.215344, 490237.200000 5881197.348955, 490229.128979 5881197.348955, 490229.128979 5881183.215344))
0; POLYGON((490154.258896 5881156.773474, 490162.491022 5881156.773474, 490162.491022 5881163.910001, 490154.258896 5881163.910001, 490154.258896 5881156.773474))
3; POLYGON((490137.207917 5881110.356665, 490151.252136 5881110.356665, 490151.252136 5881135.701727, 490137.207917 5881135.701727, 490137.207917 5881110.356665))
3; POLYGON((490233.525903 5881203.049408, 490237.200000 5881203.049408, 490237.200000 5881210.300000, 490233.525903 5881210.300000, 490233.525903 5881203.049408))
3; POLYGON((490137.451216 5881188.541223, 490158.136627 5881188.541223, 490158.136627 5881210.300000, 490137.451216 5881210.300000, 490137.451216 5881188.541223))
3; POLYGON((490233.255737 5881202.712103, 490237.200000 5881202.712103, 490237.200000 5881210.285720, 490233.255737 5881210.285720, 490233.255737 5881202.712103))
0; POLYGON((490154.392896 5881156.692072, 490162.610490 5881156.692072, 490162.610490 5881163.343970, 490154.392896 5881163.343970, 490154.392896 5881156.692072))
3; POLYGON((490233.247565 5881203.671202, 490237.200000 5881203.671202, 490237.200000 5881210.295574, 490233.247565 5881210.295574, 490233.247565 5881203.671202))
0; POLYGON((490154.463426 5881156.521130, 490162.680960 5881156.521130, 490162.680960 5881162.677417, 490154.463426 5881162.677417, 490154.463426 5881156.521130))
