1; POLYGON((491075.736722 5880143.281708, 491107.055701 5880143.281708, 491107.055701 5880175.171158, 491075.736722 5880175.171158, 491075.736722 5880143.281708))
4; POLYGON((491047.785571 5880112.347601, 491084.622049 5880112.347601, 491084.622049 5880163.514737, 491047.785571 5880163.514737, 491047.785571 5880112.347601))
1; POLYGON((491111.240442 5880110.300000, 491137.200000 5880110.300000, 491137.200000 5880125.213525, 491111.240442 5880125.213525, 491111.240442 5880110.300000))
4; POLYGON((491114.689667 5880161.339099, 491137.200000 5880161.339099, 491137.200000 5880207.202743, 491114.689667 5880207.202743, 491114.689667 5880161.339099))
4; POLYGON((491092.953027 5880166.320279, 491104.157324 5880166.320279, 491104.157324 5880176.568835, 491092.953027 5880176.568835, 491092.953027 5880166.320279))
4; POLYGON((491114.730127 5880136.348822, 491137.200000 5880136.348822, 491137.200000 5880207.791479, 491114.730127 5880207.791479, 491114.730127 5880136.348822))
3; POLYGON((491101.739490 5880123.314661, 491121.495258 5880123.314661, 491121.495258 5880145.737549, 491101.739490 5880145.737549, 491101.739490 5880123.314661))
1; POLYGON((491073.146307 5880110.300000, 491101.064673 5880110.300000, 491101.064673 5880133.542548, 491073.146307 5880133.542548, 491073.146307 5880110.300000))
4; POLYGON((491037.206939 5880132.069995, 491045.629774 5880132.069995, 491045.629774 5880152.387115, 491037.206939 5880152.387115, 491037.206939 5880132.069995))
4; POLYGON((491101.785156 5880123.369946, 491121.646686 5880123.369946, 491121.646686 5880145.628418, 491101.785156 5880145.628418, 491101.785156 5880123.369946))
4; POLYGON((491134.596155 5880120.874493, 491137.200000 5880120.874493, 491137.200000 5880135.207886, 491134.596155 5880135.207886, 491134.596155 5880120.874493))
4; POLYGON((491134.570618 5880122.159174, 491137.200000 5880122.159174, 491137.200000 5880136.698615, 491134.570618 5880136.698615, 491134.570618 5880122.159174))
4; POLYGON((491134.644025 5880118.999396, 491137.200000 5880118.999396, 491137.200000 5880135.194727, 491134.644025 5880135.194727, 491134.644025 5880118.999396))
4; POLYGON((491037.209136 5880132.036249, 491045.644141 5880132.036249, 491045.644141 5880160.522107, 491037.209136 5880160.522107, 491037.209136 5880132.036249))
4; POLYGON((491037.204384 5880131.998621, 491045.717458 5880131.998621, 491045.717458 5880155.439673, 491037.204384 5880155.439673, 491037.204384 5880131.998621))
4; POLYGON((491134.343488 5880119.673718, 491137.200000 5880119.673718, 491137.200000 5880135.915149, 491134.343488 5880135.915149, 491134.343488 5880119.673718))
4; POLYGON((491134.351379 5880121.274994, 491137.200000 5880121.274994, 491137.200000 5880136.480499, 491134.351379 5880136.480499, 491134.351379 5880121.274994))
4; POLYGON((491134.320123 5880121.682599, 491137.200000 5880121.682599, 491137.200000 5880138.279584, 491134.320123 5880138.279584, 491134.320123 5880121.682599))
4; POLYGON((491134.453479 5880120.505688, 491137.192999 5880120.505688, 491137.192999 5880137.838153, 491134.453479 5880137.838153, 491134.453479 5880120.505688))
4; POLYGON((491134.648584 5880121.731964, 491137.200000 5880121.731964, 491137.200000 5880137.705957, 491134.648584 5880137.705957, 491134.648584 5880121.731964))
4; POLYGON((491134.654315 5880116.024792, 491137.200000 5880116.024792, 491137.200000 5880134.892175, 491134.654315 5880134.892175, 491134.654315 5880116.024792))
4; POLYGON((491134.200543 5880116.437494, 491137.200000 5880116.437494, 491137.200000 5880136.178741, 491134.200543 5880136.178741, 491134.200543 5880116.437494))
