4; POLYGON((490906.338593 5881519.196082, 490937.200000 5881519.196082, 490937.200000 5881534.802936, 490906.338593 5881534.802936, 490906.338593 5881519.196082))
4; POLYGON((490848.525323 5881582.668698, 490862.590451 5881582.668698, 490862.590451 5881597.026529, 490848.525323 5881597.026529, 490848.525323 5881582.668698))
4; POLYGON((490867.796756 5881530.744983, 490895.554175 5881530.744983, 490895.554175 5881548.064777, 490867.796756 5881548.064777, 490867.796756 5881530.744983))
4; POLYGON((490837.200000 5881554.374774, 490863.198740 5881554.374774, 490863.198740 5881568.132434, 490837.200000 5881568.132434, 490837.200000 5881554.374774))
1; POLYGON((490874.808734 5881570.988312, 490894.157623 5881570.988312, 490894.157623 5881588.342438, 490874.808734 5881588.342438, 490874.808734 5881570.988312))
2; POLYGON((490869.528781 5881568.267685, 490894.108173 5881568.267685, 490894.108173 5881588.330537, 490869.528781 5881588.330537, 490869.528781 5881568.267685))
2; POLYGON((490869.434460 5881568.229541, 490876.941803 5881568.229541, 490876.941803 5881577.837964, 490869.434460 5881577.837964, 490869.434460 5881568.229541))
4; POLYGON((490851.899261 5881525.730560, 490895.573077 5881525.730560, 490895.573077 5881547.905658, 490851.899261 5881547.905658, 490851.899261 5881525.730560))
1; POLYGON((490869.457120 5881568.680875, 490894.195990 5881568.680875, 490894.195990 5881588.309964, 490869.457120 5881588.309964, 490869.457120 5881568.680875))
4; POLYGON((490837.200000 5881554.655420, 490854.130560 5881554.655420, 490854.130560 5881568.059174, 490837.200000 5881568.059174, 490837.200000 5881554.655420))
4; POLYGON((490869.444037 5881568.243817, 490894.130579 5881568.243817, 490894.130579 5881588.276196, 490869.444037 5881588.276196, 490869.444037 5881568.243817))
