3; POLYGON((489262.257642 5880350.008130, 489300.852228 5880350.008130, 489300.852228 5880398.619862, 489262.257642 5880398.619862, 489262.257642 5880350.008130))
3; POLYGON((489253.409488 5880334.791638, 489268.976273 5880334.791638, 489268.976273 5880352.106189, 489253.409488 5880352.106189, 489253.409488 5880334.791638))
3; POLYGON((489249.559857 5880352.021912, 489263.748807 5880352.021912, 489263.748807 5880369.943146, 489249.559857 5880369.943146, 489249.559857 5880352.021912))
4; POLYGON((489274.178632 5880361.458157, 489284.339722 5880361.458157, 489284.339722 5880368.800662, 489274.178632 5880368.800662, 489274.178632 5880361.458157))
4; POLYGON((489274.964825 5880361.277997, 489284.327371 5880361.277997, 489284.327371 5880368.269095, 489274.964825 5880368.269095, 489274.964825 5880361.277997))
3; POLYGON((489314.329205 5880318.041504, 489331.714520 5880318.041504, 489331.714520 5880334.826270, 489314.329205 5880334.826270, 489314.329205 5880318.041504))
3; POLYGON((489241.677534 5880330.202246, 489250.252466 5880330.202246, 489250.252466 5880340.052148, 489241.677534 5880340.052148, 489241.677534 5880330.202246))
3; POLYGON((489237.200000 5880351.900128, 489263.513986 5880351.900128, 489263.513986 5880370.241400, 489237.200000 5880370.241400, 489237.200000 5880351.900128))
3; POLYGON((489335.325452 5880324.960663, 489337.200000 5880324.960663, 489337.200000 5880338.049481, 489335.325452 5880338.049481, 489335.325452 5880324.960663))
3; POLYGON((489237.200115 5880338.674518, 489246.288783 5880338.674518, 489246.288783 5880350.558618, 489237.200115 5880350.558618, 489237.200115 5880338.674518))
4; POLYGON((489273.373645 5880361.591296, 489284.413437 5880361.591296, 489284.413437 5880373.326514, 489273.373645 5880373.326514, 489273.373645 5880361.591296))
3; POLYGON((489271.201553 5880310.300000, 489304.999646 5880310.300000, 489304.999646 5880326.450745, 489271.201553 5880326.450745, 489271.201553 5880310.300000))
3; POLYGON((489255.043883 5880334.727087, 489268.988245 5880334.727087, 489268.988245 5880346.941650, 489255.043883 5880346.941650, 489255.043883 5880334.727087))
3; POLYGON((489256.600221 5880310.300000, 489305.182208 5880310.300000, 489305.182208 5880326.410974, 489256.600221 5880326.410974, 489256.600221 5880310.300000))
