4; POLYGON((490793.688318 5880931.052332, 490801.329492 5880931.052332, 490801.329492 5880938.855615, 490793.688318 5880938.855615, 490793.688318 5880931.052332))
3; POLYGON((490793.771887 5880930.924432, 490801.316400 5880930.924432, 490801.316400 5880938.711389, 490793.771887 5880938.711389, 490793.771887 5880930.924432))
4; POLYGON((490747.370592 5880910.300000, 490756.190926 5880910.300000, 490756.190926 5880916.485956, 490747.370592 5880916.485956, 490747.370592 5880910.300000))
4; POLYGON((490773.037482 5880910.300000, 490780.515240 5880910.300000, 490780.515240 5880914.759235, 490773.037482 5880914.759235, 490773.037482 5880910.300000))
4; POLYGON((490792.764398 5881002.554782, 490824.366736 5881002.554782, 490824.366736 5881010.300000, 490792.764398 5881010.300000, 490792.764398 5881002.554782))
3; POLYGON((490772.898987 5880910.300000, 490780.638895 5880910.300000, 490780.638895 5880914.742816, 490772.898987 5880914.742816, 490772.898987 5880910.300000))
4; POLYGON((490798.805365 5881002.886015, 490823.458868 5881002.886015, 490823.458868 5881010.300000, 490798.805365 5881010.300000, 490798.805365 5881002.886015))
4; POLYGON((490783.238113 5880919.799963, 490790.667389 5880919.799963, 490790.667389 5880926.726971, 490783.238113 5880926.726971, 490783.238113 5880919.799963))
4; POLYGON((490783.837842 5880920.064105, 490790.760626 5880920.064105, 490790.760626 5880926.724304, 490783.837842 5880926.724304, 490783.837842 5880920.064105))
4; POLYGON((490789.858636 5881002.852814, 490824.439020 5881002.852814, 490824.439020 5881010.300000, 490789.858636 5881010.300000, 490789.858636 5881002.852814))
4; POLYGON((490801.383539 5881002.764433, 490823.986029 5881002.764433, 490823.986029 5881010.300000, 490801.383539 5881010.300000, 490801.383539 5881002.764433))
4; POLYGON((490795.119214 5881002.646405, 490830.369971 5881002.646405, 490830.369971 5881010.300000, 490795.119214 5881010.300000, 490795.119214 5881002.646405))
