3; POLYGON((489669.809137 5881481.729529, 489710.582147 5881481.729529, 489710.582147 5881510.288398, 489669.809137 5881510.288398, 489669.809137 5881481.729529))
3; POLYGON((489714.105591 5881410.300000, 489730.720435 5881410.300000, 489730.720435 5881422.099756, 489714.105591 5881422.099756, 489714.105591 5881410.300000))
3; POLYGON((489687.201047 5881433.316467, 489708.045911 5881433.316467, 489708.045911 5881465.351846, 489687.201047 5881465.351846, 489687.201047 5881433.316467))
3; POLYGON((489707.780719 5881503.165192, 489733.624323 5881503.165192, 489733.624323 5881510.300000, 489707.780719 5881510.300000, 489707.780719 5881503.165192))
3; POLYGON((489732.238287 5881414.101385, 489737.200000 5881414.101385, 489737.200000 5881429.327179, 489732.238287 5881429.327179, 489732.238287 5881414.101385))
3; POLYGON((489640.369039 5881415.987708, 489657.441179 5881415.987708, 489657.441179 5881435.114264, 489640.369039 5881435.114264, 489640.369039 5881415.987708))
3; POLYGON((489720.595264 5881443.489520, 489737.200000 5881443.489520, 489737.200000 5881464.810101, 489720.595264 5881464.810101, 489720.595264 5881443.489520))
3; POLYGON((489637.209799 5881493.534949, 489642.930006 5881493.534949, 489642.930006 5881510.300000, 489637.209799 5881510.300000, 489637.209799 5881493.534949))
3; POLYGON((489707.522723 5881503.191308, 489731.333179 5881503.191308, 489731.333179 5881510.300000, 489707.522723 5881510.300000, 489707.522723 5881503.191308))
3; POLYGON((489637.200000 5881436.439838, 489651.901738 5881436.439838, 489651.901738 5881460.661203, 489637.200000 5881460.661203, 489637.200000 5881436.439838))
3; POLYGON((489643.719015 5881410.300000, 489659.073087 5881410.300000, 489659.073087 5881412.876843, 489643.719015 5881412.876843, 489643.719015 5881410.300000))
3; POLYGON((489682.980066 5881410.300000, 489713.695062 5881410.300000, 489713.695062 5881412.549750, 489682.980066 5881412.549750, 489682.980066 5881410.300000))
3; POLYGON((489643.422342 5881410.300000, 489659.273679 5881410.300000, 489659.273679 5881413.087177, 489643.422342 5881413.087177, 489643.422342 5881410.300000))
3; POLYGON((489642.438637 5881410.300000, 489658.698810 5881410.300000, 489658.698810 5881412.642328, 489642.438637 5881412.642328, 489642.438637 5881410.300000))
3; POLYGON((489694.762482 5881410.300000, 489714.029224 5881410.300000, 489714.029224 5881412.564673, 489694.762482 5881412.564673, 489694.762482 5881410.300000))
4; POLYGON((489707.671033 5881439.790570, 489723.011005 5881439.790570, 489723.011005 5881451.809967, 489707.671033 5881451.809967, 489707.671033 5881439.790570))
3; POLYGON((489720.643768 5881443.512219, 489737.200000 5881443.512219, 489737.200000 5881469.622391, 489720.643768 5881469.622391, 489720.643768 5881443.512219))
3; POLYGON((489689.446027 5881410.300000, 489713.724402 5881410.300000, 489713.724402 5881412.386768, 489689.446027 5881412.386768, 489689.446027 5881410.300000))
3; POLYGON((489644.933285 5881410.300000, 489659.746773 5881410.300000, 489659.746773 5881413.128986, 489644.933285 5881413.128986, 489644.933285 5881410.300000))
3; POLYGON((489696.656213 5881410.300000, 489714.199554 5881410.300000, 489714.199554 5881412.343945, 489696.656213 5881412.343945, 489696.656213 5881410.300000))
3; POLYGON((489691.893683 5881410.300000, 489713.827118 5881410.300000, 489713.827118 5881412.330475, 489691.893683 5881412.330475, 489691.893683 5881410.300000))
3; POLYGON((489645.634390 5881410.300000, 489659.819756 5881410.300000, 489659.819756 5881412.740063, 489645.634390 5881412.740063, 489645.634390 5881410.300000))
3; POLYGON((489720.662378 5881443.589960, 489737.190149 5881443.589960, 489737.190149 5881472.709097, 489720.662378 5881472.709097, 489720.662378 5881443.589960))
3; POLYGON((489641.738657 5881410.300000, 489658.553513 5881410.300000, 489658.553513 5881412.500671, 489641.738657 5881412.500671, 489641.738657 5881410.300000))
3; POLYGON((489694.317395 5881410.300000, 489713.993469 5881410.300000, 489713.993469 5881412.312354, 489694.317395 5881412.312354, 489694.317395 5881410.300000))
3; POLYGON((489707.705859 5881503.156444, 489728.562109 5881503.156444, 489728.562109 5881510.300000, 489707.705859 5881510.300000, 489707.705859 5881503.156444))
3; POLYGON((489686.771161 5881410.300000, 489713.630023 5881410.300000, 489713.630023 5881412.348810, 489686.771161 5881412.348810, 489686.771161 5881410.300000))
3; POLYGON((489699.646271 5881410.300000, 489714.005933 5881410.300000, 489714.005933 5881412.348010, 489699.646271 5881412.348010, 489699.646271 5881410.300000))
