3; POLYGON((489780.713916 5881543.971613, 489837.200000 5881543.971613, 489837.200000 5881591.636505, 489780.713916 5881591.636505, 489780.713916 5881543.971613))
3; POLYGON((489772.245395 5881539.748859, 489786.060034 5881539.748859, 489786.060034 5881554.713916, 489772.245395 5881554.713916, 489772.245395 5881539.748859))
3; POLYGON((489738.690499 5881521.990979, 489751.816133 5881521.990979, 489751.816133 5881535.410883, 489738.690499 5881535.410883, 489738.690499 5881521.990979))
3; POLYGON((489753.004254 5881523.009149, 489765.792172 5881523.009149, 489765.792172 5881538.127142, 489753.004254 5881538.127142, 489753.004254 5881523.009149))
3; POLYGON((489737.200000 5881553.884497, 489786.386697 5881553.884497, 489786.386697 5881598.126670, 489737.200000 5881598.126670, 489737.200000 5881553.884497))
3; POLYGON((489737.208114 5881514.288910, 489739.958308 5881514.288910, 489739.958308 5881529.196820, 489737.208114 5881529.196820, 489737.208114 5881514.288910))
4; POLYGON((489737.200000 5881553.094012, 489754.536368 5881553.094012, 489754.536368 5881580.915509, 489737.200000 5881580.915509, 489737.200000 5881553.094012))
3; POLYGON((489821.021539 5881604.681810, 489835.748181 5881604.681810, 489835.748181 5881610.291907, 489821.021539 5881610.291907, 489821.021539 5881604.681810))
3; POLYGON((489737.200000 5881513.630835, 489739.814813 5881513.630835, 489739.814813 5881529.717865, 489737.200000 5881529.717865, 489737.200000 5881513.630835))
3; POLYGON((489737.206953 5881513.888885, 489739.801050 5881513.888885, 489739.801050 5881528.496564, 489737.206953 5881528.496564, 489737.206953 5881513.888885))
3; POLYGON((489737.200000 5881608.199647, 489750.475391 5881608.199647, 489750.475391 5881610.294265, 489737.200000 5881610.294265, 489737.200000 5881608.199647))
