3; POLYGON((489968.862946 5880972.298996, 490007.512061 5880972.298996, 490007.512061 5880998.721265, 489968.862946 5880998.721265, 489968.862946 5880972.298996))
3; POLYGON((489953.105052 5880947.729248, 489993.249884 5880947.729248, 489993.249884 5880975.266174, 489953.105052 5880975.266174, 489953.105052 5880947.729248))
3; POLYGON((489938.318991 5880995.844269, 489968.271109 5880995.844269, 489968.271109 5881010.290889, 489938.318991 5881010.290889, 489938.318991 5880995.844269))
3; POLYGON((490005.846747 5880931.387024, 490034.369073 5880931.387024, 490034.369073 5880952.472595, 490005.846747 5880952.472595, 490005.846747 5880931.387024))
3; POLYGON((490017.419226 5880953.998743, 490037.200000 5880953.998743, 490037.200000 5880975.572000, 490017.419226 5880975.572000, 490017.419226 5880953.998743))
3; POLYGON((489937.200000 5880910.300000, 489963.813586 5880910.300000, 489963.813586 5880923.584857, 489937.200000 5880923.584857, 489937.200000 5880910.300000))
3; POLYGON((489937.200382 5880973.458511, 489946.909617 5880973.458511, 489946.909617 5880990.043169, 489937.200382 5880990.043169, 489937.200382 5880973.458511))
3; POLYGON((490032.374664 5880922.109747, 490037.200000 5880922.109747, 490037.200000 5880938.428448, 490032.374664 5880938.428448, 490032.374664 5880922.109747))
3; POLYGON((489937.200000 5880973.439371, 489946.941684 5880973.439371, 489946.941684 5880992.062555, 489937.200000 5880992.062555, 489937.200000 5880973.439371))
3; POLYGON((489937.212635 5880973.448895, 489946.936615 5880973.448895, 489946.936615 5880994.515582, 489937.212635 5880994.515582, 489937.212635 5880973.448895))
3; POLYGON((489937.206343 5880973.394632, 489946.963963 5880973.394632, 489946.963963 5880996.756720, 489937.206343 5880996.756720, 489937.206343 5880973.394632))
3; POLYGON((490033.029364 5880923.468799, 490037.200000 5880923.468799, 490037.200000 5880938.608417, 490033.029364 5880938.608417, 490033.029364 5880923.468799))
3; POLYGON((489937.222133 5880973.456079, 489946.935641 5880973.456079, 489946.935641 5880999.568288, 489937.222133 5880999.568288, 489937.222133 5880973.456079))
3; POLYGON((490032.325134 5880917.007220, 490037.200000 5880917.007220, 490037.200000 5880938.349225, 490032.325134 5880938.349225, 490032.325134 5880917.007220))
