4; POLYGON((490397.223291 5880710.300000, 490408.215723 5880710.300000, 490408.215723 5880729.122284, 490397.223291 5880729.122284, 490397.223291 5880710.300000))
4; POLYGON((490374.957443 5880710.300000, 490394.017444 5880710.300000, 490394.017444 5880733.367505, 490374.957443 5880733.367505, 490374.957443 5880710.300000))
4; POLYGON((490337.205561 5880771.923636, 490373.163562 5880771.923636, 490373.163562 5880801.786282, 490337.205561 5880801.786282, 490337.205561 5880771.923636))
4; POLYGON((490345.768561 5880710.300000, 490372.516589 5880710.300000, 490372.516589 5880739.928162, 490345.768561 5880739.928162, 490345.768561 5880710.300000))
3; POLYGON((490347.477801 5880770.692795, 490357.121558 5880770.692795, 490357.121558 5880783.863010, 490347.477801 5880783.863010, 490347.477801 5880770.692795))
4; POLYGON((490415.246375 5880753.405347, 490429.070258 5880753.405347, 490429.070258 5880761.461121, 490415.246375 5880761.461121, 490415.246375 5880753.405347))
4; POLYGON((490395.574103 5880773.642819, 490402.806219 5880773.642819, 490402.806219 5880780.821732, 490395.574103 5880780.821732, 490395.574103 5880773.642819))
3; POLYGON((490424.025757 5880765.310672, 490435.754047 5880765.310672, 490435.754047 5880782.134106, 490424.025757 5880782.134106, 490424.025757 5880765.310672))
4; POLYGON((490414.610156 5880710.470892, 490437.200000 5880710.470892, 490437.200000 5880725.174902, 490414.610156 5880725.174902, 490414.610156 5880710.470892))
3; POLYGON((490380.945013 5880762.648557, 490394.423816 5880762.648557, 490394.423816 5880779.221902, 490380.945013 5880779.221902, 490380.945013 5880762.648557))
3; POLYGON((490405.347931 5880764.557431, 490421.390662 5880764.557431, 490421.390662 5880783.248697, 490405.347931 5880783.248697, 490405.347931 5880764.557431))
3; POLYGON((490337.209259 5880715.208380, 490343.693982 5880715.208380, 490343.693982 5880732.877704, 490337.209259 5880732.877704, 490337.209259 5880715.208380))
4; POLYGON((490379.417902 5880799.841246, 490387.981659 5880799.841246, 490387.981659 5880808.731122, 490379.417902 5880808.731122, 490379.417902 5880799.841246))
3; POLYGON((490364.297089 5880794.170764, 490382.726935 5880794.170764, 490382.726935 5880810.300000, 490364.297089 5880810.300000, 490364.297089 5880794.170764))
3; POLYGON((490415.062201 5880753.420984, 490429.139362 5880753.420984, 490429.139362 5880761.510013, 490415.062201 5880761.510013, 490415.062201 5880753.420984))
