3; POLYGON((490380.799707 5880499.432080, 490399.784290 5880499.432080, 490399.784290 5880510.300000, 490380.799707 5880510.300000, 490380.799707 5880499.432080))
3; POLYGON((490337.200000 5880433.328082, 490395.925464 5880433.328082, 490395.925464 5880490.538176, 490337.200000 5880490.538176, 490337.200000 5880433.328082))
3; POLYGON((490401.797461 5880494.073660, 490429.348395 5880494.073660, 490429.348395 5880510.298097, 490401.797461 5880510.298097, 490401.797461 5880494.073660))
3; POLYGON((490337.200000 5880414.686743, 490359.360992 5880414.686743, 490359.360992 5880436.386237, 490337.200000 5880436.386237, 490337.200000 5880414.686743))
3; POLYGON((490388.347409 5880410.300000, 490399.946332 5880410.300000, 490399.946332 5880432.305255, 490388.347409 5880432.305255, 490388.347409 5880410.300000))
4; POLYGON((490359.206963 5880410.300000, 490374.097681 5880410.300000, 490374.097681 5880428.392444, 490359.206963 5880428.392444, 490359.206963 5880410.300000))
3; POLYGON((490435.261224 5880493.989020, 490437.200000 5880493.989020, 490437.200000 5880508.932073, 490435.261224 5880508.932073, 490435.261224 5880493.989020))
3; POLYGON((490434.960596 5880493.625851, 490437.191785 5880493.625851, 490437.191785 5880509.459578, 490434.960596 5880509.459578, 490434.960596 5880493.625851))
3; POLYGON((490337.267461 5880443.137787, 490384.118515 5880443.137787, 490384.118515 5880487.821671, 490337.267461 5880487.821671, 490337.267461 5880443.137787))
3; POLYGON((490379.109927 5880433.079913, 490395.816705 5880433.079913, 490395.816705 5880450.308765, 490379.109927 5880450.308765, 490379.109927 5880433.079913))
