4; POLYGON((490282.913083 5881483.282632, 490291.294745 5881483.282632, 490291.294745 5881493.819972, 490282.913083 5881493.819972, 490282.913083 5881483.282632))
4; POLYGON((490329.480048 5881433.295868, 490337.200000 5881433.295868, 490337.200000 5881440.302417, 490329.480048 5881440.302417, 490329.480048 5881433.295868))
2; POLYGON((490311.200616 5881410.300000, 490337.200000 5881410.300000, 490337.200000 5881423.440002, 490311.200616 5881423.440002, 490311.200616 5881410.300000))
3; POLYGON((490295.404089 5881484.188156, 490312.497076 5881484.188156, 490312.497076 5881497.222285, 490295.404089 5881497.222285, 490295.404089 5881484.188156))
3; POLYGON((490315.466888 5881485.302591, 490336.157568 5881485.302591, 490336.157568 5881499.403643, 490315.466888 5881499.403643, 490315.466888 5881485.302591))
4; POLYGON((490238.933687 5881496.657877, 490274.707629 5881496.657877, 490274.707629 5881510.300000, 490238.933687 5881510.300000, 490238.933687 5881496.657877))
4; POLYGON((490288.776044 5881495.921837, 490293.745581 5881495.921837, 490293.745581 5881503.521756, 490288.776044 5881503.521756, 490288.776044 5881495.921837))
2; POLYGON((490313.482678 5881410.300000, 490337.200000 5881410.300000, 490337.200000 5881423.266089, 490313.482678 5881423.266089, 490313.482678 5881410.300000))
1; POLYGON((490313.280817 5881410.300000, 490337.200000 5881410.300000, 490337.200000 5881423.270343, 490313.280817 5881423.270343, 490313.280817 5881410.300000))
2; POLYGON((490314.857434 5881410.323285, 490330.554102 5881410.323285, 490330.554102 5881423.311542, 490314.857434 5881423.311542, 490314.857434 5881410.323285))
2; POLYGON((490302.935645 5881410.300000, 490330.286499 5881410.300000, 490330.286499 5881432.868842, 490302.935645 5881432.868842, 490302.935645 5881410.300000))
4; POLYGON((490302.980841 5881410.300000, 490337.200000 5881410.300000, 490337.200000 5881432.999207, 490302.980841 5881432.999207, 490302.980841 5881410.300000))
2; POLYGON((490312.137030 5881410.322217, 490327.038354 5881410.322217, 490327.038354 5881425.401569, 490312.137030 5881425.401569, 490312.137030 5881410.322217))
4; POLYGON((490237.206927 5881474.235101, 490240.876822 5881474.235101, 490240.876822 5881487.713057, 490237.206927 5881487.713057, 490237.206927 5881474.235101))
1; POLYGON((490302.863763 5881410.310895, 490329.058881 5881410.310895, 490329.058881 5881432.818085, 490302.863763 5881432.818085, 490302.863763 5881410.310895))
2; POLYGON((490315.014508 5881410.407458, 490326.771753 5881410.407458, 490326.771753 5881425.659857, 490315.014508 5881425.659857, 490315.014508 5881410.407458))
