3; POLYGON((491118.979761 5882587.912869, 491137.061011 5882587.912869, 491137.061011 5882607.708635, 491118.979761 5882607.708635, 491118.979761 5882587.912869))
3; POLYGON((491081.200836 5882554.828949, 491095.721753 5882554.828949, 491095.721753 5882570.037262, 491081.200836 5882570.037262, 491081.200836 5882554.828949))
3; POLYGON((491091.667255 5882518.074988, 491110.258398 5882518.074988, 491110.258398 5882535.506940, 491091.667255 5882535.506940, 491091.667255 5882518.074988))
3; POLYGON((491088.165128 5882539.271423, 491101.983057 5882539.271423, 491101.983057 5882549.988147, 491088.165128 5882549.988147, 491088.165128 5882539.271423))
3; POLYGON((491119.599365 5882553.904175, 491137.200000 5882553.904175, 491137.200000 5882573.827075, 491119.599365 5882573.827075, 491119.599365 5882553.904175))
3; POLYGON((491037.208615 5882550.351459, 491045.427898 5882550.351459, 491045.427898 5882560.854785, 491037.208615 5882560.854785, 491037.208615 5882550.351459))
3; POLYGON((491088.275824 5882539.221838, 491106.471893 5882539.221838, 491106.471893 5882550.226965, 491088.275824 5882550.226965, 491088.275824 5882539.221838))
4; POLYGON((491040.562779 5882510.507587, 491057.558937 5882510.507587, 491057.558937 5882524.443628, 491040.562779 5882524.443628, 491040.562779 5882510.507587))
3; POLYGON((491081.065805 5882554.689581, 491099.574646 5882554.689581, 491099.574646 5882572.888193, 491081.065805 5882572.888193, 491081.065805 5882554.689581))
4; POLYGON((491037.207795 5882510.300000, 491057.547566 5882510.300000, 491057.547566 5882529.429749, 491037.207795 5882529.429749, 491037.207795 5882510.300000))
