4; POLYGON((488237.200000 5881292.888094, 488262.046538 5881292.888094, 488262.046538 5881310.291752, 488237.200000 5881310.291752, 488237.200000 5881292.888094))
2; POLYGON((488274.746698 5881249.071936, 488289.229468 5881249.071936, 488289.229468 5881258.904687, 488274.746698 5881258.904687, 488274.746698 5881249.071936))
2; POLYGON((488316.310687 5881224.640430, 488329.413281 5881224.640430, 488329.413281 5881235.921368, 488316.310687 5881235.921368, 488316.310687 5881224.640430))
2; POLYGON((488288.659784 5881240.166888, 488302.353595 5881240.166888, 488302.353595 5881250.749292, 488288.659784 5881250.749292, 488288.659784 5881240.166888))
4; POLYGON((488252.391992 5881279.700449, 488265.748743 5881279.700449, 488265.748743 5881286.844597, 488252.391992 5881286.844597, 488252.391992 5881279.700449))
3; POLYGON((488295.898291 5881287.950793, 488320.871472 5881287.950793, 488320.871472 5881310.300000, 488295.898291 5881310.300000, 488295.898291 5881287.950793))
2; POLYGON((488237.325369 5881230.590747, 488284.746582 5881230.590747, 488284.746582 5881252.031873, 488237.325369 5881252.031873, 488237.325369 5881230.590747))
2; POLYGON((488237.200000 5881230.704022, 488292.456647 5881230.704022, 488292.456647 5881254.428387, 488237.200000 5881254.428387, 488237.200000 5881230.704022))
2; POLYGON((488237.200000 5881230.612793, 488285.593021 5881230.612793, 488285.593021 5881254.770789, 488237.200000 5881254.770789, 488237.200000 5881230.612793))
2; POLYGON((488250.768335 5881261.682776, 488265.701993 5881261.682776, 488265.701993 5881270.224463, 488250.768335 5881270.224463, 488250.768335 5881261.682776))
4; POLYGON((488274.912021 5881271.222916, 488283.220883 5881271.222916, 488283.220883 5881278.574493, 488274.912021 5881278.574493, 488274.912021 5881271.222916))
2; POLYGON((488237.434184 5881230.273376, 488284.493906 5881230.273376, 488284.493906 5881247.759808, 488237.434184 5881247.759808, 488237.434184 5881230.273376))
4; POLYGON((488274.895456 5881271.262793, 488282.878992 5881271.262793, 488282.878992 5881277.944580, 488274.895456 5881277.944580, 488274.895456 5881271.262793))
3; POLYGON((488319.547223 5881252.036084, 488337.200000 5881252.036084, 488337.200000 5881286.421332, 488319.547223 5881286.421332, 488319.547223 5881252.036084))
2; POLYGON((488237.200000 5881231.476843, 488298.868762 5881231.476843, 488298.868762 5881256.410583, 488237.200000 5881256.410583, 488237.200000 5881231.476843))
