3; POLYGON((489010.366400 5882519.395844, 489037.200000 5882519.395844, 489037.200000 5882559.739267, 489010.366400 5882559.739267, 489010.366400 5882519.395844))
3; POLYGON((488951.790906 5882598.052325, 488966.247119 5882598.052325, 488966.247119 5882610.300000, 488951.790906 5882610.300000, 488951.790906 5882598.052325))
3; POLYGON((488937.202982 5882510.830585, 488946.022026 5882510.830585, 488946.022026 5882529.254749, 488937.202982 5882529.254749, 488937.202982 5882510.830585))
3; POLYGON((488947.620519 5882510.300000, 488968.377078 5882510.300000, 488968.377078 5882518.327606, 488947.620519 5882518.327606, 488947.620519 5882510.300000))
3; POLYGON((488959.805820 5882528.871716, 488984.253003 5882528.871716, 488984.253003 5882556.859412, 488959.805820 5882556.859412, 488959.805820 5882528.871716))
3; POLYGON((488942.948729 5882579.526804, 488959.503793 5882579.526804, 488959.503793 5882597.329875, 488942.948729 5882597.329875, 488942.948729 5882579.526804))
3; POLYGON((489034.215698 5882574.715601, 489037.200000 5882574.715601, 489037.200000 5882589.834239, 489034.215698 5882589.834239, 489034.215698 5882574.715601))
3; POLYGON((488980.661090 5882582.235818, 489010.178668 5882582.235818, 489010.178668 5882610.169674, 488980.661090 5882610.169674, 488980.661090 5882582.235818))
3; POLYGON((488937.233905 5882555.649506, 488953.950090 5882555.649506, 488953.950090 5882571.823172, 488937.233905 5882571.823172, 488937.233905 5882555.649506))
3; POLYGON((488980.691061 5882582.343359, 489013.265228 5882582.343359, 489013.265228 5882610.221671, 488980.691061 5882610.221671, 488980.691061 5882582.343359))
3; POLYGON((488974.614328 5882561.160080, 488996.424707 5882561.160080, 488996.424707 5882583.876590, 488974.614328 5882583.876590, 488974.614328 5882561.160080))
3; POLYGON((489001.568280 5882510.300000, 489017.123651 5882510.300000, 489017.123651 5882517.640808, 489001.568280 5882517.640808, 489001.568280 5882510.300000))
