3; POLYGON((490791.204871 5880754.934796, 490799.664697 5880754.934796, 490799.664697 5880763.045621, 490791.204871 5880763.045621, 490791.204871 5880754.934796))
4; POLYGON((490764.804770 5880760.529620, 490771.430399 5880760.529620, 490771.430399 5880766.785022, 490764.804770 5880766.785022, 490764.804770 5880760.529620))
4; POLYGON((490751.019479 5880781.401801, 490758.266348 5880781.401801, 490758.266348 5880787.895274, 490751.019479 5880787.895274, 490751.019479 5880781.401801))
4; POLYGON((490833.330316 5880713.483282, 490837.200000 5880713.483282, 490837.200000 5880720.190137, 490833.330316 5880720.190137, 490833.330316 5880713.483282))
4; POLYGON((490776.506192 5880738.379749, 490781.969208 5880738.379749, 490781.969208 5880743.366522, 490776.506192 5880743.366522, 490776.506192 5880738.379749))
4; POLYGON((490762.755293 5880712.421265, 490769.351010 5880712.421265, 490769.351010 5880718.847278, 490762.755293 5880718.847278, 490762.755293 5880712.421265))
4; POLYGON((490775.275235 5880749.995709, 490783.208673 5880749.995709, 490783.208673 5880757.089282, 490775.275235 5880757.089282, 490775.275235 5880749.995709))
4; POLYGON((490741.409785 5880794.040703, 490749.527225 5880794.040703, 490749.527225 5880801.450999, 490741.409785 5880801.450999, 490741.409785 5880794.040703))
4; POLYGON((490833.296619 5880712.970117, 490837.200000 5880712.970117, 490837.200000 5880720.057587, 490833.296619 5880720.057587, 490833.296619 5880712.970117))
4; POLYGON((490748.564671 5880761.956995, 490756.402771 5880761.956995, 490756.402771 5880768.557684, 490748.564671 5880768.557684, 490748.564671 5880761.956995))
4; POLYGON((490833.896063 5880737.322363, 490837.200000 5880737.322363, 490837.200000 5880745.013080, 490833.896063 5880745.013080, 490833.896063 5880737.322363))
3; POLYGON((490775.253799 5880749.924280, 490783.270224 5880749.924280, 490783.270224 5880757.124207, 490775.253799 5880757.124207, 490775.253799 5880749.924280))
4; POLYGON((490753.949110 5880725.509027, 490757.841823 5880725.509027, 490757.841823 5880729.449652, 490753.949110 5880729.449652, 490753.949110 5880725.509027))
