4; POLYGON((491509.617169 5880110.300000, 491537.200000 5880110.300000, 491537.200000 5880146.749292, 491509.617169 5880146.749292, 491509.617169 5880110.300000))
4; POLYGON((491457.520628 5880151.910999, 491506.522119 5880151.910999, 491506.522119 5880204.340597, 491457.520628 5880204.340597, 491457.520628 5880151.910999))
4; POLYGON((491437.954261 5880110.310370, 491501.336237 5880110.310370, 491501.336237 5880137.528296, 491437.954261 5880137.528296, 491437.954261 5880110.310370))
4; POLYGON((491437.200000 5880133.041394, 491454.885686 5880133.041394, 491454.885686 5880185.572922, 491437.200000 5880185.572922, 491437.200000 5880133.041394))
2; POLYGON((491470.473917 5880187.328683, 491474.854034 5880187.328683, 491474.854034 5880191.889238, 491470.473917 5880191.889238, 491470.473917 5880187.328683))
1; POLYGON((491437.212970 5880202.431757, 491458.642206 5880202.431757, 491458.642206 5880210.293036, 491437.212970 5880210.293036, 491437.212970 5880202.431757))
1; POLYGON((491437.200000 5880202.532091, 491451.810135 5880202.532091, 491451.810135 5880210.300000, 491437.200000 5880210.300000, 491437.200000 5880202.532091))
4; POLYGON((491437.200000 5880141.406805, 491454.651640 5880141.406805, 491454.651640 5880184.522989, 491437.200000 5880184.522989, 491437.200000 5880141.406805))
1; POLYGON((491437.200000 5880202.496578, 491453.774350 5880202.496578, 491453.774350 5880210.300000, 491437.200000 5880210.300000, 491437.200000 5880202.496578))
4; POLYGON((491517.919244 5880148.581329, 491531.844568 5880148.581329, 491531.844568 5880163.750330, 491517.919244 5880163.750330, 491517.919244 5880148.581329))
4; POLYGON((491437.203561 5880129.921039, 491456.748892 5880129.921039, 491456.748892 5880184.384622, 491437.203561 5880184.384622, 491437.203561 5880129.921039))
4; POLYGON((491438.716971 5880110.309888, 491484.095309 5880110.309888, 491484.095309 5880137.544324, 491438.716971 5880137.544324, 491438.716971 5880110.309888))
4; POLYGON((491457.419647 5880173.592178, 491488.142841 5880173.592178, 491488.142841 5880204.300858, 491457.419647 5880204.300858, 491457.419647 5880173.592178))
2; POLYGON((491470.110602 5880187.146803, 491474.856299 5880187.146803, 491474.856299 5880191.862169, 491470.110602 5880191.862169, 491470.110602 5880187.146803))
4; POLYGON((491437.200000 5880113.406873, 491457.687369 5880113.406873, 491457.687369 5880185.748264, 491437.200000 5880185.748264, 491437.200000 5880113.406873))
1; POLYGON((491446.660976 5880205.408305, 491458.265923 5880205.408305, 491458.265923 5880210.300000, 491446.660976 5880210.300000, 491446.660976 5880205.408305))
